0.001	1
0.002	1
0.003	1
0.004	1
0.005	1
0.006	1
0.007	1
0.008	1
0.009	1
0.01	1.0245098039215685
0.02	1.0973236009732361
0.03	1.1374045801526718
0.04	1.1906354515050168
0.05	1.5565217391304347
0.06	1.2571428571428571
0.07	1.1862745098039216
0.08	1.2266666666666666
0.09	1.3620689655172413
0.1	1.2509702457956016
0.2	1.7
0.3	2.256188831318365
0.4	2.625158027812895
0.5	3.0347907851433944
0.6	3.7010309278350517
0.7	4.165048543689321
0.8	4.543994413407821
0.9	4.898854961832061
1.0	5.1072910491997625
2.0	5.03125
3.0	4.887417218543046
4.0	4.764006791171477
5.0	4.623052959501558
6.0	4.428303655107779
7.0	4.159891598915989
8.0	3.933894230769231
9.0	3.8125
10.0	3.5225694444444446
20.0	3.1575520833333335
30.0	3.0390625
50.0	3
