0.001	1
0.002	1
0.003	1
0.004	1
0.005	1
0.006	1
0.007	1
0.008	1
0.009	1
0.01	1
0.02	1.002290076335878
0.03	1.0027678924476078
0.04	1.0068288518992745
0.05	1.014268727705113
0.06	1.0295823665893271
0.07	1.046286329386437
0.08	1.05719794344473
0.09	1.0486700622524052
0.1	1.0897628687102372
0.2	1.3154089918795802
0.3	1.5232323232323233
0.4	1.264180569185476
0.5	1.293502824858757
0.6	1.3855791016926562
0.7	1.5810115987085973
0.8	1.6859858938975774
0.9	1.8886961549580803
1.0	2.3777427799178494
2.0	2.769344860300111
3.0	2.790229734679994
4.0	2.7904809871568874
5.0	2.7969675979373507
6.0	2.802233804914371
7.0	2.833128187093371
8.0	2.854029747492217
9.0	2.889023283943151
10.0	2.9434214434214434
20.0	2.9954900781719784
30.0	3
0.001	1
0.002	1
0.003	1
0.004	1
0.005	1
0.006	1
0.007	1
0.008	1
0.009	1
0.01	1
0.02	1
0.03	1.0003937007874015
0.04	1.001081860800577
0.05	1.0044356826022671
0.06	1.0065822784810126
0.07	1.014643363249882
0.08	1.0223274695534506
0.09	1.0326504481434058
0.1	1.0653061224489795
0.2	1.2074391988555078
0.3	1.365190222385591
0.4	1.1869300911854104
0.5	1.280450801907239
0.6	1.3319781078967943
0.7	1.4258972372837593
0.8	1.5873684210526315
0.9	1.7034700315457414
1.0	2.201040805212094
2.0	2.6982509894038045
3.0	2.7159143464989364
4.0	2.7072186836518046
5.0	2.7612167300380226
6.0	2.7769535113748764
7.0	2.7952072717256575
8.0	2.840615896795672
9.0	2.879405896696963
10.0	2.9022168017791805
20.0	2.9574468085106385
30.0	2.9745098039215687
40.0	2.9843342036553526
50.0	2.984375
60.0	2.990234375
0.001	1
0.002	1
0.003	1
0.004	1
0.005	1
0.006	1
0.007	1
0.008	1
0.009	1
0.01	1
0.02	1.0007996801279488
0.03	1.0016494845360824
0.04	1.006993006993007
0.05	1.0114942528735633
0.06	1.0188141391106043
0.07	1.0325982742090125
0.08	1.028107432854466
0.09	1.0486976217440545
0.1	1.0898958080930459
0.2	1.3473583297827014
0.3	1.600036744442403
0.4	1.216584402764067
0.5	1.317213687150838
0.6	1.4054446460980037
0.7	1.532132701421801
0.8	1.7575900879598978
0.9	1.982371001287511
1.0	2.3849248927038627
2.0	2.810352060408532
3.0	2.7902515083723136
4.0	2.7556624398775686
5.0	2.770351328191945
6.0	2.8404031919361614
7.0	2.8807561803199224
8.0	2.9052808046940486
9.0	2.9209522078866073
10.0	2.953032717727571
20.0	3.000689338235294
30.0	2.9897377423033067
40.0	2.977667493796526
0.001	1
0.002	1
0.003	1
0.004	1
0.005	1
0.006	1
0.007	1
0.008	1
0.009	1
0.01	1
0.02	1.0041356492969395
0.03	1.0074318744838977
0.04	1.008100445524504
0.05	1.0211345939933258
0.06	1.0279173646007818
0.07	1.0340557275541795
0.08	1.0248292985723153
0.09	1.0359634997316156
0.1	1.0904285878432725
0.2	1.331752205673086
0.3	1.5883943052802307
0.4	1.2974287699791522
0.5	1.2980706344015696
0.6	1.3497608926673752
0.7	1.5304065794046102
0.8	1.7251468232781633
0.9	1.9018483855872719
1.0	2.3106724848089395
2.0	2.846818857220046
3.0	2.8288845025733735
4.0	2.7895374671783477
5.0	2.7725603649716257
6.0	2.824984690753215
7.0	2.880227827502034
8.0	2.9082224496758786
9.0	2.9434396580072346
10.0	2.976016884113584
20.0	3.001337295690936
30.0	2.9850260416666665
0.001	1
0.002	1
0.003	1
0.004	1
0.005	1
0.006	1
0.007	1
0.008	1
0.009	1
0.01	1
0.02	1.001431639226915
0.03	1.0028388928317955
0.04	1.0099255583126552
0.05	1.0208012326656395
0.06	1.031409788166545
0.07	1.0310716550412176
0.08	1.0303527481542247
0.09	1.0373641304347827
0.1	1.0441761558512828
0.2	1.0818104346179338
0.3	1.1470289487049263
0.4	1.2302761341222879
0.5	1.2301300578034682
0.6	1.314656771799629
0.7	1.4346487006737247
0.8	1.4704458341738955
0.9	1.5103155339805825
1.0	1.7927745252034841
2.0	2.529770790195984
3.0	2.7474183864325794
4.0	2.6445091379589196
5.0	2.6551046846922146
6.0	2.74874245472837
7.0	2.838224911749874
8.0	2.8597972972972974
9.0	2.9095729013254785
10.0	2.9095933675483616
20.0	2.924123495552067
30.0	2.9233830845771145
