0.001	1
0.002	1
0.003	1
0.004	1
0.005	1
0.006	1
0.007	1
0.008	1
0.009	1
0.01	1
0.011	1
0.012	1
0.013	1
0.014	1
0.015	1.005181347150259
0.016	1
0.017	1
0.018	1.0046948356807512
0.019	1.0162162162162163
0.02	1.005952380952381
0.021	1
0.022	1.0106951871657754
0.023	1.0054347826086956
0.024	1.0118343195266273
0.025	1
0.026	1.0064935064935066
0.027	1
0.028	1.0061728395061729
0.029	1
0.03	1
0.031	1.0217391304347827
0.032	1.0128205128205128
0.033	1.006993006993007
0.034	1.031496062992126
0.035	1.0072463768115942
0.036	1.0136054421768708
0.037	1.050420168067227
0.038	1.0178571428571428
0.039	1.008130081300813
0.04	1.0625
0.041	1.0330578512396693
0.042	1
0.043	1.0431654676258992
0.044	1.0708661417322836
0.045	1.0077519379844961
0.046	1.0229007633587786
0.047	1.0354609929078014
0.048	1.0657894736842106
0.049	1.0451127819548873
0.05	1.0476190476190477
0.051	1.0204081632653061
0.052	1.0679012345679013
0.053	1.0347222222222223
0.054	1.0738255033557047
0.055	1.0492957746478873
0.056	1.0632911392405062
0.057	1.047337278106509
0.058	1.0602409638554218
0.059	1.0588235294117647
0.06	1.025
0.061	1.0547945205479452
0.062	1.0680272108843538
0.063	1.05
0.064	1.015267175572519
0.065	1.0416666666666667
0.066	1.0408163265306123
0.067	1.0575539568345325
0.068	1.0416666666666667
0.069	1.0503597122302157
0.07	1.0372670807453417
0.071	1.0491803278688525
0.072	1.0512820512820513
0.073	1.0495867768595042
0.074	1.0476190476190477
0.075	1.0687022900763359
0.076	1.0724637681159421
0.077	1.0521739130434782
0.078	1.0466666666666666
0.079	1.0573770491803278
0.08	1.0350877192982457
0.081	1.0178571428571428
0.082	1.0291970802919708
0.083	1.0727272727272728
0.084	1.0593220338983051
0.085	1.0594059405940595
0.086	1.0642201834862386
0.087	1.0619469026548674
0.088	1.0338983050847457
0.089	1.0338983050847457
0.09	1.0520833333333333
0.091	1.0797101449275361
0.092	1.0866141732283465
0.093	1.1111111111111112
0.094	1.0530973451327434
0.095	1.0746268656716418
0.096	1.055045871559633
0.097	1.064516129032258
0.098	1.064516129032258
0.099	1.0725806451612903
0.1	1.0458839406207827
0.11	1.0606635071090047
0.12	1.101141924959217
0.13	1.1341743119266054
0.14	1.1397970687711387
0.15	1.1694711538461537
0.16	1.2262247838616716
0.17	1.256723716381418
0.18	1.2981366459627328
0.19	1.5124760076775432
0.2	1.5769230769230769
0.21	1.5841209829867675
0.22	1.5502283105022832
0.23	1.327313769751693
0.24	1.2269129287598945
0.25	1.3127413127413128
0.26	1.311023622047244
0.27	1.3775811209439528
0.28	1.2810945273631842
0.29	1.2769230769230768
0.3	1.3135391923990498
0.31	1.3051282051282052
0.32	1.2817955112219452
0.33	1.3359580052493438
0.34	1.3621867881548975
0.35	1.3123543123543124
0.36	1.296943231441048
0.37	1.3211009174311927
0.38	1.323974082073434
0.39	1.3113207547169812
0.4	1.3639921722113504
0.41	1.3472222222222223
0.42	1.3804143126177024
0.43	1.4608378870673953
0.44	1.4122965641952985
0.45	1.3996062992125984
0.46	1.4215500945179584
0.47	1.472972972972973
0.48	1.5143338954468804
0.49	1.496038034865293
0.5	1.5246422893481717
0.51	1.5195681511470984
0.52	1.5308464849354375
0.53	1.6102189781021898
0.54	1.6378205128205128
0.55	1.603448275862069
0.56	1.652492668621701
0.57	1.669811320754717
0.58	1.6362229102167183
0.59	1.6623586429725363
0.6	1.7123287671232876
0.61	1.771513353115727
0.62	1.7384155455904335
0.63	1.8287878787878789
0.64	1.7525773195876289
0.65	1.7681564245810055
0.66	1.844062947067239
0.67	1.8404907975460123
0.68	1.9195979899497488
0.69	1.914804469273743
0.7	1.882442748091603
0.71	1.9266187050359713
0.72	1.9249658935879945
0.73	1.9509954058192955
0.74	2.100609756097561
0.75	2.059245960502693
0.76	2.0403458213256482
0.77	2.0323383084577116
0.78	1.9555808656036446
0.79	2.010588235294118
0.8	2.0675990675990676
0.81	1.998941798941799
0.82	2.075887392900857
0.83	2.1419213973799125
0.84	2.071748878923767
0.85	2.1820199778024416
0.86	2.10239651416122
0.87	2.267105263157895
0.88	2.315240083507307
0.89	2.2110599078341013
0.9	2.242587601078167
0.91	2.35278276481149
0.92	2.3622047244094486
0.93	2.5150862068965516
0.94	2.4750254841997963
0.95	2.597315436241611
0.96	2.672025723472669
0.97	2.5760869565217392
0.98	2.6203703703703702
0.99	2.661139896373057
1.0	2.8939551849921834
1.1	2.914069591527988
1.2	3.072428139183056
1.3	3.072941176470588
1.4	3.2736179146256124
1.5	3.513807233208623
1.6	3.5057471264367814
1.7	3.3732081067721205
1.8	3.408780285773452
1.9	3.4950904392764857
2.0	3.386009538950715
2.1	3.3434108527131783
2.2	3.395898673100121
2.3	3.372725066731376
2.4	3.3191715347849176
2.5	3.24371487725525
2.6	3.26021897810219
2.7	3.127172195892575
2.8	3.1576327433628317
2.9	3.0959629384513567
3.0	2.9839932603201347
3.1	3.0766384778012683
3.2	3.042087542087542
3.3	3.0682242990654207
3.4	3.026627218934911
3.5	2.9383791024782315
3.6	2.969038208168643
3.7	3.0201149425287355
3.8	2.954887218045113
3.9	3.0040420371867422
4.0	3.0247058823529414
4.1	2.9568345323741005
4.2	2.9365079365079363
4.3	3.024203821656051
4.4	2.998322147651007
4.5	2.9029535864978904
4.6	3.0671736375158427
4.7	2.9911764705882353
4.8	3
4.9	2.963820549927641
5.0	3.0739130434782607
5.1	3.076923076923077
5.2	3.0774647887323945
5.3	2.9618320610687023
5.4	2.952513966480447
5.5	2.975165562913907
5.6	2.9970238095238093
5.7	3.02724795640327
5.8	2.9954337899543377
5.9	2.9791666666666665
6.0	3.1052631578947367
6.1	2.938775510204082
6.2	2.9518072289156625
6.3	3.03
6.4	2.9596774193548385
6.5	3.028169014084507
6.6	3.1739130434782608
6.7	2.9322033898305087
6.8	3.05
6.9	2.9716981132075473
7.0	3
7.1	3.111111111111111
7.2	3
7.3	2.9299065420560746
7.4	3.0245098039215685
7.5	3.024793388429752
7.6	3.142857142857143
7.7	3.3333333333333335
7.9	2.944223107569721
8.0	2.965217391304348
8.1	3.059880239520958
8.2	2.9292929292929295
8.3	2.9874213836477987
8.4	2.9545454545454546
8.5	3.056
8.6	3
8.7	2.943396226415094
8.8	2.958791208791209
8.9	3
9.0	2.9723502304147464
9.1	3
9.2	2.9854545454545454
9.3	2.988372093023256
9.4	2.9947368421052634
9.5	3.009049773755656
9.6	3.021276595744681
9.7	3.0555555555555554
9.8	3
9.9	3.0205479452054793
10.0	3.025
11.0	3.0080106809078773
12.0	2.995260663507109
14.0	3
