0.001	1
0.002	1
0.003	1
0.004	1
0.006	1
0.007	1
0.008	1
0.009	1
0.01	1.1818181818181819
0.02	1.0555555555555556
0.03	1.0909090909090908
0.04	1.375
0.05	1.4848484848484849
0.06	1.6521739130434783
0.07	1.5
0.08	1.5555555555555556
0.09	1.4666666666666666
0.1	1.9276315789473684
0.2	2.9078341013824884
0.3	3.6538461538461537
0.4	4.292307692307692
0.5	5.013333333333334
0.6	6.644827586206897
0.7	7.934782608695652
0.8	8.35483870967742
0.9	8.148148148148149
1.0	8.048780487804878
2.0	7.9375
3.0	7.739130434782608
4.0	7.604651162790698
5.0	7.4375
6.0	7.25
7.0	7.0606060606060606
8.0	6.75
9.0	6.444444444444445
10.0	6.25
20.0	5.286713286713287
30.0	4.776041666666667
40.0	3.9375
50.0	3.28125
70.0	3.125
80.0	3.03125
0.001	1
0.002	1
0.003	1
0.004	1
0.005	1
0.006	1
0.007	1
0.008	1
0.009	1
0.01	1.0344827586206897
0.02	1.3269230769230769
0.03	1.3571428571428572
0.04	1.7142857142857142
0.05	1.5789473684210527
0.06	2.6666666666666665
0.07	1.4230769230769231
0.08	2.2
0.09	1.8125
0.1	1.9090909090909092
0.2	2.7026022304832713
0.3	3.5849056603773586
0.4	3.9571428571428573
0.5	4.531365313653136
0.6	6.061124694376528
0.7	7.216666666666667
0.8	7.483333333333333
0.9	7.645161290322581
1.0	8
2.0	7.625
3.0	7.40625
4.0	7.21875
5.0	7.125
6.0	6.96875
7.0	6.6875
8.0	6.46875
9.0	6.428571428571429
10.0	6.013986013986014
20.0	4.997624703087886
30.0	4.180288461538462
40.0	4.098214285714286
50.0	3.5
60.0	3.3125
70.0	3.125
0.001	1
0.002	1
0.003	1
0.004	1
0.005	1
0.006	1
0.007	1
0.008	1
0.009	1
0.01	1.1764705882352942
0.02	1.2195121951219512
0.03	1.3714285714285714
0.04	1.631578947368421
0.05	1.7692307692307692
0.06	1.4285714285714286
0.07	1.875
0.08	1.35
0.09	1.6111111111111112
0.1	1.8709677419354838
0.2	2.73841059602649
0.3	3.83739837398374
0.4	4.647619047619048
0.5	5.213166144200627
0.6	6.481770833333333
0.7	7.573099415204679
0.8	8.134328358208956
0.9	8.352941176470589
1.0	8.21875
3.0	8.0625
4.0	7.8125
5.0	7.5625
6.0	7.40625
7.0	7.21875
8.0	7
9.0	6.75
10.0	6.0625
20.0	4.9375
30.0	3.96875
40.0	3.7546296296296298
50.0	3.9375
60.0	3.53125
70.0	3.3125
80.0	3.1875
90.0	3.03125
