0.0	1
0.001	1
0.016	1
0.035	1
0.044	2
0.044	2
0.058	2
0.068	2
0.079	2
0.082	2
0.087	2
0.088	2
0.091	2
0.092	2
0.1	2
0.104	2
0.119	2
0.137	2
0.141	2
0.141	2
0.143	2
0.144	2
0.144	2
0.155	2
0.167	2
0.17	3
0.172	3
0.173	3
0.183	4
0.187	4
0.188	4
0.193	4
0.203	4
0.22	4
0.226	4
0.228	4
0.236	4
0.246	4
0.252	5
0.257	5
0.258	5
0.268	5
0.274	5
0.274	5
0.278	5
0.284	5
0.29	5
0.299	5
0.302	5
0.303	5
0.314	5
0.325	5
0.353	5
0.356	6
0.356	6
0.358	6
0.358	6
0.376	6
0.4	6
0.419	6
0.425	6
0.432	6
0.452	6
0.455	7
0.461	7
0.462	7
0.479	7
0.48	7
0.481	7
0.495	7
0.495	7
0.498	8
0.5	8
0.508	9
0.513	9
0.522	10
0.542	10
0.553	10
0.584	10
0.587	10
0.591	10
0.599	10
0.606	10
0.607	11
0.608	11
0.608	11
0.609	11
0.613	11
0.621	11
0.624	11
0.625	11
0.626	11
0.636	11
0.638	11
0.639	11
0.649	11
0.66	11
0.664	11
0.665	11
0.669	11
0.681	11
0.682	11
0.688	11
0.689	11
0.697	11
0.697	11
0.701	11
0.702	11
0.705	11
0.706	11
0.718	11
0.73	11
0.737	10
0.747	10
0.758	10
0.763	10
0.773	10
0.781	10
0.784	10
0.787	10
0.793	10
0.796	10
0.805	10
0.806	10
0.847	10
0.864	10
0.865	10
0.866	10
1.003	10
1.037	10
1.142	10
1.157	10
2.211	10
2.703	10
3.29	10
3.353	10
3.496	10
3.625	10
4.379	10
4.419	10
4.687	10
6.239	10
6.553	10
6.701	10
7.023	10
7.112	10
7.297	10
7.302	10
7.305	10
7.397	10
7.498	10
7.762	10
8.825	10
9.647	9
9.693	9
9.915	9
10.401	9
11.258	9
11.272	9
12.028	9
13.264	9
13.408	9
14.266	9
14.591	9
14.686	9
14.923	9
15.152	8
16.616	8
16.709	8
18.106	7
18.914	6
19.718	6
20.326	6
20.548	6
21.496	6
21.502	6
21.652	6
22.554	6
22.73	6
23.808	5
24.314	5
24.515	5
24.642	5
24.885	5
27.351	5
27.523	5
27.602	5
27.778	5
28.278	5
28.283	5
28.29	5
28.335	5
28.346	5
28.398	5
28.406	5
28.602	5
28.62	5
28.642	5
28.848	5
29.495	5
29.616	5
32.417	5
32.484	5
34.365	5
34.486	5
34.54	5
34.569	5
34.986	4
35.519	4
35.94	4
36.583	3
37.016	3
37.24	3
37.47	3
37.907	3
38.12	3
38.735	3
39.779	3
39.804	3
40.76	3
41.137	3
41.779	3
41.875	3
42.532	3
44.212	3
46.116	3
47.339	3
51.031	3
54.028	3
73.971	3
79.48	3
79.608	3
0.0	1
0.015	2
0.034	2
0.043	2
0.043	2
0.057	2
0.067	2
0.078	2
0.081	2
0.086	2
0.087	2
0.09	2
0.091	2
0.099	2
0.103	2
0.118	2
0.136	2
0.14	2
0.14	2
0.142	2
0.143	2
0.143	2
0.154	2
0.166	2
0.169	2
0.171	2
0.172	2
0.182	2
0.186	2
0.187	2
0.192	2
0.202	3
0.219	4
0.225	4
0.227	4
0.235	4
0.245	4
0.251	4
0.256	4
0.257	4
0.267	4
0.273	4
0.273	4
0.277	4
0.283	4
0.289	4
0.298	4
0.301	4
0.302	4
0.313	4
0.324	4
0.352	4
0.355	4
0.355	4
0.357	4
0.357	4
0.375	4
0.399	4
0.418	4
0.424	4
0.431	4
0.451	4
0.454	4
0.46	4
0.461	4
0.478	4
0.479	4
0.48	4
0.494	4
0.494	4
0.497	4
0.499	4
0.507	4
0.512	4
0.521	4
0.541	4
0.552	4
0.583	4
0.586	5
0.59	5
0.598	5
0.605	5
0.606	5
0.607	5
0.607	5
0.608	5
0.612	5
0.62	5
0.623	5
0.624	6
0.625	6
0.635	6
0.637	6
0.638	6
0.648	6
0.659	6
0.663	6
0.664	6
0.668	6
0.68	6
0.681	6
0.687	7
0.688	7
0.696	7
0.696	7
0.7	7
0.701	7
0.704	7
0.705	7
0.717	7
0.729	7
0.736	7
0.746	7
0.757	7
0.762	7
0.772	7
0.78	7
0.783	7
0.786	7
0.792	7
0.795	7
0.804	7
0.805	7
0.846	7
0.863	7
0.864	7
0.865	7
1.002	7
1.036	7
1.141	7
1.156	7
2.21	7
2.702	7
3.289	7
3.352	7
3.495	6
3.624	6
4.378	6
4.418	6
4.686	6
6.238	6
6.552	6
6.7	6
7.022	6
7.111	6
7.296	6
7.301	6
7.304	6
7.396	6
7.497	6
7.761	6
8.824	6
9.646	6
9.692	6
9.914	6
10.4	6
11.257	6
11.271	6
12.027	6
13.263	6
13.407	6
14.265	6
14.59	6
14.685	6
14.922	6
15.151	6
16.615	6
16.708	6
18.105	6
18.913	6
19.717	6
20.325	6
20.547	6
21.495	6
21.501	6
21.651	6
22.553	6
22.729	6
23.807	6
24.313	6
24.514	5
24.641	5
24.884	5
27.35	5
27.522	5
27.601	5
27.777	5
28.277	5
28.282	5
28.289	5
28.334	5
28.345	5
28.397	5
28.405	5
28.601	5
28.619	5
28.641	5
28.847	5
29.494	4
29.615	4
32.416	4
32.483	4
34.364	3
34.485	3
34.539	3
34.568	3
34.985	3
35.518	3
35.939	3
36.582	3
37.015	3
37.239	3
37.469	3
37.906	3
38.119	3
38.734	3
39.778	3
39.803	3
40.759	3
41.136	3
41.778	3
41.874	3
42.531	3
44.211	3
46.115	3
47.338	3
51.03	3
54.027	3
73.97	3
79.479	3
79.607	3
0.0	1
0.009	1
0.009	1
0.023	1
0.033	2
0.044	2
0.047	3
0.052	3
0.053	3
0.056	3
0.057	3
0.065	3
0.069	3
0.084	3
0.102	3
0.106	3
0.106	3
0.108	3
0.109	3
0.109	3
0.12	3
0.132	3
0.135	3
0.137	3
0.138	4
0.148	4
0.152	5
0.153	5
0.158	5
0.168	5
0.185	5
0.191	5
0.193	6
0.201	6
0.211	6
0.217	6
0.222	6
0.223	6
0.233	6
0.239	6
0.239	6
0.243	6
0.249	6
0.255	6
0.264	6
0.267	6
0.268	6
0.279	6
0.29	6
0.318	6
0.321	6
0.321	6
0.323	6
0.323	6
0.341	6
0.365	6
0.384	6
0.39	6
0.397	6
0.417	6
0.42	6
0.426	6
0.427	6
0.444	6
0.445	6
0.446	7
0.46	7
0.46	7
0.463	7
0.465	7
0.473	7
0.478	7
0.487	7
0.507	7
0.518	7
0.549	7
0.552	7
0.556	7
0.564	7
0.571	7
0.572	7
0.573	8
0.573	8
0.574	8
0.578	8
0.586	8
0.589	8
0.59	8
0.591	8
0.601	8
0.603	8
0.604	8
0.614	8
0.625	8
0.629	8
0.63	8
0.634	8
0.646	8
0.647	8
0.653	8
0.654	9
0.662	9
0.662	9
0.666	9
0.667	9
0.67	9
0.671	9
0.683	9
0.695	9
0.702	9
0.712	9
0.723	9
0.728	9
0.738	9
0.746	9
0.749	9
0.752	9
0.758	9
0.761	9
0.77	9
0.771	9
0.812	9
0.829	9
0.83	9
0.831	9
0.968	9
1.002	9
1.107	9
1.122	9
2.176	9
2.668	9
3.255	9
3.318	9
3.461	9
3.59	9
4.344	9
4.384	9
4.652	9
6.204	9
6.518	9
6.666	9
6.988	8
7.077	8
7.262	8
7.267	8
7.27	8
7.362	8
7.463	8
7.727	8
8.79	8
9.612	8
9.658	8
9.88	8
10.366	8
11.223	8
11.237	8
11.993	8
13.229	8
13.373	8
14.231	8
14.556	8
14.651	8
14.888	8
15.117	8
16.581	8
16.674	8
18.071	8
18.879	8
19.683	8
20.291	8
20.513	8
21.461	8
21.467	8
21.617	8
22.519	8
22.695	8
23.773	8
24.279	8
24.48	8
24.607	7
24.85	7
27.316	6
27.488	6
27.567	6
27.743	6
28.243	6
28.248	6
28.255	6
28.3	6
28.311	6
28.363	6
28.371	6
28.567	6
28.585	6
28.607	6
28.813	6
29.46	6
29.581	6
32.382	6
32.449	6
34.33	6
34.451	6
34.505	6
34.534	6
34.951	6
35.484	6
35.905	5
36.548	5
36.981	4
37.205	4
37.435	4
37.872	4
38.085	4
38.7	4
39.744	4
39.769	3
40.725	3
41.102	3
41.744	3
41.84	3
42.497	3
44.177	3
46.081	3
47.304	3
50.996	3
53.993	3
73.936	3
79.445	3
79.573	3
0.0	1
0.014	2
0.024	2
0.035	2
0.038	2
0.043	3
0.044	3
0.047	3
0.048	3
0.056	3
0.06	3
0.075	3
0.093	3
0.097	3
0.097	3
0.099	3
0.1	3
0.1	3
0.111	3
0.123	3
0.126	3
0.128	4
0.129	4
0.139	4
0.143	4
0.144	4
0.149	4
0.159	4
0.176	4
0.182	5
0.184	5
0.192	5
0.202	5
0.208	5
0.213	5
0.214	5
0.224	5
0.23	5
0.23	5
0.234	5
0.24	5
0.246	5
0.255	5
0.258	5
0.259	5
0.27	5
0.281	5
0.309	5
0.312	5
0.312	5
0.314	5
0.314	5
0.332	5
0.356	5
0.375	5
0.381	5
0.388	5
0.408	5
0.411	5
0.417	5
0.418	5
0.435	5
0.436	5
0.437	5
0.451	5
0.451	5
0.454	5
0.456	6
0.464	6
0.469	6
0.478	6
0.498	6
0.509	6
0.54	6
0.543	6
0.547	6
0.555	6
0.562	6
0.563	6
0.564	6
0.564	6
0.565	6
0.569	6
0.577	6
0.58	6
0.581	6
0.582	6
0.592	6
0.594	6
0.595	6
0.605	6
0.616	6
0.62	6
0.621	6
0.625	6
0.637	6
0.638	6
0.644	6
0.645	6
0.653	7
0.653	7
0.657	7
0.658	7
0.661	7
0.662	7
0.674	7
0.686	7
0.693	7
0.703	7
0.714	7
0.719	7
0.729	7
0.737	7
0.74	7
0.743	7
0.749	7
0.752	7
0.761	7
0.762	7
0.803	7
0.82	7
0.821	7
0.822	7
0.959	7
0.993	7
1.098	7
1.113	7
2.167	7
2.659	7
3.246	7
3.309	7
3.452	7
3.581	7
4.335	7
4.375	7
4.643	7
6.195	7
6.509	7
6.657	7
6.979	7
7.068	7
7.253	7
7.258	7
7.261	7
7.353	7
7.454	7
7.718	7
8.781	7
9.603	7
9.649	7
9.871	7
10.357	7
11.214	7
11.228	7
11.984	7
13.22	7
13.364	7
14.222	7
14.547	7
14.642	7
14.879	7
15.108	7
16.572	7
16.665	7
18.062	7
18.87	7
19.674	7
20.282	7
20.504	7
21.452	7
21.458	7
21.608	7
22.51	7
22.686	7
23.764	7
24.27	7
24.471	7
24.598	7
24.841	7
27.307	7
27.479	7
27.558	7
27.734	7
28.234	7
28.239	7
28.246	7
28.291	7
28.302	7
28.354	7
28.362	7
28.558	7
28.576	7
28.598	7
28.804	7
29.451	7
29.572	7
32.373	6
32.44	6
34.321	6
34.442	6
34.496	6
34.525	6
34.942	6
35.475	6
35.896	6
36.539	6
36.972	6
37.196	6
37.426	5
37.863	5
38.076	5
38.691	4
39.735	4
39.76	4
40.716	4
41.093	4
41.735	4
41.831	4
42.488	4
44.168	3
46.072	3
47.295	3
50.987	3
53.984	3
73.927	3
79.436	3
79.564	3
0.0	1
0.003	1
0.008	1
0.009	1
0.012	1
0.013	1
0.021	1
0.025	1
0.04	1
0.058	1
0.062	1
0.062	1
0.064	1
0.065	1
0.065	1
0.076	1
0.088	1
0.091	1
0.093	1
0.094	1
0.104	1
0.108	1
0.109	1
0.114	2
0.124	2
0.141	2
0.147	2
0.149	2
0.157	2
0.167	2
0.173	2
0.178	2
0.179	2
0.189	2
0.195	2
0.195	2
0.199	2
0.205	2
0.211	2
0.22	2
0.223	2
0.224	2
0.235	2
0.246	3
0.274	3
0.277	3
0.277	3
0.279	4
0.279	4
0.297	4
0.321	4
0.34	4
0.346	4
0.353	4
0.373	4
0.376	4
0.382	4
0.383	4
0.4	4
0.401	4
0.402	4
0.416	4
0.416	4
0.419	4
0.421	4
0.429	4
0.434	4
0.443	4
0.463	4
0.474	4
0.505	4
0.508	4
0.512	4
0.52	4
0.527	4
0.528	4
0.529	4
0.529	4
0.53	4
0.534	4
0.542	4
0.545	4
0.546	4
0.547	4
0.557	4
0.559	4
0.56	4
0.57	4
0.581	4
0.585	4
0.586	4
0.59	4
0.602	4
0.603	4
0.609	4
0.61	4
0.618	4
0.618	4
0.622	4
0.623	4
0.626	5
0.627	5
0.639	5
0.651	6
0.658	6
0.668	7
0.679	7
0.684	7
0.694	7
0.702	7
0.705	7
0.708	7
0.714	8
0.717	9
0.726	9
0.727	9
0.768	9
0.785	9
0.786	9
0.787	9
0.924	9
0.958	9
1.063	9
1.078	9
2.132	9
2.624	9
3.211	9
3.274	9
3.417	9
3.546	9
4.3	9
4.34	9
4.608	8
6.16	8
6.474	8
6.622	8
6.944	8
7.033	8
7.218	7
7.223	7
7.226	7
7.318	7
7.419	7
7.683	7
8.746	7
9.568	7
9.614	6
9.836	5
10.322	5
11.179	5
11.193	5
11.949	5
13.185	5
13.329	5
14.187	5
14.512	5
14.607	5
14.844	5
15.073	5
16.537	5
16.63	5
18.027	5
18.835	5
19.639	5
20.247	5
20.469	5
21.417	5
21.423	5
21.573	5
22.475	5
22.651	5
23.729	5
24.235	5
24.436	5
24.563	5
24.806	5
27.272	5
27.444	5
27.523	5
27.699	5
28.199	5
28.204	5
28.211	5
28.256	5
28.267	5
28.319	5
28.327	5
28.523	5
28.541	5
28.563	5
28.769	5
29.416	5
29.537	5
32.338	5
32.405	5
34.286	5
34.407	4
34.461	4
34.49	4
34.907	4
35.44	3
35.861	3
36.504	3
36.937	3
37.161	3
37.391	3
37.828	3
38.041	3
38.656	3
39.7	3
39.725	3
40.681	3
41.058	3
41.7	3
41.796	3
42.453	3
44.133	3
46.037	3
47.26	3
50.952	3
53.949	3
73.892	3
79.401	3
79.529	3
0.0	1
0.003	1
0.004	1
0.012	1
0.016	1
0.031	1
0.049	1
0.053	1
0.053	1
0.055	2
0.056	2
0.056	2
0.067	2
0.079	2
0.082	2
0.084	2
0.085	2
0.095	2
0.099	2
0.1	3
0.105	3
0.115	3
0.132	3
0.138	3
0.14	3
0.148	3
0.158	3
0.164	3
0.169	3
0.17	3
0.18	3
0.186	3
0.186	3
0.19	3
0.196	3
0.202	3
0.211	3
0.214	4
0.215	4
0.226	4
0.237	4
0.265	4
0.268	4
0.268	4
0.27	4
0.27	4
0.288	4
0.312	4
0.331	4
0.337	4
0.344	4
0.364	4
0.367	4
0.373	4
0.374	4
0.391	4
0.392	4
0.393	4
0.407	4
0.407	4
0.41	4
0.412	4
0.42	4
0.425	4
0.434	4
0.454	5
0.465	5
0.496	5
0.499	5
0.503	5
0.511	5
0.518	5
0.519	5
0.52	5
0.52	6
0.521	6
0.525	6
0.533	6
0.536	6
0.537	6
0.538	6
0.548	6
0.55	6
0.551	6
0.561	6
0.572	6
0.576	6
0.577	6
0.581	6
0.593	6
0.594	6
0.6	6
0.601	6
0.609	6
0.609	6
0.613	6
0.614	6
0.617	6
0.618	6
0.63	6
0.642	6
0.649	6
0.659	6
0.67	6
0.675	6
0.685	6
0.693	6
0.696	6
0.699	6
0.705	6
0.708	6
0.717	6
0.718	6
0.759	6
0.776	6
0.777	6
0.778	6
0.915	6
0.949	6
1.054	5
1.069	5
2.123	5
2.615	5
3.202	5
3.265	5
3.408	5
3.537	5
4.291	5
4.331	5
4.599	5
6.151	5
6.465	5
6.613	5
6.935	5
7.024	5
7.209	5
7.214	5
7.217	5
7.309	5
7.41	4
7.674	4
8.737	4
9.559	4
9.605	4
9.827	4
10.313	4
11.17	4
11.184	4
11.94	4
13.176	4
13.32	4
14.178	4
14.503	4
14.598	4
14.835	4
15.064	4
16.528	4
16.621	4
18.018	4
18.826	4
19.63	4
20.238	4
20.46	4
21.408	4
21.414	4
21.564	4
22.466	4
22.642	4
23.72	4
24.226	4
24.427	4
24.554	4
24.797	4
27.263	4
27.435	4
27.514	4
27.69	4
28.19	4
28.195	4
28.202	4
28.247	4
28.258	4
28.31	4
28.318	4
28.514	4
28.532	4
28.554	4
28.76	4
29.407	4
29.528	4
32.329	4
32.396	4
34.277	4
34.398	4
34.452	4
34.481	4
34.898	4
35.431	4
35.852	4
36.495	4
36.928	4
37.152	4
37.382	4
37.819	4
38.032	4
38.647	4
39.691	4
39.716	4
40.672	4
41.049	4
41.691	4
41.787	4
42.444	3
44.124	3
46.028	3
47.251	3
50.943	3
53.94	3
73.883	3
79.392	3
79.52	3
0.0	1
0.001	1
0.009	1
0.013	1
0.028	1
0.046	1
0.05	2
0.05	2
0.052	2
0.053	2
0.053	2
0.064	2
0.076	2
0.079	2
0.081	2
0.082	2
0.092	2
0.096	2
0.097	2
0.102	2
0.112	2
0.129	2
0.135	2
0.137	2
0.145	2
0.155	2
0.161	2
0.166	2
0.167	2
0.177	2
0.183	2
0.183	2
0.187	2
0.193	2
0.199	2
0.208	2
0.211	2
0.212	2
0.223	3
0.234	3
0.262	3
0.265	3
0.265	3
0.267	3
0.267	4
0.285	5
0.309	5
0.328	5
0.334	5
0.341	5
0.361	5
0.364	5
0.37	5
0.371	5
0.388	6
0.389	6
0.39	6
0.404	6
0.404	6
0.407	6
0.409	6
0.417	6
0.422	6
0.431	6
0.451	6
0.462	6
0.493	6
0.496	6
0.5	7
0.508	7
0.515	7
0.516	7
0.517	7
0.517	7
0.518	7
0.522	7
0.53	7
0.533	7
0.534	7
0.535	8
0.545	8
0.547	8
0.548	9
0.558	10
0.569	10
0.573	10
0.574	10
0.578	10
0.59	10
0.591	10
0.597	10
0.598	10
0.606	10
0.606	10
0.61	10
0.611	10
0.614	10
0.615	10
0.627	10
0.639	10
0.646	10
0.656	10
0.667	10
0.672	10
0.682	10
0.69	10
0.693	10
0.696	10
0.702	10
0.705	10
0.714	10
0.715	10
0.756	10
0.773	10
0.774	10
0.775	10
0.912	10
0.946	10
1.051	10
1.066	10
2.12	10
2.612	9
3.199	9
3.262	8
3.405	8
3.534	8
4.288	8
4.328	8
4.596	8
6.148	8
6.462	8
6.61	7
6.932	7
7.021	7
7.206	7
7.211	7
7.214	7
7.306	7
7.407	7
7.671	7
8.734	7
9.556	7
9.602	7
9.824	7
10.31	7
11.167	7
11.181	7
11.937	7
13.173	7
13.317	7
14.175	7
14.5	7
14.595	7
14.832	7
15.061	7
16.525	7
16.618	7
18.015	7
18.823	7
19.627	7
20.235	6
20.457	6
21.405	5
21.411	5
21.561	5
22.463	4
22.639	4
23.717	4
24.223	4
24.424	4
24.551	4
24.794	4
27.26	4
27.432	3
27.511	3
27.687	2
28.187	3
28.192	4
28.199	5
28.244	6
28.255	7
28.307	8
28.315	9
28.511	10
28.529	11
28.551	12
28.757	12
29.404	12
29.525	12
32.326	12
32.393	12
34.274	12
34.395	12
34.449	11
34.478	11
34.895	11
35.428	11
35.849	11
36.492	11
36.925	11
37.149	11
37.379	11
37.816	11
38.029	11
38.644	11
39.688	11
39.713	11
40.669	11
41.046	10
41.688	10
41.784	10
42.441	10
44.121	10
46.025	9
47.248	8
50.94	7
53.937	6
73.88	5
79.389	4
79.517	3
0.0	1
0.008	1
0.012	1
0.027	1
0.045	1
0.049	1
0.049	1
0.051	1
0.052	1
0.052	1
0.063	1
0.075	1
0.078	1
0.08	1
0.081	1
0.091	1
0.095	1
0.096	1
0.101	1
0.111	1
0.128	1
0.134	1
0.136	1
0.144	1
0.154	1
0.16	1
0.165	1
0.166	2
0.176	2
0.182	2
0.182	2
0.186	2
0.192	3
0.198	3
0.207	4
0.21	4
0.211	4
0.222	4
0.233	4
0.261	4
0.264	4
0.264	4
0.266	4
0.266	4
0.284	4
0.308	4
0.327	5
0.333	5
0.34	5
0.36	5
0.363	5
0.369	5
0.37	5
0.387	5
0.388	5
0.389	5
0.403	5
0.403	5
0.406	5
0.408	5
0.416	5
0.421	5
0.43	5
0.45	5
0.461	5
0.492	5
0.495	5
0.499	5
0.507	5
0.514	6
0.515	6
0.516	6
0.516	6
0.517	6
0.521	6
0.529	6
0.532	7
0.533	7
0.534	7
0.544	7
0.546	8
0.547	8
0.557	8
0.568	8
0.572	9
0.573	10
0.577	11
0.589	11
0.59	11
0.596	11
0.597	11
0.605	11
0.605	12
0.609	12
0.61	12
0.613	12
0.614	12
0.626	12
0.638	12
0.645	12
0.655	12
0.666	12
0.671	12
0.681	12
0.689	12
0.692	12
0.695	12
0.701	12
0.704	12
0.713	12
0.714	12
0.755	12
0.772	12
0.773	12
0.774	12
0.911	12
0.945	12
1.05	12
1.065	12
2.119	12
2.611	12
3.198	12
3.261	12
3.404	12
3.533	11
4.287	11
4.327	10
4.595	10
6.147	9
6.461	9
6.609	9
6.931	9
7.02	9
7.205	9
7.21	9
7.213	9
7.305	8
7.406	8
7.67	8
8.733	8
9.555	8
9.601	8
9.823	8
10.309	8
11.166	8
11.18	7
11.936	7
13.172	7
13.316	7
14.174	7
14.499	7
14.594	7
14.831	7
15.06	7
16.524	7
16.617	7
18.014	7
18.822	7
19.626	7
20.234	7
20.456	7
21.404	7
21.41	7
21.56	7
22.462	7
22.638	7
23.716	7
24.222	7
24.423	7
24.55	7
24.793	7
27.259	7
27.431	7
27.51	7
27.686	7
28.186	7
28.191	7
28.198	7
28.243	7
28.254	7
28.306	7
28.314	7
28.51	7
28.528	7
28.55	7
28.756	7
29.403	7
29.524	7
32.325	7
32.392	6
34.273	6
34.394	6
34.448	6
34.477	5
34.894	5
35.427	5
35.848	5
36.491	5
36.924	5
37.148	5
37.378	5
37.815	5
38.028	4
38.643	4
39.687	4
39.712	4
40.668	3
41.045	3
41.687	3
41.783	3
42.44	3
44.12	3
46.024	3
47.247	3
50.939	3
53.936	3
73.879	3
79.388	3
79.516	3
0.0	1
0.004	1
0.019	1
0.037	1
0.041	1
0.041	1
0.043	1
0.044	1
0.044	1
0.055	1
0.067	1
0.07	1
0.072	1
0.073	1
0.083	1
0.087	1
0.088	1
0.093	1
0.103	1
0.12	1
0.126	1
0.128	1
0.136	1
0.146	1
0.152	1
0.157	1
0.158	1
0.168	1
0.174	2
0.174	2
0.178	2
0.184	2
0.19	2
0.199	2
0.202	2
0.203	2
0.214	2
0.225	2
0.253	3
0.256	3
0.256	3
0.258	3
0.258	3
0.276	3
0.3	3
0.319	3
0.325	3
0.332	3
0.352	3
0.355	3
0.361	3
0.362	3
0.379	3
0.38	4
0.381	4
0.395	4
0.395	4
0.398	4
0.4	4
0.408	4
0.413	4
0.422	4
0.442	4
0.453	5
0.484	5
0.487	5
0.491	5
0.499	5
0.506	5
0.507	5
0.508	5
0.508	5
0.509	5
0.513	5
0.521	5
0.524	5
0.525	5
0.526	5
0.536	5
0.538	5
0.539	5
0.549	5
0.56	6
0.564	6
0.565	6
0.569	6
0.581	6
0.582	6
0.588	6
0.589	6
0.597	6
0.597	6
0.601	6
0.602	6
0.605	6
0.606	6
0.618	6
0.63	6
0.637	6
0.647	6
0.658	6
0.663	6
0.673	6
0.681	6
0.684	6
0.687	6
0.693	6
0.696	6
0.705	6
0.706	6
0.747	6
0.764	6
0.765	6
0.766	6
0.903	6
0.937	6
1.042	6
1.057	6
2.111	6
2.603	6
3.19	6
3.253	6
3.396	6
3.525	6
4.279	6
4.319	6
4.587	6
6.139	6
6.453	6
6.601	6
6.923	6
7.012	6
7.197	6
7.202	6
7.205	6
7.297	6
7.398	6
7.662	6
8.725	6
9.547	6
9.593	6
9.815	6
10.301	6
11.158	5
11.172	5
11.928	5
13.164	5
13.308	5
14.166	5
14.491	5
14.586	5
14.823	4
15.052	4
16.516	4
16.609	3
18.006	3
18.814	3
19.618	3
20.226	3
20.448	3
21.396	3
21.402	3
21.552	3
22.454	3
22.63	3
23.708	3
24.214	3
24.415	3
24.542	3
24.785	3
27.251	3
27.423	3
27.502	3
27.678	3
28.178	3
28.183	3
28.19	3
28.235	3
28.246	3
28.298	3
28.306	3
28.502	3
28.52	3
28.542	3
28.748	3
29.395	3
29.516	3
32.317	3
32.384	3
34.265	3
34.386	3
34.44	3
34.469	3
34.886	3
35.419	3
35.84	3
36.483	3
36.916	3
37.14	3
37.37	3
37.807	3
38.02	3
38.635	3
39.679	3
39.704	3
40.66	3
41.037	3
41.679	3
41.775	3
42.432	3
44.112	3
46.016	3
47.239	3
50.931	3
53.928	3
73.871	3
79.38	3
79.508	3
0.001	1
0.016	1
0.034	1
0.038	1
0.038	1
0.04	1
0.041	1
0.041	2
0.052	2
0.064	2
0.067	2
0.069	2
0.07	2
0.08	2
0.084	2
0.085	2
0.09	2
0.1	2
0.117	2
0.123	2
0.125	2
0.133	2
0.143	2
0.149	2
0.154	2
0.155	2
0.165	2
0.171	2
0.171	2
0.175	2
0.181	2
0.187	3
0.196	3
0.199	3
0.2	3
0.211	3
0.222	3
0.25	3
0.253	3
0.253	3
0.255	3
0.255	3
0.273	3
0.297	4
0.316	4
0.322	4
0.329	4
0.349	4
0.352	4
0.358	4
0.359	4
0.376	4
0.377	4
0.378	4
0.392	4
0.392	4
0.395	4
0.397	4
0.405	4
0.41	4
0.419	4
0.439	4
0.45	4
0.481	4
0.484	4
0.488	4
0.496	4
0.503	4
0.504	4
0.505	4
0.505	4
0.506	4
0.51	4
0.518	4
0.521	4
0.522	4
0.523	4
0.533	4
0.535	4
0.536	4
0.546	4
0.557	4
0.561	4
0.562	4
0.566	4
0.578	4
0.579	4
0.585	4
0.586	4
0.594	4
0.594	4
0.598	4
0.599	5
0.602	5
0.603	5
0.615	5
0.627	5
0.634	5
0.644	5
0.655	5
0.66	6
0.67	7
0.678	7
0.681	8
0.684	8
0.69	8
0.693	8
0.702	8
0.703	8
0.744	8
0.761	8
0.762	8
0.763	8
0.9	8
0.934	8
1.039	8
1.054	8
2.108	8
2.6	8
3.187	8
3.25	8
3.393	8
3.522	8
4.276	8
4.316	8
4.584	8
6.136	8
6.45	7
6.598	7
6.92	7
7.009	7
7.194	7
7.199	7
7.202	6
7.294	6
7.395	6
7.659	5
8.722	5
9.544	5
9.59	5
9.812	5
10.298	5
11.155	5
11.169	5
11.925	5
13.161	5
13.305	5
14.163	5
14.488	5
14.583	5
14.82	5
15.049	5
16.513	4
16.606	4
18.003	4
18.811	4
19.615	4
20.223	4
20.445	4
21.393	4
21.399	4
21.549	4
22.451	4
22.627	4
23.705	4
24.211	4
24.412	4
24.539	4
24.782	3
27.248	3
27.42	3
27.499	3
27.675	3
28.175	3
28.18	3
28.187	3
28.232	3
28.243	3
28.295	3
28.303	3
28.499	3
28.517	3
28.539	3
28.745	3
29.392	3
29.513	3
32.314	3
32.381	3
34.262	3
34.383	3
34.437	3
34.466	3
34.883	3
35.416	3
35.837	3
36.48	3
36.913	3
37.137	3
37.367	3
37.804	3
38.017	3
38.632	3
39.676	3
39.701	3
40.657	3
41.034	3
41.676	3
41.772	3
42.429	3
44.109	3
46.013	3
47.236	3
50.928	3
53.925	3
73.868	3
79.377	3
79.505	3
0.0	1
0.018	1
0.022	1
0.022	1
0.024	1
0.025	1
0.025	1
0.036	1
0.048	1
0.051	1
0.053	1
0.054	1
0.064	1
0.068	1
0.069	1
0.074	1
0.084	1
0.101	1
0.107	1
0.109	1
0.117	2
0.127	3
0.133	3
0.138	3
0.139	3
0.149	4
0.155	4
0.155	4
0.159	5
0.165	5
0.171	5
0.18	5
0.183	5
0.184	5
0.195	5
0.206	5
0.234	5
0.237	5
0.237	6
0.239	6
0.239	6
0.257	6
0.281	6
0.3	6
0.306	6
0.313	6
0.333	6
0.336	6
0.342	6
0.343	6
0.36	6
0.361	6
0.362	6
0.376	6
0.376	6
0.379	6
0.381	6
0.389	6
0.394	6
0.403	6
0.423	6
0.434	6
0.465	6
0.468	6
0.472	6
0.48	7
0.487	7
0.488	7
0.489	7
0.489	7
0.49	7
0.494	7
0.502	7
0.505	7
0.506	7
0.507	7
0.517	7
0.519	7
0.52	7
0.53	7
0.541	7
0.545	7
0.546	7
0.55	7
0.562	7
0.563	7
0.569	7
0.57	7
0.578	7
0.578	7
0.582	7
0.583	7
0.586	7
0.587	7
0.599	7
0.611	7
0.618	7
0.628	7
0.639	7
0.644	7
0.654	7
0.662	7
0.665	7
0.668	7
0.674	7
0.677	7
0.686	7
0.687	7
0.728	7
0.745	7
0.746	7
0.747	7
0.884	7
0.918	7
1.023	7
1.038	7
2.092	7
2.584	7
3.171	7
3.234	7
3.377	7
3.506	7
4.26	7
4.3	7
4.568	7
6.12	7
6.434	7
6.582	7
6.904	7
6.993	7
7.178	7
7.183	7
7.186	7
7.278	7
7.379	7
7.643	7
8.706	7
9.528	7
9.574	7
9.796	7
10.282	6
11.139	6
11.153	6
11.909	6
13.145	6
13.289	6
14.147	6
14.472	6
14.567	6
14.804	6
15.033	6
16.497	6
16.59	6
17.987	6
18.795	6
19.599	6
20.207	6
20.429	6
21.377	6
21.383	6
21.533	6
22.435	6
22.611	6
23.689	6
24.195	6
24.396	6
24.523	6
24.766	6
27.232	6
27.404	6
27.483	5
27.659	5
28.159	5
28.164	5
28.171	5
28.216	5
28.227	5
28.279	5
28.287	5
28.483	5
28.501	5
28.523	5
28.729	4
29.376	4
29.497	3
32.298	3
32.365	3
34.246	3
34.367	3
34.421	3
34.45	3
34.867	3
35.4	3
35.821	3
36.464	3
36.897	3
37.121	3
37.351	3
37.788	3
38.001	3
38.616	3
39.66	3
39.685	3
40.641	3
41.018	3
41.66	3
41.756	3
42.413	3
44.093	3
45.997	3
47.22	3
50.912	3
53.909	3
73.852	3
79.361	3
79.489	3
0.0	1
0.004	1
0.004	1
0.006	1
0.007	1
0.007	1
0.018	1
0.03	1
0.033	1
0.035	1
0.036	1
0.046	1
0.05	1
0.051	1
0.056	1
0.066	1
0.083	1
0.089	1
0.091	1
0.099	1
0.109	1
0.115	1
0.12	1
0.121	1
0.131	1
0.137	1
0.137	1
0.141	1
0.147	1
0.153	1
0.162	1
0.165	1
0.166	2
0.177	2
0.188	2
0.216	2
0.219	2
0.219	2
0.221	2
0.221	2
0.239	2
0.263	2
0.282	2
0.288	2
0.295	3
0.315	3
0.318	3
0.324	3
0.325	3
0.342	3
0.343	3
0.344	3
0.358	3
0.358	4
0.361	4
0.363	4
0.371	4
0.376	5
0.385	5
0.405	5
0.416	5
0.447	5
0.45	5
0.454	5
0.462	5
0.469	5
0.47	5
0.471	5
0.471	5
0.472	5
0.476	6
0.484	6
0.487	6
0.488	6
0.489	6
0.499	7
0.501	7
0.502	7
0.512	7
0.523	7
0.527	7
0.528	7
0.532	7
0.544	8
0.545	8
0.551	8
0.552	8
0.56	8
0.56	8
0.564	8
0.565	8
0.568	8
0.569	8
0.581	9
0.593	9
0.6	9
0.61	9
0.621	9
0.626	9
0.636	9
0.644	9
0.647	9
0.65	9
0.656	9
0.659	9
0.668	9
0.669	9
0.71	9
0.727	9
0.728	9
0.729	9
0.866	9
0.9	9
1.005	9
1.02	9
2.074	9
2.566	9
3.153	9
3.216	9
3.359	9
3.488	9
4.242	8
4.282	8
4.55	8
6.102	8
6.416	8
6.564	8
6.886	8
6.975	8
7.16	8
7.165	8
7.168	8
7.26	8
7.361	8
7.625	8
8.688	8
9.51	8
9.556	8
9.778	8
10.264	8
11.121	8
11.135	8
11.891	8
13.127	7
13.271	7
14.129	7
14.454	7
14.549	7
14.786	7
15.015	7
16.479	7
16.572	7
17.969	7
18.777	7
19.581	7
20.189	7
20.411	7
21.359	7
21.365	7
21.515	6
22.417	6
22.593	5
23.671	5
24.177	5
24.378	5
24.505	5
24.748	5
27.214	5
27.386	5
27.465	5
27.641	5
28.141	5
28.146	5
28.153	5
28.198	5
28.209	5
28.261	5
28.269	5
28.465	5
28.483	5
28.505	5
28.711	5
29.358	5
29.479	5
32.28	5
32.347	5
34.228	5
34.349	5
34.403	5
34.432	5
34.849	5
35.382	5
35.803	5
36.446	5
36.879	5
37.103	5
37.333	5
37.77	4
37.983	4
38.598	4
39.642	4
39.667	4
40.623	4
41.0	4
41.642	3
41.738	3
42.395	3
44.075	3
45.979	3
47.202	3
50.894	3
53.891	3
73.834	3
79.343	3
79.471	3
0.0	1
0.002	1
0.003	1
0.003	1
0.014	1
0.026	1
0.029	1
0.031	1
0.032	1
0.042	1
0.046	1
0.047	1
0.052	1
0.062	1
0.079	1
0.085	1
0.087	1
0.095	1
0.105	1
0.111	1
0.116	2
0.117	2
0.127	2
0.133	2
0.133	2
0.137	2
0.143	2
0.149	2
0.158	2
0.161	2
0.162	2
0.173	2
0.184	2
0.212	2
0.215	2
0.215	2
0.217	2
0.217	2
0.235	2
0.259	2
0.278	2
0.284	2
0.291	2
0.311	3
0.314	3
0.32	3
0.321	3
0.338	3
0.339	3
0.34	3
0.354	3
0.354	3
0.357	3
0.359	3
0.367	3
0.372	3
0.381	3
0.401	3
0.412	3
0.443	4
0.446	4
0.45	4
0.458	4
0.465	4
0.466	4
0.467	4
0.467	4
0.468	4
0.472	4
0.48	4
0.483	4
0.484	4
0.485	4
0.495	4
0.497	4
0.498	4
0.508	4
0.519	4
0.523	4
0.524	4
0.528	4
0.54	4
0.541	4
0.547	4
0.548	4
0.556	4
0.556	4
0.56	5
0.561	5
0.564	5
0.565	6
0.577	6
0.589	6
0.596	6
0.606	6
0.617	6
0.622	6
0.632	6
0.64	6
0.643	6
0.646	6
0.652	6
0.655	6
0.664	6
0.665	6
0.706	6
0.723	6
0.724	6
0.725	6
0.862	6
0.896	6
1.001	6
1.016	6
2.07	6
2.562	6
3.149	6
3.212	6
3.355	6
3.484	6
4.238	6
4.278	6
4.546	6
6.098	6
6.412	6
6.56	6
6.882	6
6.971	6
7.156	6
7.161	6
7.164	6
7.256	6
7.357	6
7.621	6
8.684	6
9.506	6
9.552	6
9.774	6
10.26	6
11.117	6
11.131	6
11.887	5
13.123	5
13.267	5
14.125	5
14.45	5
14.545	4
14.782	4
15.011	4
16.475	4
16.568	4
17.965	4
18.773	4
19.577	4
20.185	4
20.407	4
21.355	4
21.361	4
21.511	4
22.413	4
22.589	4
23.667	4
24.173	4
24.374	4
24.501	4
24.744	4
27.21	4
27.382	4
27.461	4
27.637	4
28.137	4
28.142	4
28.149	4
28.194	4
28.205	4
28.257	4
28.265	4
28.461	4
28.479	4
28.501	4
28.707	4
29.354	4
29.475	4
32.276	4
32.343	4
34.224	4
34.345	4
34.399	4
34.428	4
34.845	4
35.378	4
35.799	4
36.442	4
36.875	4
37.099	3
37.329	3
37.766	3
37.979	3
38.594	3
39.638	3
39.663	3
40.619	3
40.996	3
41.638	3
41.734	3
42.391	3
44.071	3
45.975	3
47.198	3
50.89	3
53.887	3
73.83	3
79.339	3
79.467	3
0.0	1
0.0	1
0.011	1
0.023	1
0.026	1
0.028	1
0.029	1
0.039	1
0.043	1
0.044	1
0.049	1
0.059	1
0.076	1
0.082	1
0.084	1
0.092	1
0.102	1
0.108	1
0.113	1
0.114	1
0.124	1
0.13	1
0.13	1
0.134	1
0.14	1
0.146	1
0.155	1
0.158	1
0.159	1
0.17	1
0.181	1
0.209	1
0.212	1
0.212	1
0.214	1
0.214	1
0.232	1
0.256	1
0.275	1
0.281	2
0.288	2
0.308	2
0.311	2
0.317	2
0.318	3
0.335	3
0.336	3
0.337	3
0.351	4
0.351	4
0.354	4
0.356	4
0.364	4
0.369	4
0.378	4
0.398	4
0.409	4
0.44	4
0.443	4
0.447	4
0.455	4
0.462	4
0.463	4
0.464	4
0.464	4
0.465	5
0.469	5
0.477	6
0.48	6
0.481	6
0.482	6
0.492	6
0.494	6
0.495	6
0.505	6
0.516	6
0.52	6
0.521	6
0.525	6
0.537	6
0.538	7
0.544	7
0.545	7
0.553	7
0.553	7
0.557	7
0.558	7
0.561	7
0.562	7
0.574	7
0.586	7
0.593	7
0.603	7
0.614	8
0.619	8
0.629	8
0.637	8
0.64	8
0.643	8
0.649	8
0.652	8
0.661	8
0.662	9
0.703	10
0.72	10
0.721	10
0.722	10
0.859	10
0.893	10
0.998	10
1.013	10
2.067	10
2.559	10
3.146	9
3.209	9
3.352	9
3.481	9
4.235	9
4.275	9
4.543	9
6.095	9
6.409	9
6.557	9
6.879	9
6.968	9
7.153	9
7.158	9
7.161	9
7.253	9
7.354	9
7.618	9
8.681	9
9.503	9
9.549	9
9.771	9
10.257	9
11.114	9
11.128	9
11.884	9
13.12	9
13.264	8
14.122	7
14.447	6
14.542	6
14.779	6
15.008	6
16.472	6
16.565	6
17.962	6
18.77	6
19.574	5
20.182	5
20.404	5
21.352	5
21.358	5
21.508	5
22.41	5
22.586	5
23.664	5
24.17	5
24.371	5
24.498	5
24.741	5
27.207	5
27.379	5
27.458	5
27.634	5
28.134	5
28.139	5
28.146	5
28.191	5
28.202	5
28.254	5
28.262	5
28.458	5
28.476	5
28.498	5
28.704	5
29.351	5
29.472	5
32.273	5
32.34	5
34.221	5
34.342	5
34.396	5
34.425	5
34.842	5
35.375	5
35.796	5
36.439	5
36.872	5
37.096	5
37.326	5
37.763	5
37.976	5
38.591	5
39.635	4
39.66	4
40.616	4
40.993	4
41.635	4
41.731	3
42.388	3
44.068	3
45.972	3
47.195	3
50.887	3
53.884	3
73.827	3
79.336	3
79.464	3
0.0	1
0.012	1
0.015	1
0.017	1
0.018	1
0.028	1
0.032	1
0.033	1
0.038	1
0.048	1
0.065	1
0.071	1
0.073	1
0.081	1
0.091	1
0.097	1
0.102	1
0.103	1
0.113	1
0.119	1
0.119	2
0.123	2
0.129	2
0.135	2
0.144	2
0.147	2
0.148	2
0.159	2
0.17	2
0.198	2
0.201	2
0.201	2
0.203	2
0.203	2
0.221	2
0.245	2
0.264	2
0.27	2
0.277	2
0.297	2
0.3	2
0.306	3
0.307	3
0.324	3
0.325	3
0.326	3
0.34	3
0.34	3
0.343	3
0.345	3
0.353	3
0.358	3
0.367	3
0.387	3
0.398	3
0.429	3
0.432	3
0.436	3
0.444	3
0.451	3
0.452	3
0.453	3
0.453	3
0.454	3
0.458	3
0.466	3
0.469	3
0.47	3
0.471	3
0.481	3
0.483	3
0.484	3
0.494	3
0.505	3
0.509	3
0.51	3
0.514	3
0.526	3
0.527	3
0.533	3
0.534	3
0.542	3
0.542	3
0.546	3
0.547	3
0.55	3
0.551	3
0.563	3
0.575	3
0.582	3
0.592	3
0.603	3
0.608	3
0.618	3
0.626	4
0.629	4
0.632	4
0.638	4
0.641	4
0.65	5
0.651	5
0.692	5
0.709	5
0.71	5
0.711	5
0.848	5
0.882	5
0.987	5
1.002	5
2.056	5
2.548	5
3.135	5
3.198	5
3.341	5
3.47	5
4.224	5
4.264	5
4.532	5
6.084	5
6.398	5
6.546	5
6.868	5
6.957	4
7.142	4
7.147	4
7.15	4
7.242	4
7.343	4
7.607	4
8.67	4
9.492	4
9.538	4
9.76	4
10.246	4
11.103	4
11.117	4
11.873	4
13.109	4
13.253	4
14.111	4
14.436	4
14.531	4
14.768	4
14.997	4
16.461	4
16.554	4
17.951	4
18.759	4
19.563	4
20.171	4
20.393	4
21.341	4
21.347	3
21.497	3
22.399	3
22.575	3
23.653	3
24.159	3
24.36	3
24.487	3
24.73	3
27.196	3
27.368	3
27.447	3
27.623	3
28.123	3
28.128	3
28.135	3
28.18	3
28.191	3
28.243	3
28.251	3
28.447	3
28.465	3
28.487	3
28.693	3
29.34	3
29.461	3
32.262	3
32.329	3
34.21	3
34.331	3
34.385	3
34.414	3
34.831	3
35.364	3
35.785	3
36.428	3
36.861	3
37.085	3
37.315	3
37.752	3
37.965	3
38.58	3
39.624	3
39.649	3
40.605	3
40.982	3
41.624	3
41.72	3
42.377	3
44.057	3
45.961	3
47.184	3
50.876	3
53.873	3
73.816	3
79.325	3
79.453	3
0.001	1
0.004	1
0.006	1
0.007	1
0.017	1
0.021	1
0.022	1
0.027	1
0.037	1
0.054	1
0.06	1
0.062	1
0.07	1
0.08	1
0.086	1
0.091	1
0.092	1
0.102	1
0.108	1
0.108	1
0.112	1
0.118	1
0.124	1
0.133	1
0.136	1
0.137	1
0.148	1
0.159	1
0.187	1
0.19	1
0.19	1
0.192	1
0.192	1
0.21	1
0.234	1
0.253	1
0.259	1
0.266	1
0.286	1
0.289	1
0.295	1
0.296	1
0.313	1
0.314	1
0.315	1
0.329	1
0.329	1
0.332	1
0.334	1
0.342	1
0.347	1
0.356	1
0.376	1
0.387	1
0.418	1
0.421	1
0.425	1
0.433	1
0.44	1
0.441	1
0.442	1
0.442	1
0.443	1
0.447	1
0.455	1
0.458	1
0.459	1
0.46	1
0.47	1
0.472	1
0.473	1
0.483	1
0.494	1
0.498	1
0.499	1
0.503	1
0.515	1
0.516	1
0.522	1
0.523	1
0.531	1
0.531	1
0.535	1
0.536	1
0.539	1
0.54	1
0.552	1
0.564	1
0.571	1
0.581	1
0.592	1
0.597	1
0.607	1
0.615	1
0.618	1
0.621	2
0.627	2
0.63	2
0.639	2
0.64	2
0.681	2
0.698	3
0.699	4
0.7	5
0.837	6
0.871	7
0.976	7
0.991	8
2.045	7
2.537	7
3.124	7
3.187	7
3.33	7
3.459	7
4.213	7
4.253	7
4.521	7
6.073	7
6.387	7
6.535	7
6.857	7
6.946	7
7.131	7
7.136	6
7.139	6
7.231	6
7.332	6
7.596	6
8.659	5
9.481	5
9.527	5
9.749	5
10.235	5
11.092	5
11.106	5
11.862	5
13.098	5
13.242	5
14.1	5
14.425	5
14.52	5
14.757	5
14.986	5
16.45	5
16.543	5
17.94	5
18.748	5
19.552	5
20.16	5
20.382	4
21.33	4
21.336	4
21.486	4
22.388	4
22.564	4
23.642	4
24.148	3
24.349	3
24.476	3
24.719	3
27.185	3
27.357	3
27.436	3
27.612	3
28.112	3
28.117	3
28.124	3
28.169	3
28.18	3
28.232	3
28.24	3
28.436	3
28.454	3
28.476	3
28.682	3
29.329	3
29.45	3
32.251	3
32.318	3
34.199	3
34.32	3
34.374	3
34.403	3
34.82	3
35.353	3
35.774	3
36.417	3
36.85	3
37.074	3
37.304	3
37.741	3
37.954	3
38.569	3
39.613	3
39.638	3
40.594	3
40.971	3
41.613	3
41.709	3
42.366	3
44.046	3
45.95	3
47.173	3
50.865	3
53.862	3
73.805	3
79.314	3
79.442	3
0.001	1
0.009	1
0.014	1
0.017	1
0.018	1
0.023	1
0.029	1
0.03	1
0.031	1
0.032	1
0.032	1
0.032	1
0.032	1
0.034	1
0.035	1
0.036	1
0.037	1
0.037	1
0.04	1
0.046	2
0.049	2
0.052	2
0.065	2
0.066	2
0.085	2
0.103	2
0.105	2
0.12	2
0.146	2
0.153	2
0.154	2
0.159	2
0.164	3
0.173	3
0.178	3
0.186	4
0.186	4
0.188	4
0.191	4
0.195	4
0.2	4
0.205	4
0.216	4
0.224	4
0.229	4
0.238	4
0.249	4
0.253	4
0.257	4
0.258	4
0.269	4
0.272	4
0.293	5
0.296	5
0.296	5
0.298	5
0.302	5
0.337	5
0.345	5
0.353	5
0.355	6
0.385	6
0.397	6
0.432	6
0.456	6
0.481	6
0.489	7
0.494	8
0.499	9
0.517	9
0.521	9
0.522	10
0.529	10
0.531	10
0.543	10
0.547	10
0.552	10
0.554	10
0.562	11
0.565	11
0.565	11
0.567	11
0.567	12
0.58	12
0.587	12
0.589	12
0.591	12
0.592	12
0.596	12
0.596	12
0.602	12
0.608	12
0.614	12
0.616	12
0.616	12
0.631	12
0.632	12
0.633	12
0.634	12
0.636	12
0.637	12
0.639	12
0.646	12
0.646	12
0.656	12
0.657	12
0.66	12
0.669	12
0.682	12
0.684	12
0.704	12
0.705	12
0.71	12
0.718	12
0.72	12
0.734	12
0.735	12
0.744	12
0.771	12
0.781	12
0.81	12
0.834	12
0.846	12
0.899	12
0.954	12
1.043	12
1.731	12
1.819	12
2.412	11
2.831	11
2.956	11
3.124	11
3.329	11
3.725	11
4.246	11
4.565	11
5.541	11
5.588	11
5.782	11
5.824	11
6.787	11
6.893	11
6.941	11
7.294	11
7.437	11
7.719	11
8.25	11
8.614	11
9.516	11
9.809	10
10.738	10
12.187	10
12.385	10
12.7	10
12.846	10
14.537	10
14.608	10
15.028	10
15.177	10
15.203	10
15.215	10
15.581	9
15.647	9
15.719	9
15.861	9
16.006	9
16.525	9
17.424	9
17.475	9
17.48	9
17.561	9
19.232	8
19.969	8
19.99	8
20.166	8
20.375	8
20.435	8
20.69	8
20.911	8
20.95	8
21.117	8
22.109	8
22.658	8
24.811	8
25.524	8
25.672	8
26.25	8
26.564	8
27.056	7
27.146	7
30.306	7
30.417	7
30.803	7
30.883	7
30.935	7
30.946	7
30.98	7
31.015	7
31.043	7
31.046	7
31.136	7
32.024	6
32.775	5
32.84	5
33.276	5
33.447	4
34.21	4
34.579	4
34.917	4
34.948	4
35.363	4
35.391	4
35.412	4
35.417	4
35.419	4
35.497	4
35.512	4
35.55	4
35.858	4
35.957	4
37.126	4
37.238	4
37.937	3
39.009	3
40.133	3
41.924	3
42.427	3
42.554	3
42.812	3
43.217	3
44.647	3
48.374	3
49.7	3
49.868	3
50.292	3
52.782	3
59.205	3
68.818	3
70.406	3
70.43	3
71.687	3
74.918	3
0.0	1
0.005	1
0.008	1
0.009	1
0.014	2
0.02	2
0.021	2
0.022	2
0.023	2
0.023	2
0.023	2
0.023	2
0.025	2
0.026	2
0.027	2
0.028	2
0.028	2
0.031	3
0.037	3
0.04	3
0.043	3
0.056	3
0.057	3
0.076	3
0.094	3
0.096	3
0.111	3
0.137	3
0.144	3
0.145	3
0.15	3
0.155	3
0.164	4
0.169	4
0.177	4
0.177	4
0.179	4
0.182	4
0.186	4
0.191	4
0.196	4
0.207	4
0.215	4
0.22	4
0.229	4
0.24	4
0.244	4
0.248	4
0.249	4
0.26	4
0.263	4
0.284	4
0.287	4
0.287	4
0.289	4
0.293	4
0.328	4
0.336	4
0.344	4
0.346	4
0.376	4
0.388	4
0.423	4
0.447	4
0.472	4
0.48	4
0.485	4
0.49	4
0.508	4
0.512	4
0.513	4
0.52	4
0.522	4
0.534	4
0.538	4
0.543	4
0.545	4
0.553	4
0.556	4
0.556	4
0.558	4
0.558	4
0.571	4
0.578	4
0.58	4
0.582	4
0.583	4
0.587	4
0.587	4
0.593	4
0.599	4
0.605	4
0.607	4
0.607	4
0.622	4
0.623	4
0.624	4
0.625	4
0.627	4
0.628	4
0.63	4
0.637	4
0.637	4
0.647	4
0.648	4
0.651	4
0.66	4
0.673	4
0.675	4
0.695	4
0.696	4
0.701	4
0.709	4
0.711	4
0.725	4
0.726	4
0.735	4
0.762	4
0.772	4
0.801	4
0.825	4
0.837	4
0.89	4
0.945	4
1.034	4
1.722	4
1.81	4
2.403	4
2.822	4
2.947	4
3.115	4
3.32	4
3.716	4
4.237	4
4.556	4
5.532	4
5.579	4
5.773	4
5.815	4
6.778	4
6.884	4
6.932	4
7.285	4
7.428	4
7.71	4
8.241	4
8.605	4
9.507	4
9.8	4
10.729	4
12.178	4
12.376	4
12.691	4
12.837	4
14.528	4
14.599	4
15.019	4
15.168	4
15.194	4
15.206	4
15.572	4
15.638	4
15.71	4
15.852	4
15.997	4
16.516	4
17.415	4
17.466	4
17.471	4
17.552	4
19.223	4
19.96	4
19.981	4
20.157	4
20.366	4
20.426	4
20.681	4
20.902	4
20.941	4
21.108	4
22.1	4
22.649	4
24.802	4
25.515	4
25.663	4
26.241	4
26.555	4
27.047	4
27.137	4
30.297	4
30.408	4
30.794	4
30.874	4
30.926	4
30.937	4
30.971	4
31.006	4
31.034	4
31.037	4
31.127	4
32.015	4
32.766	4
32.831	4
33.267	4
33.438	4
34.201	4
34.57	4
34.908	4
34.939	4
35.354	4
35.382	4
35.403	4
35.408	4
35.41	4
35.488	4
35.503	4
35.541	4
35.849	4
35.948	4
37.117	4
37.229	3
37.928	3
39.0	3
40.124	3
41.915	3
42.418	3
42.545	3
42.803	3
43.208	3
44.638	3
48.365	3
49.691	3
49.859	3
50.283	3
52.773	3
59.196	3
68.809	3
70.397	3
70.421	3
71.678	3
74.909	3
0.002	1
0.005	1
0.006	1
0.011	1
0.017	2
0.018	2
0.019	2
0.02	2
0.02	2
0.02	2
0.02	2
0.022	2
0.023	2
0.024	2
0.025	2
0.025	2
0.028	2
0.034	2
0.037	2
0.04	2
0.053	2
0.054	2
0.073	2
0.091	2
0.093	2
0.108	2
0.134	2
0.141	2
0.142	2
0.147	2
0.152	2
0.161	2
0.166	3
0.174	3
0.174	3
0.176	3
0.179	3
0.183	3
0.188	3
0.193	3
0.204	3
0.212	3
0.217	3
0.226	3
0.237	3
0.241	3
0.245	4
0.246	4
0.257	5
0.26	5
0.281	5
0.284	5
0.284	5
0.286	5
0.29	5
0.325	5
0.333	5
0.341	5
0.343	5
0.373	5
0.385	5
0.42	5
0.444	5
0.469	5
0.477	5
0.482	5
0.487	5
0.505	5
0.509	5
0.51	5
0.517	5
0.519	5
0.531	5
0.535	5
0.54	5
0.542	5
0.55	5
0.553	5
0.553	5
0.555	5
0.555	5
0.568	5
0.575	5
0.577	5
0.579	5
0.58	5
0.584	5
0.584	5
0.59	5
0.596	5
0.602	5
0.604	5
0.604	5
0.619	5
0.62	5
0.621	5
0.622	5
0.624	5
0.625	5
0.627	5
0.634	5
0.634	5
0.644	5
0.645	5
0.648	5
0.657	5
0.67	6
0.672	6
0.692	6
0.693	6
0.698	6
0.706	6
0.708	6
0.722	6
0.723	6
0.732	6
0.759	6
0.769	6
0.798	6
0.822	6
0.834	6
0.887	6
0.942	6
1.031	6
1.719	6
1.807	6
2.4	6
2.819	5
2.944	5
3.112	5
3.317	5
3.713	5
4.234	5
4.553	5
5.529	5
5.576	5
5.77	5
5.812	5
6.775	5
6.881	5
6.929	5
7.282	5
7.425	5
7.707	5
8.238	5
8.602	5
9.504	5
9.797	5
10.726	5
12.175	5
12.373	5
12.688	5
12.834	5
14.525	5
14.596	5
15.016	5
15.165	5
15.191	5
15.203	5
15.569	5
15.635	5
15.707	5
15.849	5
15.994	5
16.513	5
17.412	4
17.463	4
17.468	4
17.549	4
19.22	4
19.957	4
19.978	4
20.154	4
20.363	4
20.423	4
20.678	4
20.899	4
20.938	4
21.105	4
22.097	4
22.646	3
24.799	3
25.512	3
25.66	3
26.238	3
26.552	3
27.044	3
27.134	3
30.294	3
30.405	3
30.791	3
30.871	3
30.923	3
30.934	3
30.968	3
31.003	3
31.031	3
31.034	3
31.124	3
32.012	3
32.763	3
32.828	3
33.264	3
33.435	3
34.198	3
34.567	3
34.905	3
34.936	3
35.351	3
35.379	3
35.4	3
35.405	3
35.407	3
35.485	3
35.5	3
35.538	3
35.846	3
35.945	3
37.114	3
37.226	3
37.925	3
38.997	3
40.121	3
41.912	3
42.415	3
42.542	3
42.8	3
43.205	3
44.635	3
48.362	3
49.688	3
49.856	3
50.28	3
52.77	3
59.193	3
68.806	3
70.394	3
70.418	3
71.675	3
74.906	3
0.001	1
0.002	1
0.007	1
0.013	1
0.014	1
0.015	1
0.016	1
0.016	1
0.016	1
0.016	1
0.018	1
0.019	1
0.02	1
0.021	1
0.021	1
0.024	1
0.03	1
0.033	2
0.036	3
0.049	3
0.05	3
0.069	3
0.087	3
0.089	3
0.104	3
0.13	3
0.137	3
0.138	3
0.143	3
0.148	3
0.157	3
0.162	3
0.17	3
0.17	4
0.172	4
0.175	4
0.179	4
0.184	5
0.189	5
0.2	5
0.208	5
0.213	5
0.222	5
0.233	5
0.237	5
0.241	5
0.242	5
0.253	5
0.256	5
0.277	5
0.28	5
0.28	5
0.282	5
0.286	5
0.321	5
0.329	5
0.337	5
0.339	5
0.369	5
0.381	5
0.416	5
0.44	5
0.465	5
0.473	5
0.478	5
0.483	5
0.501	5
0.505	5
0.506	5
0.513	5
0.515	5
0.527	5
0.531	5
0.536	5
0.538	5
0.546	5
0.549	5
0.549	5
0.551	5
0.551	5
0.564	5
0.571	5
0.573	5
0.575	5
0.576	5
0.58	5
0.58	5
0.586	5
0.592	5
0.598	5
0.6	5
0.6	5
0.615	5
0.616	5
0.617	5
0.618	5
0.62	5
0.621	5
0.623	5
0.63	5
0.63	5
0.64	5
0.641	5
0.644	5
0.653	5
0.666	5
0.668	5
0.688	5
0.689	5
0.694	5
0.702	5
0.704	5
0.718	5
0.719	5
0.728	5
0.755	5
0.765	5
0.794	5
0.818	5
0.83	5
0.883	5
0.938	5
1.027	5
1.715	4
1.803	4
2.396	4
2.815	4
2.94	4
3.108	4
3.313	4
3.709	4
4.23	4
4.549	4
5.525	4
5.572	4
5.766	4
5.808	4
6.771	4
6.877	4
6.925	4
7.278	4
7.421	4
7.703	4
8.234	3
8.598	3
9.5	3
9.793	3
10.722	3
12.171	3
12.369	3
12.684	3
12.83	3
14.521	3
14.592	3
15.012	3
15.161	3
15.187	3
15.199	3
15.565	3
15.631	3
15.703	3
15.845	3
15.99	3
16.509	3
17.408	3
17.459	3
17.464	3
17.545	3
19.216	3
19.953	3
19.974	3
20.15	3
20.359	3
20.419	3
20.674	3
20.895	3
20.934	3
21.101	3
22.093	3
22.642	3
24.795	3
25.508	3
25.656	3
26.234	3
26.548	3
27.04	3
27.13	3
30.29	3
30.401	3
30.787	3
30.867	3
30.919	3
30.93	3
30.964	3
30.999	3
31.027	3
31.03	3
31.12	3
32.008	3
32.759	3
32.824	3
33.26	3
33.431	3
34.194	3
34.563	3
34.901	3
34.932	3
35.347	3
35.375	3
35.396	3
35.401	3
35.403	3
35.481	3
35.496	3
35.534	3
35.842	3
35.941	3
37.11	3
37.222	3
37.921	3
38.993	3
40.117	3
41.908	3
42.411	3
42.538	3
42.796	3
43.201	3
44.631	3
48.358	3
49.684	3
49.852	3
50.276	3
52.766	3
59.189	3
68.802	3
70.39	3
70.414	3
71.671	3
74.902	3
0.0	1
0.005	1
0.011	1
0.012	1
0.013	1
0.014	1
0.014	1
0.014	1
0.014	1
0.016	1
0.017	1
0.018	1
0.019	1
0.019	1
0.022	1
0.028	1
0.031	1
0.034	1
0.047	1
0.048	1
0.067	1
0.085	2
0.087	2
0.102	2
0.128	2
0.135	2
0.136	2
0.141	3
0.146	3
0.155	3
0.16	3
0.168	3
0.168	3
0.17	3
0.173	3
0.177	3
0.182	3
0.187	3
0.198	3
0.206	3
0.211	3
0.22	3
0.231	3
0.235	3
0.239	3
0.24	3
0.251	3
0.254	3
0.275	3
0.278	3
0.278	3
0.28	3
0.284	4
0.319	4
0.327	4
0.335	4
0.337	4
0.367	4
0.379	4
0.414	4
0.438	4
0.463	4
0.471	4
0.476	4
0.481	4
0.499	4
0.503	4
0.504	4
0.511	5
0.513	5
0.525	5
0.529	5
0.534	5
0.536	5
0.544	5
0.547	5
0.547	5
0.549	5
0.549	5
0.562	5
0.569	5
0.571	5
0.573	5
0.574	5
0.578	5
0.578	5
0.584	5
0.59	5
0.596	5
0.598	5
0.598	5
0.613	5
0.614	5
0.615	5
0.616	5
0.618	6
0.619	6
0.621	6
0.628	6
0.628	6
0.638	6
0.639	6
0.642	6
0.651	6
0.664	6
0.666	6
0.686	6
0.687	6
0.692	6
0.7	6
0.702	6
0.716	6
0.717	6
0.726	6
0.753	6
0.763	6
0.792	6
0.816	6
0.828	6
0.881	6
0.936	6
1.025	6
1.713	6
1.801	6
2.394	6
2.813	6
2.938	6
3.106	6
3.311	6
3.707	6
4.228	6
4.547	6
5.523	5
5.57	5
5.764	5
5.806	5
6.769	5
6.875	5
6.923	5
7.276	5
7.419	5
7.701	5
8.232	5
8.596	5
9.498	5
9.791	5
10.72	5
12.169	5
12.367	5
12.682	5
12.828	5
14.519	5
14.59	5
15.01	5
15.159	5
15.185	5
15.197	5
15.563	5
15.629	4
15.701	4
15.843	4
15.988	4
16.507	4
17.406	4
17.457	4
17.462	4
17.543	4
19.214	4
19.951	4
19.972	4
20.148	4
20.357	4
20.417	4
20.672	4
20.893	4
20.932	4
21.099	4
22.091	4
22.64	4
24.793	4
25.506	4
25.654	4
26.232	4
26.546	4
27.038	4
27.128	4
30.288	4
30.399	4
30.785	4
30.865	4
30.917	4
30.928	4
30.962	4
30.997	4
31.025	4
31.028	4
31.118	4
32.006	4
32.757	4
32.822	4
33.258	4
33.429	4
34.192	4
34.561	4
34.899	3
34.93	2
35.345	3
35.373	4
35.394	5
35.399	6
35.401	7
35.479	8
35.494	9
35.532	10
35.84	11
35.939	10
37.108	10
37.22	10
37.919	10
38.991	10
40.115	10
41.906	10
42.409	10
42.536	9
42.794	9
43.199	9
44.629	9
48.356	9
49.682	8
49.85	7
50.274	7
52.764	6
59.187	6
68.8	5
70.388	4
70.412	3
71.669	3
74.9	3
0.001	1
0.002	1
0.003	1
0.003	1
0.003	1
0.003	1
0.005	1
0.006	1
0.007	1
0.008	1
0.008	1
0.011	1
0.017	1
0.02	1
0.023	1
0.036	1
0.037	1
0.056	2
0.074	2
0.076	2
0.091	2
0.117	2
0.124	2
0.125	2
0.13	2
0.135	2
0.144	2
0.149	2
0.157	2
0.157	2
0.159	2
0.162	2
0.166	2
0.171	2
0.176	2
0.187	2
0.195	2
0.2	3
0.209	3
0.22	4
0.224	4
0.228	4
0.229	4
0.24	4
0.243	4
0.264	4
0.267	4
0.267	5
0.269	5
0.273	5
0.308	5
0.316	5
0.324	5
0.326	5
0.356	5
0.368	5
0.403	5
0.427	5
0.452	5
0.46	5
0.465	5
0.47	5
0.488	6
0.492	6
0.493	6
0.5	6
0.502	7
0.514	8
0.518	8
0.523	8
0.525	8
0.533	8
0.536	8
0.536	9
0.538	9
0.538	9
0.551	9
0.558	9
0.56	9
0.562	9
0.563	9
0.567	9
0.567	9
0.573	9
0.579	10
0.585	10
0.587	10
0.587	11
0.602	11
0.603	11
0.604	11
0.605	11
0.607	11
0.608	11
0.61	11
0.617	11
0.617	11
0.627	11
0.628	11
0.631	11
0.64	11
0.653	11
0.655	11
0.675	11
0.676	11
0.681	11
0.689	11
0.691	11
0.705	11
0.706	11
0.715	11
0.742	11
0.752	11
0.781	11
0.805	11
0.817	11
0.87	11
0.925	11
1.014	11
1.702	11
1.79	11
2.383	11
2.802	11
2.927	11
3.095	11
3.3	10
3.696	10
4.217	10
4.536	10
5.512	10
5.559	10
5.753	10
5.795	10
6.758	10
6.864	10
6.912	10
7.265	10
7.408	10
7.69	10
8.221	10
8.585	10
9.487	10
9.78	10
10.709	10
12.158	10
12.356	10
12.671	10
12.817	10
14.508	10
14.579	10
14.999	10
15.148	10
15.174	10
15.186	10
15.552	10
15.618	10
15.69	10
15.832	10
15.977	9
16.496	9
17.395	9
17.446	9
17.451	8
17.532	8
19.203	8
19.94	8
19.961	8
20.137	8
20.346	8
20.406	8
20.661	8
20.882	8
20.921	8
21.088	8
22.08	8
22.629	8
24.782	8
25.495	8
25.643	8
26.221	8
26.535	8
27.027	8
27.117	8
30.277	8
30.388	8
30.774	8
30.854	8
30.906	8
30.917	8
30.951	8
30.986	8
31.014	8
31.017	8
31.107	8
31.995	8
32.746	8
32.811	8
33.247	8
33.418	8
34.181	7
34.55	7
34.888	7
34.919	7
35.334	7
35.362	7
35.383	7
35.388	7
35.39	7
35.468	7
35.483	7
35.521	7
35.829	7
35.928	7
37.097	7
37.209	7
37.908	7
38.98	7
40.104	6
41.895	6
42.398	5
42.525	5
42.783	5
43.188	4
44.618	3
48.345	3
49.671	3
49.839	3
50.263	3
52.753	3
59.176	3
68.789	3
70.377	3
70.401	3
71.658	3
74.889	3
0.0	1
0.001	1
0.001	1
0.001	1
0.001	1
0.003	1
0.004	1
0.005	1
0.006	1
0.006	1
0.009	1
0.015	1
0.018	1
0.021	1
0.034	1
0.035	1
0.054	1
0.072	1
0.074	1
0.089	2
0.115	2
0.122	2
0.123	3
0.128	3
0.133	3
0.142	3
0.147	3
0.155	3
0.155	3
0.157	3
0.16	3
0.164	3
0.169	3
0.174	3
0.185	3
0.193	3
0.198	3
0.207	3
0.218	3
0.222	3
0.226	3
0.227	3
0.238	3
0.241	4
0.262	4
0.265	5
0.265	5
0.267	5
0.271	5
0.306	5
0.314	5
0.322	5
0.324	5
0.354	5
0.366	5
0.401	5
0.425	5
0.45	5
0.458	5
0.463	5
0.468	5
0.486	5
0.49	5
0.491	5
0.498	5
0.5	5
0.512	5
0.516	5
0.521	5
0.523	6
0.531	6
0.534	6
0.534	6
0.536	6
0.536	6
0.549	6
0.556	6
0.558	6
0.56	6
0.561	6
0.565	6
0.565	6
0.571	6
0.577	6
0.583	6
0.585	6
0.585	6
0.6	6
0.601	6
0.602	6
0.603	6
0.605	6
0.606	6
0.608	6
0.615	6
0.615	6
0.625	6
0.626	6
0.629	6
0.638	6
0.651	6
0.653	6
0.673	6
0.674	6
0.679	6
0.687	6
0.689	6
0.703	6
0.704	6
0.713	6
0.74	6
0.75	6
0.779	6
0.803	6
0.815	6
0.868	6
0.923	6
1.012	6
1.7	6
1.788	6
2.381	6
2.8	6
2.925	6
3.093	6
3.298	6
3.694	6
4.215	6
4.534	6
5.51	6
5.557	6
5.751	6
5.793	6
6.756	6
6.862	6
6.91	6
7.263	6
7.406	6
7.688	6
8.219	6
8.583	6
9.485	6
9.778	6
10.707	6
12.156	6
12.354	6
12.669	6
12.815	6
14.506	6
14.577	6
14.997	6
15.146	6
15.172	6
15.184	6
15.55	6
15.616	6
15.688	6
15.83	6
15.975	6
16.494	6
17.393	6
17.444	5
17.449	5
17.53	5
19.201	5
19.938	5
19.959	4
20.135	4
20.344	4
20.404	4
20.659	4
20.88	4
20.919	4
21.086	4
22.078	4
22.627	4
24.78	4
25.493	4
25.641	4
26.219	3
26.533	3
27.025	3
27.115	3
30.275	3
30.386	3
30.772	3
30.852	3
30.904	3
30.915	3
30.949	3
30.984	3
31.012	3
31.015	3
31.105	3
31.993	3
32.744	3
32.809	3
33.245	3
33.416	3
34.179	3
34.548	3
34.886	3
34.917	3
35.332	3
35.36	3
35.381	3
35.386	3
35.388	3
35.466	3
35.481	3
35.519	3
35.827	3
35.926	3
37.095	3
37.207	3
37.906	3
38.978	3
40.102	3
41.893	3
42.396	3
42.523	3
42.781	3
43.186	3
44.616	3
48.343	3
49.669	3
49.837	3
50.261	3
52.751	3
59.174	3
68.787	3
70.375	3
70.399	3
71.656	3
74.887	3
0.0	1
0.0	1
0.0	1
0.0	1
0.002	1
0.003	1
0.004	1
0.005	1
0.005	1
0.008	1
0.014	1
0.017	1
0.02	1
0.033	1
0.034	1
0.053	1
0.071	1
0.073	1
0.088	1
0.114	1
0.121	1
0.122	1
0.127	1
0.132	1
0.141	1
0.146	1
0.154	1
0.154	1
0.156	1
0.159	1
0.163	1
0.168	1
0.173	1
0.184	1
0.192	1
0.197	1
0.206	1
0.217	1
0.221	1
0.225	1
0.226	1
0.237	1
0.24	1
0.261	1
0.264	1
0.264	1
0.266	1
0.27	1
0.305	1
0.313	1
0.321	1
0.323	1
0.353	1
0.365	1
0.4	1
0.424	1
0.449	1
0.457	1
0.462	1
0.467	1
0.485	1
0.489	1
0.49	1
0.497	1
0.499	1
0.511	1
0.515	1
0.52	1
0.522	1
0.53	1
0.533	1
0.533	1
0.535	1
0.535	1
0.548	1
0.555	2
0.557	2
0.559	2
0.56	2
0.564	2
0.564	2
0.57	2
0.576	2
0.582	2
0.584	2
0.584	2
0.599	2
0.6	2
0.601	2
0.602	2
0.604	2
0.605	3
0.607	3
0.614	3
0.614	3
0.624	3
0.625	3
0.628	4
0.637	4
0.65	4
0.652	4
0.672	4
0.673	4
0.678	4
0.686	4
0.688	5
0.702	5
0.703	5
0.712	6
0.739	7
0.749	7
0.778	7
0.802	8
0.814	8
0.867	9
0.922	10
1.011	9
1.699	9
1.787	9
2.38	9
2.799	9
2.924	8
3.092	8
3.297	8
3.693	8
4.214	8
4.533	8
5.509	8
5.556	8
5.75	8
5.792	8
6.755	8
6.861	8
6.909	8
7.262	8
7.405	8
7.687	8
8.218	8
8.582	8
9.484	8
9.777	8
10.706	8
12.155	8
12.353	8
12.668	8
12.814	7
14.505	7
14.576	7
14.996	7
15.145	7
15.171	7
15.183	7
15.549	7
15.615	7
15.687	7
15.829	6
15.974	6
16.493	5
17.392	5
17.443	5
17.448	5
17.529	5
19.2	5
19.937	5
19.958	5
20.134	5
20.343	5
20.403	5
20.658	5
20.879	5
20.918	5
21.085	5
22.077	5
22.626	5
24.779	5
25.492	5
25.64	5
26.218	5
26.532	4
27.024	4
27.114	4
30.274	3
30.385	2
30.771	3
30.851	3
30.903	4
30.914	5
30.948	6
30.983	7
31.011	8
31.014	9
31.104	10
31.992	10
32.743	10
32.808	10
33.244	10
33.415	10
34.178	10
34.547	10
34.885	10
34.916	10
35.331	10
35.359	10
35.38	10
35.385	10
35.387	10
35.465	10
35.48	10
35.518	10
35.826	10
35.925	10
37.094	10
37.206	10
37.905	10
38.977	10
40.101	10
41.892	9
42.395	9
42.522	9
42.78	8
43.185	8
44.615	8
48.342	7
49.668	7
49.836	7
50.26	6
52.75	6
59.173	5
68.786	5
70.374	5
70.398	5
71.655	4
74.886	3
0.0	1
0.0	1
0.0	1
0.002	1
0.003	1
0.004	1
0.005	1
0.005	1
0.008	1
0.014	1
0.017	1
0.02	1
0.033	1
0.034	1
0.053	1
0.071	1
0.073	1
0.088	1
0.114	1
0.121	1
0.122	1
0.127	1
0.132	1
0.141	1
0.146	1
0.154	1
0.154	1
0.156	1
0.159	2
0.163	2
0.168	2
0.173	2
0.184	3
0.192	3
0.197	3
0.206	4
0.217	4
0.221	4
0.225	4
0.226	4
0.237	4
0.24	4
0.261	4
0.264	4
0.264	4
0.266	4
0.27	4
0.305	4
0.313	4
0.321	4
0.323	4
0.353	4
0.365	4
0.4	4
0.424	4
0.449	4
0.457	4
0.462	4
0.467	4
0.485	4
0.489	4
0.49	4
0.497	4
0.499	4
0.511	4
0.515	4
0.52	4
0.522	4
0.53	4
0.533	5
0.533	5
0.535	5
0.535	5
0.548	6
0.555	6
0.557	6
0.559	6
0.56	6
0.564	6
0.564	6
0.57	6
0.576	6
0.582	6
0.584	7
0.584	7
0.599	7
0.6	7
0.601	7
0.602	7
0.604	7
0.605	7
0.607	7
0.614	7
0.614	8
0.624	8
0.625	8
0.628	8
0.637	8
0.65	8
0.652	8
0.672	8
0.673	8
0.678	8
0.686	8
0.688	8
0.702	8
0.703	8
0.712	8
0.739	8
0.749	8
0.778	8
0.802	8
0.814	8
0.867	8
0.922	8
1.011	8
1.699	8
1.787	8
2.38	8
2.799	8
2.924	8
3.092	7
3.297	7
3.693	7
4.214	6
4.533	6
5.509	6
5.556	6
5.75	6
5.792	6
6.755	6
6.861	6
6.909	6
7.262	6
7.405	6
7.687	6
8.218	6
8.582	6
9.484	6
9.777	6
10.706	6
12.155	6
12.353	6
12.668	6
12.814	6
14.505	6
14.576	6
14.996	6
15.145	6
15.171	6
15.183	5
15.549	5
15.615	5
15.687	5
15.829	5
15.974	5
16.493	5
17.392	5
17.443	5
17.448	5
17.529	5
19.2	5
19.937	5
19.958	5
20.134	5
20.343	5
20.403	4
20.658	4
20.879	4
20.918	4
21.085	4
22.077	3
22.626	3
24.779	3
25.492	3
25.64	3
26.218	3
26.532	3
27.024	3
27.114	3
30.274	3
30.385	3
30.771	3
30.851	3
30.903	3
30.914	3
30.948	3
30.983	3
31.011	3
31.014	3
31.104	3
31.992	3
32.743	3
32.808	3
33.244	3
33.415	3
34.178	3
34.547	3
34.885	3
34.916	3
35.331	3
35.359	3
35.38	3
35.385	3
35.387	3
35.465	3
35.48	3
35.518	3
35.826	3
35.925	3
37.094	3
37.206	3
37.905	3
38.977	3
40.101	3
41.892	3
42.395	3
42.522	3
42.78	3
43.185	3
44.615	3
48.342	3
49.668	3
49.836	3
50.26	3
52.75	3
59.173	3
68.786	3
70.374	3
70.398	3
71.655	3
74.886	3
0.0	1
0.0	1
0.002	1
0.003	1
0.004	1
0.005	1
0.005	1
0.008	1
0.014	1
0.017	1
0.02	1
0.033	1
0.034	1
0.053	1
0.071	1
0.073	1
0.088	1
0.114	1
0.121	1
0.122	1
0.127	1
0.132	1
0.141	1
0.146	1
0.154	1
0.154	1
0.156	1
0.159	1
0.163	1
0.168	1
0.173	1
0.184	1
0.192	2
0.197	2
0.206	2
0.217	2
0.221	2
0.225	2
0.226	2
0.237	2
0.24	2
0.261	2
0.264	2
0.264	2
0.266	2
0.27	2
0.305	2
0.313	3
0.321	3
0.323	3
0.353	3
0.365	3
0.4	4
0.424	4
0.449	4
0.457	4
0.462	4
0.467	4
0.485	4
0.489	4
0.49	4
0.497	4
0.499	4
0.511	4
0.515	4
0.52	4
0.522	4
0.53	4
0.533	4
0.533	4
0.535	4
0.535	4
0.548	4
0.555	4
0.557	5
0.559	5
0.56	5
0.564	6
0.564	6
0.57	6
0.576	6
0.582	6
0.584	6
0.584	6
0.599	6
0.6	6
0.601	6
0.602	6
0.604	6
0.605	6
0.607	6
0.614	6
0.614	6
0.624	6
0.625	6
0.628	6
0.637	7
0.65	7
0.652	7
0.672	7
0.673	7
0.678	8
0.686	9
0.688	9
0.702	9
0.703	10
0.712	10
0.739	10
0.749	10
0.778	10
0.802	10
0.814	10
0.867	10
0.922	10
1.011	10
1.699	10
1.787	10
2.38	10
2.799	10
2.924	10
3.092	10
3.297	10
3.693	10
4.214	10
4.533	10
5.509	10
5.556	10
5.75	9
5.792	8
6.755	7
6.861	6
6.909	6
7.262	6
7.405	6
7.687	6
8.218	6
8.582	6
9.484	6
9.777	6
10.706	6
12.155	6
12.353	6
12.668	6
12.814	6
14.505	6
14.576	6
14.996	6
15.145	6
15.171	6
15.183	6
15.549	6
15.615	6
15.687	6
15.829	6
15.974	6
16.493	6
17.392	6
17.443	6
17.448	6
17.529	6
19.2	6
19.937	6
19.958	6
20.134	5
20.343	5
20.403	5
20.658	5
20.879	5
20.918	5
21.085	4
22.077	4
22.626	4
24.779	4
25.492	3
25.64	3
26.218	3
26.532	3
27.024	3
27.114	3
30.274	3
30.385	3
30.771	3
30.851	3
30.903	3
30.914	3
30.948	3
30.983	3
31.011	3
31.014	3
31.104	3
31.992	3
32.743	3
32.808	3
33.244	3
33.415	3
34.178	3
34.547	3
34.885	3
34.916	3
35.331	3
35.359	3
35.38	3
35.385	3
35.387	3
35.465	3
35.48	3
35.518	3
35.826	3
35.925	3
37.094	3
37.206	3
37.905	3
38.977	3
40.101	3
41.892	3
42.395	3
42.522	3
42.78	3
43.185	3
44.615	3
48.342	3
49.668	3
49.836	3
50.26	3
52.75	3
59.173	3
68.786	3
70.374	3
70.398	3
71.655	3
74.886	3
0.0	1
0.002	1
0.003	1
0.004	1
0.005	1
0.005	1
0.008	1
0.014	1
0.017	1
0.02	1
0.033	1
0.034	1
0.053	1
0.071	1
0.073	1
0.088	1
0.114	2
0.121	2
0.122	2
0.127	2
0.132	2
0.141	2
0.146	2
0.154	2
0.154	2
0.156	2
0.159	2
0.163	2
0.168	2
0.173	2
0.184	2
0.192	2
0.197	2
0.206	2
0.217	2
0.221	2
0.225	2
0.226	2
0.237	2
0.24	2
0.261	2
0.264	2
0.264	2
0.266	3
0.27	3
0.305	3
0.313	3
0.321	3
0.323	3
0.353	3
0.365	3
0.4	3
0.424	3
0.449	3
0.457	3
0.462	3
0.467	3
0.485	3
0.489	3
0.49	3
0.497	3
0.499	3
0.511	3
0.515	3
0.52	4
0.522	4
0.53	4
0.533	4
0.533	4
0.535	4
0.535	4
0.548	4
0.555	4
0.557	4
0.559	4
0.56	4
0.564	4
0.564	4
0.57	4
0.576	4
0.582	4
0.584	4
0.584	4
0.599	4
0.6	4
0.601	4
0.602	4
0.604	4
0.605	4
0.607	5
0.614	5
0.614	5
0.624	6
0.625	6
0.628	6
0.637	6
0.65	6
0.652	6
0.672	6
0.673	6
0.678	6
0.686	6
0.688	6
0.702	6
0.703	6
0.712	6
0.739	6
0.749	7
0.778	8
0.802	8
0.814	9
0.867	9
0.922	9
1.011	9
1.699	9
1.787	9
2.38	9
2.799	9
2.924	9
3.092	9
3.297	9
3.693	9
4.214	9
4.533	9
5.509	9
5.556	8
5.75	8
5.792	8
6.755	8
6.861	8
6.909	8
7.262	8
7.405	8
7.687	8
8.218	8
8.582	8
9.484	8
9.777	8
10.706	8
12.155	7
12.353	7
12.668	6
12.814	6
14.505	6
14.576	5
14.996	5
15.145	5
15.171	5
15.183	5
15.549	5
15.615	5
15.687	4
15.829	4
15.974	4
16.493	4
17.392	4
17.443	4
17.448	4
17.529	4
19.2	4
19.937	4
19.958	4
20.134	4
20.343	4
20.403	4
20.658	4
20.879	4
20.918	4
21.085	4
22.077	4
22.626	4
24.779	4
25.492	4
25.64	4
26.218	4
26.532	4
27.024	4
27.114	4
30.274	4
30.385	4
30.771	4
30.851	4
30.903	4
30.914	4
30.948	4
30.983	4
31.011	4
31.014	4
31.104	4
31.992	4
32.743	4
32.808	4
33.244	3
33.415	3
34.178	3
34.547	3
34.885	3
34.916	3
35.331	3
35.359	3
35.38	3
35.385	3
35.387	3
35.465	3
35.48	3
35.518	3
35.826	3
35.925	3
37.094	3
37.206	3
37.905	3
38.977	3
40.101	3
41.892	3
42.395	3
42.522	3
42.78	3
43.185	3
44.615	3
48.342	3
49.668	3
49.836	3
50.26	3
52.75	3
59.173	3
68.786	3
70.374	3
70.398	3
71.655	3
74.886	3
0.0	1
0.001	1
0.002	1
0.003	1
0.003	1
0.006	1
0.012	1
0.015	1
0.018	1
0.031	1
0.032	1
0.051	1
0.069	1
0.071	1
0.086	1
0.112	1
0.119	2
0.12	2
0.125	2
0.13	2
0.139	2
0.144	2
0.152	2
0.152	2
0.154	2
0.157	2
0.161	2
0.166	2
0.171	2
0.182	2
0.19	2
0.195	2
0.204	2
0.215	2
0.219	2
0.223	2
0.224	2
0.235	2
0.238	2
0.259	2
0.262	2
0.262	2
0.264	2
0.268	2
0.303	2
0.311	2
0.319	3
0.321	3
0.351	3
0.363	3
0.398	3
0.422	3
0.447	3
0.455	3
0.46	3
0.465	3
0.483	3
0.487	3
0.488	3
0.495	3
0.497	3
0.509	3
0.513	3
0.518	3
0.52	3
0.528	3
0.531	3
0.531	3
0.533	3
0.533	3
0.546	3
0.553	3
0.555	3
0.557	3
0.558	3
0.562	3
0.562	3
0.568	3
0.574	3
0.58	3
0.582	3
0.582	3
0.597	3
0.598	3
0.599	4
0.6	4
0.602	4
0.603	4
0.605	4
0.612	4
0.612	4
0.622	4
0.623	4
0.626	4
0.635	4
0.648	4
0.65	5
0.67	5
0.671	5
0.676	5
0.684	5
0.686	5
0.7	5
0.701	5
0.71	5
0.737	5
0.747	5
0.776	5
0.8	5
0.812	5
0.865	5
0.92	5
1.009	5
1.697	5
1.785	5
2.378	5
2.797	5
2.922	5
3.09	5
3.295	5
3.691	5
4.212	5
4.531	5
5.507	5
5.554	5
5.748	5
5.79	5
6.753	5
6.859	5
6.907	5
7.26	5
7.403	5
7.685	5
8.216	5
8.58	5
9.482	4
9.775	4
10.704	4
12.153	4
12.351	4
12.666	4
12.812	4
14.503	4
14.574	4
14.994	4
15.143	4
15.169	4
15.181	4
15.547	4
15.613	4
15.685	4
15.827	4
15.972	4
16.491	4
17.39	4
17.441	4
17.446	4
17.527	4
19.198	4
19.935	4
19.956	4
20.132	4
20.341	4
20.401	4
20.656	4
20.877	4
20.916	4
21.083	4
22.075	4
22.624	4
24.777	3
25.49	3
25.638	3
26.216	3
26.53	3
27.022	3
27.112	3
30.272	3
30.383	3
30.769	3
30.849	3
30.901	3
30.912	3
30.946	3
30.981	3
31.009	3
31.012	3
31.102	3
31.99	3
32.741	3
32.806	3
33.242	3
33.413	3
34.176	3
34.545	3
34.883	3
34.914	3
35.329	3
35.357	3
35.378	3
35.383	3
35.385	3
35.463	3
35.478	3
35.516	3
35.824	3
35.923	3
37.092	3
37.204	3
37.903	3
38.975	3
40.099	3
41.89	3
42.393	3
42.52	3
42.778	3
43.183	3
44.613	3
48.34	3
49.666	3
49.834	3
50.258	3
52.748	3
59.171	3
68.784	3
70.372	3
70.396	3
71.653	3
74.884	3
0.0	1
0.001	1
0.002	1
0.002	1
0.005	1
0.011	1
0.014	1
0.017	1
0.03	1
0.031	1
0.05	1
0.068	1
0.07	1
0.085	1
0.111	1
0.118	1
0.119	1
0.124	1
0.129	1
0.138	1
0.143	1
0.151	1
0.151	1
0.153	1
0.156	1
0.16	1
0.165	1
0.17	1
0.181	1
0.189	1
0.194	1
0.203	1
0.214	1
0.218	1
0.222	1
0.223	1
0.234	1
0.237	1
0.258	1
0.261	1
0.261	1
0.263	1
0.267	1
0.302	2
0.31	2
0.318	2
0.32	2
0.35	3
0.362	4
0.397	4
0.421	4
0.446	4
0.454	4
0.459	4
0.464	4
0.482	4
0.486	5
0.487	5
0.494	5
0.496	5
0.508	5
0.512	5
0.517	5
0.519	5
0.527	5
0.53	5
0.53	5
0.532	6
0.532	6
0.545	6
0.552	6
0.554	6
0.556	6
0.557	7
0.561	7
0.561	8
0.567	9
0.573	9
0.579	9
0.581	9
0.581	9
0.596	9
0.597	10
0.598	10
0.599	10
0.601	10
0.602	10
0.604	10
0.611	10
0.611	10
0.621	10
0.622	10
0.625	10
0.634	10
0.647	10
0.649	10
0.669	10
0.67	10
0.675	10
0.683	10
0.685	10
0.699	11
0.7	11
0.709	11
0.736	11
0.746	11
0.775	11
0.799	11
0.811	11
0.864	11
0.919	11
1.008	11
1.696	11
1.784	11
2.377	11
2.796	11
2.921	11
3.089	11
3.294	11
3.69	10
4.211	10
4.53	10
5.506	10
5.553	10
5.747	10
5.789	10
6.752	10
6.858	10
6.906	10
7.259	9
7.402	9
7.684	9
8.215	9
8.579	9
9.481	9
9.774	9
10.703	9
12.152	9
12.35	8
12.665	8
12.811	8
14.502	8
14.573	8
14.993	8
15.142	7
15.168	6
15.18	6
15.546	6
15.612	6
15.684	6
15.826	6
15.971	6
16.49	6
17.389	6
17.44	6
17.445	6
17.526	5
19.197	5
19.934	5
19.955	5
20.131	5
20.34	5
20.4	5
20.655	5
20.876	5
20.915	5
21.082	5
22.074	5
22.623	5
24.776	5
25.489	5
25.637	5
26.215	5
26.529	5
27.021	5
27.111	4
30.271	4
30.382	4
30.768	4
30.848	3
30.9	3
30.911	3
30.945	3
30.98	3
31.008	3
31.011	3
31.101	3
31.989	3
32.74	3
32.805	3
33.241	3
33.412	3
34.175	3
34.544	3
34.882	3
34.913	3
35.328	3
35.356	3
35.377	3
35.382	3
35.384	3
35.462	3
35.477	3
35.515	3
35.823	3
35.922	3
37.091	3
37.203	3
37.902	3
38.974	3
40.098	3
41.889	3
42.392	3
42.519	3
42.777	3
43.182	3
44.612	3
48.339	3
49.665	3
49.833	3
50.257	3
52.747	3
59.17	3
68.783	3
70.371	3
70.395	3
71.652	3
74.883	3
0.0	1
0.001	1
0.001	1
0.004	1
0.01	1
0.013	1
0.016	1
0.029	1
0.03	2
0.049	2
0.067	2
0.069	2
0.084	2
0.11	2
0.117	2
0.118	2
0.123	2
0.128	2
0.137	2
0.142	2
0.15	2
0.15	2
0.152	2
0.155	2
0.159	2
0.164	2
0.169	3
0.18	3
0.188	3
0.193	3
0.202	3
0.213	3
0.217	3
0.221	3
0.222	3
0.233	3
0.236	3
0.257	3
0.26	3
0.26	3
0.262	3
0.266	3
0.301	3
0.309	3
0.317	3
0.319	3
0.349	3
0.361	3
0.396	3
0.42	3
0.445	3
0.453	3
0.458	3
0.463	3
0.481	3
0.485	3
0.486	3
0.493	3
0.495	3
0.507	3
0.511	4
0.516	4
0.518	4
0.526	4
0.529	4
0.529	4
0.531	4
0.531	4
0.544	4
0.551	4
0.553	4
0.555	4
0.556	4
0.56	4
0.56	4
0.566	4
0.572	4
0.578	4
0.58	4
0.58	4
0.595	4
0.596	4
0.597	4
0.598	5
0.6	5
0.601	5
0.603	5
0.61	5
0.61	5
0.62	5
0.621	5
0.624	5
0.633	5
0.646	5
0.648	5
0.668	6
0.669	7
0.674	7
0.682	7
0.684	7
0.698	7
0.699	7
0.708	7
0.735	7
0.745	7
0.774	7
0.798	7
0.81	7
0.863	7
0.918	7
1.007	7
1.695	7
1.783	6
2.376	6
2.795	6
2.92	6
3.088	6
3.293	6
3.689	6
4.21	6
4.529	5
5.505	5
5.552	5
5.746	5
5.788	5
6.751	5
6.857	5
6.905	5
7.258	5
7.401	4
7.683	3
8.214	3
8.578	3
9.48	3
9.773	3
10.702	3
12.151	3
12.349	3
12.664	3
12.81	3
14.501	3
14.572	3
14.992	3
15.141	3
15.167	3
15.179	3
15.545	3
15.611	3
15.683	3
15.825	3
15.97	3
16.489	3
17.388	3
17.439	3
17.444	3
17.525	3
19.196	3
19.933	3
19.954	3
20.13	3
20.339	3
20.399	3
20.654	3
20.875	3
20.914	3
21.081	3
22.073	3
22.622	3
24.775	3
25.488	3
25.636	3
26.214	3
26.528	3
27.02	3
27.11	3
30.27	3
30.381	3
30.767	3
30.847	3
30.899	3
30.91	3
30.944	3
30.979	3
31.007	3
31.01	3
31.1	3
31.988	3
32.739	3
32.804	3
33.24	3
33.411	3
34.174	3
34.543	3
34.881	3
34.912	3
35.327	3
35.355	3
35.376	3
35.381	3
35.383	3
35.461	3
35.476	3
35.514	3
35.822	3
35.921	3
37.09	3
37.202	3
37.901	3
38.973	3
40.097	3
41.888	3
42.391	3
42.518	3
42.776	3
43.181	3
44.611	3
48.338	3
49.664	3
49.832	3
50.256	3
52.746	3
59.169	3
68.782	3
70.37	3
70.394	3
71.651	3
74.882	3
0.0	1
0.0	1
0.003	1
0.009	1
0.012	1
0.015	1
0.028	2
0.029	2
0.048	2
0.066	2
0.068	3
0.083	3
0.109	3
0.116	3
0.117	3
0.122	3
0.127	3
0.136	3
0.141	3
0.149	3
0.149	3
0.151	4
0.154	4
0.158	5
0.163	5
0.168	5
0.179	5
0.187	5
0.192	5
0.201	5
0.212	5
0.216	5
0.22	5
0.221	5
0.232	5
0.235	5
0.256	5
0.259	5
0.259	5
0.261	5
0.265	5
0.3	5
0.308	5
0.316	5
0.318	5
0.348	5
0.36	5
0.395	5
0.419	5
0.444	6
0.452	6
0.457	6
0.462	6
0.48	6
0.484	6
0.485	6
0.492	6
0.494	6
0.506	6
0.51	6
0.515	6
0.517	6
0.525	6
0.528	6
0.528	6
0.53	6
0.53	6
0.543	6
0.55	6
0.552	6
0.554	7
0.555	7
0.559	7
0.559	7
0.565	7
0.571	7
0.577	7
0.579	7
0.579	7
0.594	7
0.595	7
0.596	7
0.597	7
0.599	7
0.6	7
0.602	7
0.609	7
0.609	7
0.619	7
0.62	7
0.623	7
0.632	7
0.645	7
0.647	7
0.667	7
0.668	7
0.673	7
0.681	7
0.683	7
0.697	7
0.698	7
0.707	7
0.734	7
0.744	7
0.773	7
0.797	7
0.809	7
0.862	7
0.917	7
1.006	7
1.694	7
1.782	7
2.375	7
2.794	7
2.919	7
3.087	7
3.292	7
3.688	7
4.209	7
4.528	7
5.504	7
5.551	7
5.745	7
5.787	7
6.75	7
6.856	7
6.904	7
7.257	7
7.4	7
7.682	7
8.213	7
8.577	7
9.479	7
9.772	7
10.701	7
12.15	7
12.348	7
12.663	7
12.809	7
14.5	7
14.571	7
14.991	6
15.14	6
15.166	6
15.178	6
15.544	6
15.61	6
15.682	6
15.824	6
15.969	6
16.488	6
17.387	6
17.438	6
17.443	6
17.524	6
19.195	6
19.932	6
19.953	6
20.129	6
20.338	6
20.398	6
20.653	6
20.874	6
20.913	6
21.08	6
22.072	6
22.621	6
24.774	6
25.487	6
25.635	6
26.213	6
26.527	6
27.019	6
27.109	6
30.269	6
30.38	6
30.766	6
30.846	6
30.898	6
30.909	6
30.943	6
30.978	6
31.006	6
31.009	6
31.099	6
31.987	6
32.738	6
32.803	5
33.239	5
33.41	5
34.173	5
34.542	5
34.88	5
34.911	5
35.326	5
35.354	5
35.375	5
35.38	5
35.382	5
35.46	5
35.475	5
35.513	5
35.821	5
35.92	5
37.089	4
37.201	4
37.9	4
38.972	3
40.096	3
41.887	3
42.39	3
42.517	3
42.775	3
43.18	3
44.61	3
48.337	3
49.663	3
49.831	3
50.255	3
52.745	3
59.168	3
68.781	3
70.369	3
70.393	3
71.65	3
74.881	3
0.0	1
0.003	1
0.009	1
0.012	1
0.015	1
0.028	1
0.029	1
0.048	1
0.066	1
0.068	1
0.083	1
0.109	1
0.116	1
0.117	1
0.122	1
0.127	1
0.136	1
0.141	1
0.149	1
0.149	1
0.151	1
0.154	1
0.158	1
0.163	1
0.168	1
0.179	1
0.187	1
0.192	1
0.201	1
0.212	1
0.216	2
0.22	2
0.221	3
0.232	3
0.235	3
0.256	3
0.259	3
0.259	3
0.261	3
0.265	3
0.3	3
0.308	3
0.316	3
0.318	3
0.348	3
0.36	3
0.395	3
0.419	4
0.444	4
0.452	4
0.457	4
0.462	4
0.48	4
0.484	4
0.485	4
0.492	4
0.494	4
0.506	4
0.51	4
0.515	4
0.517	4
0.525	4
0.528	4
0.528	4
0.53	4
0.53	4
0.543	4
0.55	4
0.552	4
0.554	4
0.555	4
0.559	4
0.559	4
0.565	4
0.571	4
0.577	5
0.579	5
0.579	5
0.594	6
0.595	6
0.596	6
0.597	6
0.599	6
0.6	6
0.602	6
0.609	7
0.609	7
0.619	7
0.62	8
0.623	8
0.632	8
0.645	8
0.647	8
0.667	8
0.668	8
0.673	8
0.681	8
0.683	8
0.697	8
0.698	8
0.707	8
0.734	8
0.744	8
0.773	8
0.797	8
0.809	8
0.862	8
0.917	8
1.006	8
1.694	8
1.782	8
2.375	8
2.794	8
2.919	8
3.087	8
3.292	8
3.688	8
4.209	8
4.528	8
5.504	8
5.551	8
5.745	8
5.787	8
6.75	8
6.856	8
6.904	7
7.257	7
7.4	7
7.682	7
8.213	7
8.577	6
9.479	6
9.772	6
10.701	5
12.15	5
12.348	5
12.663	5
12.809	5
14.5	4
14.571	4
14.991	4
15.14	4
15.166	4
15.178	4
15.544	4
15.61	4
15.682	4
15.824	4
15.969	4
16.488	4
17.387	4
17.438	4
17.443	4
17.524	4
19.195	4
19.932	3
19.953	3
20.129	3
20.338	2
20.398	2
20.653	3
20.874	4
20.913	5
21.08	5
22.072	5
22.621	5
24.774	5
25.487	5
25.635	4
26.213	4
26.527	4
27.019	4
27.109	4
30.269	4
30.38	4
30.766	4
30.846	4
30.898	4
30.909	4
30.943	4
30.978	4
31.006	4
31.009	4
31.099	4
31.987	4
32.738	4
32.803	4
33.239	4
33.41	4
34.173	4
34.542	3
34.88	3
34.911	3
35.326	3
35.354	3
35.375	3
35.38	3
35.382	3
35.46	3
35.475	3
35.513	3
35.821	3
35.92	3
37.089	3
37.201	3
37.9	3
38.972	3
40.096	3
41.887	3
42.39	3
42.517	3
42.775	3
43.18	3
44.61	3
48.337	3
49.663	3
49.831	3
50.255	3
52.745	3
59.168	3
68.781	3
70.369	3
70.393	3
71.65	3
74.881	3
0.0	1
0.012	2
0.014	2
0.015	2
0.016	2
0.022	2
0.025	2
0.026	2
0.026	2
0.028	2
0.03	2
0.031	2
0.033	2
0.034	2
0.035	2
0.035	2
0.035	2
0.035	2
0.043	2
0.05	2
0.054	2
0.061	2
0.062	2
0.087	2
0.11	2
0.113	2
0.114	2
0.129	2
0.143	2
0.144	2
0.151	2
0.169	2
0.171	2
0.175	2
0.18	2
0.182	2
0.183	2
0.186	2
0.208	2
0.214	2
0.216	2
0.216	2
0.217	3
0.218	4
0.238	4
0.244	4
0.245	4
0.246	4
0.25	4
0.261	4
0.265	4
0.27	4
0.272	4
0.278	4
0.283	4
0.286	4
0.287	4
0.287	4
0.288	5
0.292	5
0.298	5
0.304	5
0.333	5
0.342	5
0.352	5
0.358	5
0.365	5
0.365	6
0.378	6
0.381	6
0.415	6
0.435	6
0.437	6
0.468	6
0.472	6
0.474	6
0.488	6
0.494	6
0.5	6
0.51	6
0.511	6
0.515	6
0.518	6
0.519	6
0.521	6
0.521	6
0.533	6
0.54	6
0.551	6
0.555	6
0.563	6
0.566	6
0.568	6
0.569	7
0.574	7
0.574	7
0.574	7
0.587	7
0.6	7
0.602	7
0.608	7
0.612	7
0.613	7
0.613	7
0.614	7
0.615	8
0.616	8
0.616	8
0.618	8
0.62	8
0.622	8
0.631	8
0.633	8
0.642	9
0.648	10
0.648	10
0.652	10
0.653	10
0.677	11
0.679	11
0.684	11
0.685	11
0.686	11
0.69	11
0.698	11
0.71	11
0.741	11
0.757	11
0.759	11
0.764	11
0.803	11
0.821	11
0.831	11
0.851	11
0.92	11
1.206	11
1.28	11
2.767	11
3.069	10
3.169	10
3.588	10
3.734	10
4.089	10
4.197	10
4.219	10
4.863	10
5.194	10
5.432	10
5.997	10
6.07	10
6.723	10
6.892	10
7.039	10
7.18	10
7.565	10
7.616	10
8.414	10
8.678	10
8.755	10
8.789	10
8.942	10
9.421	10
9.631	10
9.776	10
10.073	10
10.347	10
10.896	9
10.937	9
11.147	9
11.864	9
13.59	9
13.672	9
13.746	9
13.809	9
14.445	9
14.606	8
14.689	8
14.768	7
14.976	7
15.308	7
15.474	7
15.565	6
15.591	6
15.681	6
16.849	5
17.089	5
17.123	5
17.479	5
18.123	5
18.238	5
18.42	5
19.685	5
19.799	5
20.26	5
21.019	5
21.185	5
21.871	5
22.397	5
25.237	5
25.93	5
26.045	5
26.719	5
27.622	5
28.513	5
28.894	5
29.17	5
30.389	5
31.575	4
32.401	4
34.596	4
35.129	3
35.235	3
37.692	3
37.699	3
38.034	3
38.269	3
38.305	3
38.51	3
38.546	3
38.552	3
38.563	3
38.573	3
38.59	3
38.621	3
38.636	3
38.695	3
40.408	3
41.819	3
42.121	3
42.392	3
42.399	3
42.556	3
42.673	3
42.677	3
42.744	3
42.765	3
42.835	3
45.817	3
46.543	3
47.792	3
51.112	3
51.607	3
53.139	3
54.856	3
56.03	3
56.509	3
57.504	3
63.919	3
64.213	3
64.901	3
65.85	3
77.088	3
77.422	3
79.731	3
87.511	3
90.114	3
0.002	1
0.003	1
0.004	1
0.01	1
0.013	1
0.014	1
0.014	1
0.016	1
0.018	1
0.019	1
0.021	1
0.022	1
0.023	1
0.023	1
0.023	1
0.023	1
0.031	1
0.038	1
0.042	1
0.049	2
0.05	2
0.075	2
0.098	2
0.101	2
0.102	2
0.117	2
0.131	2
0.132	2
0.139	2
0.157	2
0.159	2
0.163	3
0.168	3
0.17	3
0.171	3
0.174	3
0.196	3
0.202	3
0.204	3
0.204	4
0.205	4
0.206	4
0.226	4
0.232	4
0.233	4
0.234	4
0.238	5
0.249	5
0.253	5
0.258	5
0.26	5
0.266	5
0.271	5
0.274	5
0.275	5
0.275	5
0.276	5
0.28	5
0.286	5
0.292	5
0.321	5
0.33	5
0.34	5
0.346	5
0.353	6
0.353	6
0.366	6
0.369	6
0.403	6
0.423	6
0.425	6
0.456	7
0.46	7
0.462	7
0.476	7
0.482	7
0.488	7
0.498	7
0.499	8
0.503	8
0.506	8
0.507	8
0.509	8
0.509	8
0.521	8
0.528	8
0.539	8
0.543	8
0.551	8
0.554	8
0.556	8
0.557	8
0.562	8
0.562	9
0.562	9
0.575	9
0.588	9
0.59	9
0.596	9
0.6	9
0.601	9
0.601	9
0.602	9
0.603	9
0.604	9
0.604	9
0.606	9
0.608	9
0.61	9
0.619	9
0.621	9
0.63	9
0.636	9
0.636	9
0.64	9
0.641	9
0.665	9
0.667	9
0.672	9
0.673	9
0.674	9
0.678	9
0.686	9
0.698	9
0.729	9
0.745	9
0.747	9
0.752	9
0.791	9
0.809	9
0.819	9
0.839	9
0.908	9
1.194	9
1.268	8
2.755	7
3.057	7
3.157	6
3.576	6
3.722	6
4.077	6
4.185	6
4.207	5
4.851	5
5.182	5
5.42	5
5.985	5
6.058	5
6.711	5
6.88	5
7.027	5
7.168	5
7.553	5
7.604	5
8.402	5
8.666	5
8.743	5
8.777	5
8.93	4
9.409	4
9.619	4
9.764	4
10.061	4
10.335	4
10.884	4
10.925	4
11.135	4
11.852	4
13.578	4
13.66	4
13.734	4
13.797	4
14.433	4
14.594	4
14.677	4
14.756	4
14.964	4
15.296	3
15.462	3
15.553	3
15.579	3
15.669	3
16.837	3
17.077	3
17.111	3
17.467	3
18.111	3
18.226	3
18.408	3
19.673	3
19.787	3
20.248	3
21.007	3
21.173	3
21.859	3
22.385	3
25.225	3
25.918	3
26.033	3
26.707	3
27.61	3
28.501	3
28.882	3
29.158	3
30.377	3
31.563	3
32.389	3
34.584	3
35.117	3
35.223	3
37.68	3
37.687	3
38.022	3
38.257	3
38.293	3
38.498	3
38.534	3
38.54	3
38.551	3
38.561	3
38.578	3
38.609	3
38.624	3
38.683	3
40.396	3
41.807	3
42.109	3
42.38	3
42.387	3
42.544	3
42.661	3
42.665	3
42.732	3
42.753	3
42.823	3
45.805	3
46.531	3
47.78	3
51.1	3
51.595	3
53.127	3
54.844	3
56.018	3
56.497	3
57.492	3
63.907	3
64.201	3
64.889	3
65.838	3
77.076	3
77.41	3
79.719	3
87.499	3
90.102	3
0.0	1
0.001	1
0.007	1
0.01	1
0.011	1
0.011	1
0.013	1
0.015	1
0.016	1
0.018	1
0.019	1
0.02	1
0.02	1
0.02	1
0.02	1
0.028	2
0.035	2
0.039	2
0.046	2
0.047	2
0.072	2
0.095	2
0.098	2
0.099	2
0.114	2
0.128	2
0.129	2
0.136	2
0.154	3
0.156	3
0.16	3
0.165	3
0.167	3
0.168	3
0.171	3
0.193	3
0.199	3
0.201	3
0.201	3
0.202	3
0.203	3
0.223	3
0.229	3
0.23	3
0.231	4
0.235	4
0.246	4
0.25	4
0.255	4
0.257	4
0.263	4
0.268	5
0.271	5
0.272	5
0.272	5
0.273	5
0.277	5
0.283	5
0.289	5
0.318	5
0.327	5
0.337	5
0.343	5
0.35	5
0.35	5
0.363	5
0.366	5
0.4	5
0.42	5
0.422	5
0.453	5
0.457	5
0.459	5
0.473	5
0.479	5
0.485	5
0.495	5
0.496	5
0.5	6
0.503	6
0.504	6
0.506	6
0.506	6
0.518	6
0.525	6
0.536	6
0.54	6
0.548	6
0.551	6
0.553	6
0.554	6
0.559	6
0.559	6
0.559	6
0.572	6
0.585	6
0.587	6
0.593	7
0.597	7
0.598	8
0.598	8
0.599	8
0.6	8
0.601	8
0.601	8
0.603	8
0.605	8
0.607	8
0.616	8
0.618	8
0.627	8
0.633	8
0.633	9
0.637	9
0.638	9
0.662	9
0.664	9
0.669	9
0.67	10
0.671	10
0.675	10
0.683	10
0.695	10
0.726	10
0.742	10
0.744	10
0.749	10
0.788	10
0.806	10
0.816	10
0.836	10
0.905	10
1.191	10
1.265	10
2.752	10
3.054	10
3.154	10
3.573	10
3.719	9
4.074	9
4.182	9
4.204	9
4.848	9
5.179	9
5.417	9
5.982	9
6.055	9
6.708	9
6.877	9
7.024	9
7.165	9
7.55	9
7.601	9
8.399	9
8.663	9
8.74	9
8.774	9
8.927	9
9.406	9
9.616	9
9.761	9
10.058	9
10.332	9
10.881	9
10.922	9
11.132	9
11.849	9
13.575	9
13.657	9
13.731	9
13.794	9
14.43	9
14.591	9
14.674	9
14.753	9
14.961	9
15.293	9
15.459	9
15.55	9
15.576	8
15.666	8
16.834	8
17.074	8
17.108	8
17.464	8
18.108	8
18.223	7
18.405	7
19.67	7
19.784	7
20.245	7
21.004	7
21.17	7
21.856	7
22.382	7
25.222	7
25.915	7
26.03	7
26.704	7
27.607	7
28.498	7
28.879	6
29.155	6
30.374	6
31.56	6
32.386	6
34.581	6
35.114	6
35.22	5
37.677	5
37.684	4
38.019	3
38.254	4
38.29	5
38.495	6
38.531	7
38.537	8
38.548	9
38.558	10
38.575	11
38.606	12
38.621	13
38.68	14
40.393	13
41.804	13
42.106	13
42.377	13
42.384	13
42.541	13
42.658	13
42.662	13
42.729	13
42.75	13
42.82	13
45.802	13
46.528	13
47.777	13
51.097	12
51.592	12
53.124	11
54.841	11
56.015	11
56.494	10
57.489	9
63.904	8
64.198	7
64.886	7
65.835	7
77.073	6
77.407	5
79.716	5
87.496	4
90.099	3
0.0	1
0.006	1
0.009	1
0.01	1
0.01	1
0.012	1
0.014	2
0.015	2
0.017	2
0.018	2
0.019	2
0.019	2
0.019	2
0.019	2
0.027	2
0.034	2
0.038	3
0.045	3
0.046	3
0.071	3
0.094	3
0.097	3
0.098	3
0.113	3
0.127	3
0.128	3
0.135	3
0.153	3
0.155	3
0.159	3
0.164	3
0.166	4
0.167	4
0.17	4
0.192	4
0.198	4
0.2	4
0.2	4
0.201	4
0.202	4
0.222	4
0.228	4
0.229	4
0.23	4
0.234	4
0.245	4
0.249	4
0.254	4
0.256	4
0.262	4
0.267	4
0.27	4
0.271	4
0.271	4
0.272	4
0.276	4
0.282	4
0.288	4
0.317	4
0.326	4
0.336	4
0.342	4
0.349	4
0.349	4
0.362	4
0.365	4
0.399	4
0.419	4
0.421	4
0.452	4
0.456	4
0.458	4
0.472	4
0.478	4
0.484	4
0.494	4
0.495	4
0.499	4
0.502	4
0.503	4
0.505	4
0.505	4
0.517	4
0.524	4
0.535	4
0.539	4
0.547	4
0.55	4
0.552	4
0.553	4
0.558	4
0.558	4
0.558	4
0.571	4
0.584	4
0.586	4
0.592	4
0.596	4
0.597	4
0.597	4
0.598	4
0.599	4
0.6	4
0.6	4
0.602	4
0.604	4
0.606	4
0.615	4
0.617	4
0.626	4
0.632	4
0.632	4
0.636	4
0.637	4
0.661	4
0.663	4
0.668	4
0.669	4
0.67	4
0.674	4
0.682	4
0.694	4
0.725	4
0.741	4
0.743	4
0.748	4
0.787	4
0.805	4
0.815	4
0.835	4
0.904	4
1.19	4
1.264	4
2.751	4
3.053	4
3.153	4
3.572	4
3.718	4
4.073	4
4.181	4
4.203	4
4.847	4
5.178	4
5.416	4
5.981	4
6.054	4
6.707	4
6.876	4
7.023	4
7.164	4
7.549	4
7.6	4
8.398	4
8.662	4
8.739	4
8.773	4
8.926	4
9.405	4
9.615	4
9.76	4
10.057	4
10.331	4
10.88	4
10.921	4
11.131	3
11.848	3
13.574	3
13.656	3
13.73	3
13.793	3
14.429	3
14.59	3
14.673	3
14.752	3
14.96	3
15.292	3
15.458	3
15.549	3
15.575	3
15.665	3
16.833	3
17.073	3
17.107	3
17.463	3
18.107	3
18.222	3
18.404	3
19.669	3
19.783	3
20.244	3
21.003	3
21.169	3
21.855	3
22.381	3
25.221	3
25.914	3
26.029	3
26.703	3
27.606	3
28.497	3
28.878	3
29.154	3
30.373	3
31.559	3
32.385	3
34.58	3
35.113	3
35.219	3
37.676	3
37.683	3
38.018	3
38.253	3
38.289	3
38.494	3
38.53	3
38.536	3
38.547	3
38.557	3
38.574	3
38.605	3
38.62	3
38.679	3
40.392	3
41.803	3
42.105	3
42.376	3
42.383	3
42.54	3
42.657	3
42.661	3
42.728	3
42.749	3
42.819	3
45.801	3
46.527	3
47.776	3
51.096	3
51.591	3
53.123	3
54.84	3
56.014	3
56.493	3
57.488	3
63.903	3
64.197	3
64.885	3
65.834	3
77.072	3
77.406	3
79.715	3
87.495	3
90.098	3
0.0	1
0.003	1
0.004	1
0.004	1
0.006	1
0.008	1
0.009	1
0.011	1
0.012	1
0.013	1
0.013	1
0.013	1
0.013	1
0.021	1
0.028	1
0.032	1
0.039	1
0.04	1
0.065	1
0.088	1
0.091	1
0.092	1
0.107	1
0.121	1
0.122	1
0.129	1
0.147	1
0.149	1
0.153	1
0.158	2
0.16	2
0.161	2
0.164	2
0.186	2
0.192	2
0.194	2
0.194	2
0.195	2
0.196	2
0.216	2
0.222	2
0.223	2
0.224	2
0.228	2
0.239	2
0.243	2
0.248	2
0.25	2
0.256	2
0.261	2
0.264	2
0.265	2
0.265	2
0.266	2
0.27	2
0.276	2
0.282	2
0.311	2
0.32	2
0.33	2
0.336	2
0.343	2
0.343	2
0.356	2
0.359	3
0.393	3
0.413	3
0.415	3
0.446	3
0.45	3
0.452	3
0.466	4
0.472	4
0.478	5
0.488	5
0.489	5
0.493	5
0.496	6
0.497	6
0.499	6
0.499	6
0.511	6
0.518	6
0.529	6
0.533	6
0.541	6
0.544	6
0.546	6
0.547	6
0.552	6
0.552	6
0.552	6
0.565	6
0.578	6
0.58	6
0.586	6
0.59	6
0.591	6
0.591	6
0.592	6
0.593	6
0.594	6
0.594	6
0.596	6
0.598	6
0.6	6
0.609	6
0.611	6
0.62	6
0.626	6
0.626	6
0.63	6
0.631	6
0.655	6
0.657	6
0.662	6
0.663	6
0.664	6
0.668	6
0.676	6
0.688	6
0.719	7
0.735	7
0.737	7
0.742	7
0.781	7
0.799	7
0.809	7
0.829	7
0.898	7
1.184	7
1.258	7
2.745	7
3.047	7
3.147	7
3.566	7
3.712	7
4.067	7
4.175	7
4.197	7
4.841	6
5.172	6
5.41	5
5.975	5
6.048	5
6.701	5
6.87	5
7.017	5
7.158	5
7.543	5
7.594	4
8.392	4
8.656	4
8.733	4
8.767	4
8.92	4
9.399	4
9.609	3
9.754	3
10.051	3
10.325	3
10.874	3
10.915	3
11.125	3
11.842	3
13.568	3
13.65	3
13.724	3
13.787	3
14.423	3
14.584	3
14.667	3
14.746	3
14.954	3
15.286	3
15.452	3
15.543	3
15.569	3
15.659	3
16.827	3
17.067	3
17.101	3
17.457	3
18.101	3
18.216	3
18.398	3
19.663	3
19.777	3
20.238	3
20.997	3
21.163	3
21.849	3
22.375	3
25.215	3
25.908	3
26.023	3
26.697	3
27.6	3
28.491	3
28.872	3
29.148	3
30.367	3
31.553	3
32.379	3
34.574	3
35.107	3
35.213	3
37.67	3
37.677	3
38.012	3
38.247	3
38.283	3
38.488	3
38.524	3
38.53	3
38.541	3
38.551	3
38.568	3
38.599	3
38.614	3
38.673	3
40.386	3
41.797	3
42.099	3
42.37	3
42.377	3
42.534	3
42.651	3
42.655	3
42.722	3
42.743	3
42.813	3
45.795	3
46.521	3
47.77	3
51.09	3
51.585	3
53.117	3
54.834	3
56.008	3
56.487	3
57.482	3
63.897	3
64.191	3
64.879	3
65.828	3
77.066	3
77.4	3
79.709	3
87.489	3
90.092	3
0.0	1
0.001	1
0.001	1
0.003	1
0.005	1
0.006	1
0.008	1
0.009	1
0.01	1
0.01	1
0.01	1
0.01	1
0.018	1
0.025	1
0.029	1
0.036	1
0.037	1
0.062	1
0.085	1
0.088	1
0.089	2
0.104	2
0.118	2
0.119	2
0.126	2
0.144	2
0.146	2
0.15	2
0.155	2
0.157	2
0.158	2
0.161	2
0.183	2
0.189	2
0.191	2
0.191	2
0.192	2
0.193	2
0.213	2
0.219	2
0.22	2
0.221	2
0.225	2
0.236	2
0.24	2
0.245	2
0.247	2
0.253	3
0.258	3
0.261	4
0.262	5
0.262	5
0.263	5
0.267	6
0.273	6
0.279	6
0.308	6
0.317	6
0.327	7
0.333	7
0.34	7
0.34	7
0.353	7
0.356	7
0.39	7
0.41	7
0.412	7
0.443	7
0.447	7
0.449	7
0.463	7
0.469	7
0.475	7
0.485	7
0.486	7
0.49	7
0.493	7
0.494	7
0.496	7
0.496	7
0.508	7
0.515	7
0.526	8
0.53	8
0.538	8
0.541	8
0.543	8
0.544	8
0.549	8
0.549	8
0.549	8
0.562	8
0.575	7
0.577	7
0.583	7
0.587	7
0.588	7
0.588	7
0.589	7
0.59	7
0.591	7
0.591	7
0.593	7
0.595	7
0.597	7
0.606	7
0.608	7
0.617	7
0.623	7
0.623	7
0.627	7
0.628	8
0.652	8
0.654	8
0.659	8
0.66	8
0.661	8
0.665	9
0.673	9
0.685	9
0.716	9
0.732	9
0.734	10
0.739	10
0.778	10
0.796	10
0.806	10
0.826	10
0.895	10
1.181	10
1.255	10
2.742	10
3.044	10
3.144	10
3.563	10
3.709	10
4.064	10
4.172	10
4.194	10
4.838	10
5.169	10
5.407	10
5.972	10
6.045	10
6.698	10
6.867	10
7.014	10
7.155	10
7.54	10
7.591	10
8.389	10
8.653	10
8.73	10
8.764	10
8.917	10
9.396	10
9.606	10
9.751	10
10.048	10
10.322	10
10.871	10
10.912	10
11.122	10
11.839	10
13.565	10
13.647	10
13.721	10
13.784	10
14.42	10
14.581	10
14.664	10
14.743	10
14.951	10
15.283	10
15.449	10
15.54	10
15.566	10
15.656	10
16.824	10
17.064	10
17.098	10
17.454	10
18.098	10
18.213	10
18.395	9
19.66	9
19.774	9
20.235	9
20.994	9
21.16	8
21.846	8
22.372	8
25.212	8
25.905	8
26.02	8
26.694	7
27.597	7
28.488	7
28.869	7
29.145	6
30.364	5
31.55	5
32.376	5
34.571	5
35.104	5
35.21	5
37.667	5
37.674	5
38.009	5
38.244	5
38.28	5
38.485	5
38.521	5
38.527	5
38.538	5
38.548	5
38.565	5
38.596	5
38.611	5
38.67	5
40.383	5
41.794	4
42.096	3
42.367	4
42.374	5
42.531	5
42.648	6
42.652	7
42.719	8
42.74	9
42.81	10
45.792	10
46.518	9
47.767	8
51.087	8
51.582	8
53.114	8
54.831	7
56.005	6
56.484	6
57.479	6
63.894	6
64.188	6
64.876	5
65.825	4
77.063	4
77.397	4
79.706	3
87.486	3
90.089	3
0.0	1
0.0	1
0.002	1
0.004	1
0.005	1
0.007	1
0.008	1
0.009	1
0.009	1
0.009	1
0.009	1
0.017	1
0.024	1
0.028	1
0.035	1
0.036	2
0.061	2
0.084	2
0.087	3
0.088	3
0.103	3
0.117	3
0.118	3
0.125	4
0.143	4
0.145	5
0.149	5
0.154	5
0.156	5
0.157	6
0.16	6
0.182	6
0.188	7
0.19	7
0.19	7
0.191	7
0.192	7
0.212	7
0.218	7
0.219	7
0.22	7
0.224	7
0.235	7
0.239	7
0.244	7
0.246	7
0.252	7
0.257	7
0.26	7
0.261	7
0.261	7
0.262	7
0.266	7
0.272	7
0.278	7
0.307	7
0.316	7
0.326	7
0.332	7
0.339	7
0.339	7
0.352	7
0.355	7
0.389	7
0.409	7
0.411	7
0.442	7
0.446	7
0.448	6
0.462	6
0.468	6
0.474	6
0.484	6
0.485	6
0.489	6
0.492	6
0.493	6
0.495	6
0.495	6
0.507	7
0.514	7
0.525	7
0.529	7
0.537	7
0.54	7
0.542	7
0.543	7
0.548	7
0.548	7
0.548	7
0.561	7
0.574	7
0.576	7
0.582	7
0.586	7
0.587	7
0.587	7
0.588	7
0.589	7
0.59	7
0.59	7
0.592	7
0.594	7
0.596	7
0.605	7
0.607	7
0.616	7
0.622	7
0.622	7
0.626	7
0.627	7
0.651	7
0.653	7
0.658	7
0.659	7
0.66	7
0.664	7
0.672	7
0.684	7
0.715	7
0.731	7
0.733	7
0.738	7
0.777	7
0.795	7
0.805	7
0.825	7
0.894	7
1.18	7
1.254	7
2.741	7
3.043	7
3.143	7
3.562	6
3.708	6
4.063	6
4.171	6
4.193	6
4.837	6
5.168	6
5.406	6
5.971	6
6.044	6
6.697	6
6.866	6
7.013	6
7.154	6
7.539	6
7.59	6
8.388	6
8.652	6
8.729	5
8.763	5
8.916	5
9.395	5
9.605	5
9.75	5
10.047	5
10.321	5
10.87	5
10.911	5
11.121	5
11.838	5
13.564	5
13.646	5
13.72	5
13.783	5
14.419	5
14.58	5
14.663	5
14.742	5
14.95	5
15.282	5
15.448	5
15.539	5
15.565	5
15.655	5
16.823	5
17.063	5
17.097	5
17.453	5
18.097	5
18.212	5
18.394	5
19.659	5
19.773	4
20.234	4
20.993	4
21.159	4
21.845	4
22.371	4
25.211	4
25.904	4
26.019	4
26.693	4
27.596	4
28.487	4
28.868	4
29.144	4
30.363	4
31.549	4
32.375	4
34.57	4
35.103	4
35.209	4
37.666	4
37.673	4
38.008	4
38.243	4
38.279	4
38.484	4
38.52	4
38.526	4
38.537	4
38.547	4
38.564	4
38.595	4
38.61	4
38.669	4
40.382	4
41.793	4
42.095	4
42.366	4
42.373	4
42.53	4
42.647	4
42.651	4
42.718	4
42.739	4
42.809	4
45.791	4
46.517	4
47.766	4
51.086	4
51.581	3
53.113	3
54.83	3
56.004	3
56.483	3
57.478	3
63.893	3
64.187	3
64.875	3
65.824	3
77.062	3
77.396	3
79.705	3
87.485	3
90.088	3
0.0	1
0.002	1
0.004	1
0.005	1
0.007	1
0.008	1
0.009	1
0.009	1
0.009	1
0.009	1
0.017	1
0.024	1
0.028	1
0.035	1
0.036	1
0.061	1
0.084	1
0.087	1
0.088	1
0.103	1
0.117	1
0.118	1
0.125	1
0.143	1
0.145	1
0.149	1
0.154	1
0.156	1
0.157	1
0.16	2
0.182	2
0.188	2
0.19	2
0.19	2
0.191	2
0.192	2
0.212	3
0.218	3
0.219	3
0.22	3
0.224	3
0.235	3
0.239	4
0.244	5
0.246	5
0.252	5
0.257	5
0.26	5
0.261	5
0.261	5
0.262	5
0.266	5
0.272	5
0.278	5
0.307	5
0.316	5
0.326	5
0.332	5
0.339	5
0.339	5
0.352	5
0.355	5
0.389	5
0.409	5
0.411	5
0.442	5
0.446	5
0.448	5
0.462	5
0.468	5
0.474	5
0.484	6
0.485	6
0.489	6
0.492	6
0.493	6
0.495	6
0.495	6
0.507	6
0.514	6
0.525	6
0.529	6
0.537	6
0.54	6
0.542	6
0.543	6
0.548	6
0.548	6
0.548	6
0.561	6
0.574	6
0.576	6
0.582	6
0.586	6
0.587	6
0.587	6
0.588	6
0.589	6
0.59	6
0.59	6
0.592	7
0.594	8
0.596	9
0.605	9
0.607	10
0.616	10
0.622	10
0.622	10
0.626	11
0.627	11
0.651	11
0.653	11
0.658	11
0.659	11
0.66	11
0.664	11
0.672	11
0.684	11
0.715	11
0.731	11
0.733	11
0.738	11
0.777	11
0.795	11
0.805	11
0.825	11
0.894	11
1.18	11
1.254	11
2.741	11
3.043	11
3.143	11
3.562	11
3.708	11
4.063	10
4.171	10
4.193	10
4.837	10
5.168	10
5.406	10
5.971	10
6.044	10
6.697	10
6.866	10
7.013	9
7.154	9
7.539	9
7.59	9
8.388	9
8.652	9
8.729	9
8.763	9
8.916	9
9.395	9
9.605	9
9.75	9
10.047	9
10.321	8
10.87	8
10.911	8
11.121	8
11.838	8
13.564	8
13.646	8
13.72	8
13.783	8
14.419	8
14.58	8
14.663	7
14.742	7
14.95	7
15.282	7
15.448	7
15.539	7
15.565	7
15.655	6
16.823	6
17.063	6
17.097	5
17.453	5
18.097	5
18.212	5
18.394	5
19.659	5
19.773	5
20.234	4
20.993	4
21.159	4
21.845	4
22.371	4
25.211	4
25.904	4
26.019	4
26.693	4
27.596	4
28.487	4
28.868	4
29.144	4
30.363	4
31.549	4
32.375	4
34.57	4
35.103	4
35.209	4
37.666	4
37.673	4
38.008	4
38.243	4
38.279	4
38.484	4
38.52	4
38.526	4
38.537	4
38.547	4
38.564	4
38.595	4
38.61	4
38.669	4
40.382	4
41.793	4
42.095	4
42.366	4
42.373	4
42.53	4
42.647	4
42.651	4
42.718	4
42.739	4
42.809	4
45.791	3
46.517	3
47.766	3
51.086	3
51.581	3
53.113	3
54.83	3
56.004	3
56.483	3
57.478	3
63.893	3
64.187	3
64.875	3
65.824	3
77.062	3
77.396	3
79.705	3
87.485	3
90.088	3
0.0	1
0.002	1
0.003	1
0.005	1
0.006	1
0.007	1
0.007	1
0.007	1
0.007	1
0.015	1
0.022	1
0.026	1
0.033	1
0.034	1
0.059	1
0.082	1
0.085	1
0.086	1
0.101	1
0.115	2
0.116	2
0.123	2
0.141	2
0.143	2
0.147	2
0.152	2
0.154	2
0.155	2
0.158	2
0.18	2
0.186	2
0.188	2
0.188	2
0.189	2
0.19	2
0.21	2
0.216	2
0.217	2
0.218	2
0.222	2
0.233	2
0.237	2
0.242	2
0.244	2
0.25	2
0.255	2
0.258	2
0.259	2
0.259	2
0.26	2
0.264	2
0.27	2
0.276	3
0.305	3
0.314	3
0.324	3
0.33	3
0.337	3
0.337	3
0.35	3
0.353	3
0.387	3
0.407	3
0.409	3
0.44	3
0.444	3
0.446	3
0.46	3
0.466	3
0.472	3
0.482	3
0.483	3
0.487	3
0.49	3
0.491	3
0.493	3
0.493	3
0.505	3
0.512	4
0.523	4
0.527	4
0.535	4
0.538	4
0.54	4
0.541	4
0.546	4
0.546	4
0.546	4
0.559	4
0.572	4
0.574	4
0.58	4
0.584	4
0.585	4
0.585	4
0.586	4
0.587	4
0.588	5
0.588	5
0.59	5
0.592	5
0.594	5
0.603	5
0.605	5
0.614	5
0.62	5
0.62	5
0.624	5
0.625	5
0.649	5
0.651	5
0.656	5
0.657	5
0.658	5
0.662	5
0.67	5
0.682	6
0.713	6
0.729	6
0.731	6
0.736	6
0.775	6
0.793	6
0.803	6
0.823	6
0.892	6
1.178	6
1.252	6
2.739	6
3.041	6
3.141	6
3.56	6
3.706	6
4.061	6
4.169	6
4.191	6
4.835	6
5.166	6
5.404	6
5.969	6
6.042	6
6.695	6
6.864	6
7.011	6
7.152	5
7.537	5
7.588	5
8.386	5
8.65	5
8.727	5
8.761	5
8.914	5
9.393	5
9.603	5
9.748	4
10.045	4
10.319	4
10.868	4
10.909	4
11.119	4
11.836	4
13.562	4
13.644	4
13.718	3
13.781	3
14.417	3
14.578	3
14.661	3
14.74	3
14.948	3
15.28	3
15.446	3
15.537	3
15.563	3
15.653	3
16.821	3
17.061	3
17.095	3
17.451	3
18.095	3
18.21	3
18.392	3
19.657	3
19.771	3
20.232	3
20.991	3
21.157	3
21.843	3
22.369	3
25.209	3
25.902	3
26.017	3
26.691	3
27.594	3
28.485	3
28.866	3
29.142	3
30.361	3
31.547	3
32.373	3
34.568	3
35.101	3
35.207	3
37.664	3
37.671	3
38.006	3
38.241	3
38.277	3
38.482	3
38.518	3
38.524	3
38.535	3
38.545	3
38.562	3
38.593	3
38.608	3
38.667	3
40.38	3
41.791	3
42.093	3
42.364	3
42.371	3
42.528	3
42.645	3
42.649	3
42.716	3
42.737	3
42.807	3
45.789	3
46.515	3
47.764	3
51.084	3
51.579	3
53.111	3
54.828	3
56.002	3
56.481	3
57.476	3
63.891	3
64.185	3
64.873	3
65.822	3
77.06	3
77.394	3
79.703	3
87.483	3
90.086	3
0.0	1
0.002	1
0.003	1
0.004	1
0.004	1
0.004	1
0.004	1
0.012	1
0.019	1
0.023	1
0.03	1
0.031	1
0.056	1
0.079	1
0.082	1
0.083	1
0.098	1
0.112	1
0.113	2
0.12	2
0.138	2
0.14	2
0.144	2
0.149	2
0.151	2
0.152	2
0.155	2
0.177	2
0.183	2
0.185	2
0.185	2
0.186	2
0.187	2
0.207	2
0.213	2
0.214	2
0.215	2
0.219	2
0.23	2
0.234	2
0.239	2
0.241	2
0.247	2
0.252	2
0.255	2
0.256	2
0.256	2
0.257	2
0.261	2
0.267	2
0.273	2
0.302	2
0.311	3
0.321	3
0.327	3
0.334	3
0.334	3
0.347	3
0.35	3
0.384	3
0.404	3
0.406	3
0.437	3
0.441	3
0.443	3
0.457	3
0.463	3
0.469	3
0.479	3
0.48	3
0.484	3
0.487	3
0.488	3
0.49	3
0.49	3
0.502	3
0.509	3
0.52	3
0.524	3
0.532	3
0.535	3
0.537	4
0.538	4
0.543	4
0.543	4
0.543	4
0.556	4
0.569	4
0.571	4
0.577	4
0.581	4
0.582	4
0.582	4
0.583	4
0.584	4
0.585	4
0.585	4
0.587	4
0.589	4
0.591	4
0.6	4
0.602	4
0.611	4
0.617	4
0.617	4
0.621	4
0.622	4
0.646	4
0.648	4
0.653	4
0.654	4
0.655	4
0.659	4
0.667	4
0.679	4
0.71	4
0.726	5
0.728	5
0.733	5
0.772	5
0.79	5
0.8	5
0.82	5
0.889	5
1.175	5
1.249	5
2.736	5
3.038	5
3.138	5
3.557	5
3.703	5
4.058	5
4.166	5
4.188	5
4.832	5
5.163	5
5.401	5
5.966	5
6.039	5
6.692	5
6.861	5
7.008	5
7.149	5
7.534	5
7.585	5
8.383	5
8.647	5
8.724	5
8.758	5
8.911	5
9.39	5
9.6	5
9.745	5
10.042	5
10.316	5
10.865	5
10.906	5
11.116	5
11.833	5
13.559	5
13.641	5
13.715	5
13.778	5
14.414	5
14.575	5
14.658	5
14.737	5
14.945	5
15.277	5
15.443	5
15.534	5
15.56	5
15.65	5
16.818	5
17.058	5
17.092	5
17.448	4
18.092	3
18.207	3
18.389	3
19.654	3
19.768	3
20.229	3
20.988	3
21.154	3
21.84	3
22.366	3
25.206	3
25.899	3
26.014	3
26.688	3
27.591	3
28.482	3
28.863	3
29.139	3
30.358	3
31.544	3
32.37	3
34.565	3
35.098	3
35.204	3
37.661	3
37.668	3
38.003	3
38.238	3
38.274	3
38.479	3
38.515	3
38.521	3
38.532	3
38.542	3
38.559	3
38.59	3
38.605	3
38.664	3
40.377	3
41.788	3
42.09	3
42.361	3
42.368	3
42.525	3
42.642	3
42.646	3
42.713	3
42.734	3
42.804	3
45.786	3
46.512	3
47.761	3
51.081	3
51.576	3
53.108	3
54.825	3
55.999	3
56.478	3
57.473	3
63.888	3
64.182	3
64.87	3
65.819	3
77.057	3
77.391	3
79.7	3
87.48	3
90.083	3
0.0	1
0.001	1
0.002	1
0.002	1
0.002	1
0.002	1
0.01	1
0.017	1
0.021	1
0.028	1
0.029	1
0.054	1
0.077	1
0.08	1
0.081	1
0.096	1
0.11	1
0.111	1
0.118	1
0.136	1
0.138	1
0.142	1
0.147	1
0.149	1
0.15	1
0.153	1
0.175	1
0.181	1
0.183	1
0.183	1
0.184	1
0.185	1
0.205	1
0.211	1
0.212	1
0.213	1
0.217	1
0.228	1
0.232	1
0.237	1
0.239	1
0.245	1
0.25	1
0.253	1
0.254	1
0.254	1
0.255	1
0.259	1
0.265	1
0.271	1
0.3	1
0.309	1
0.319	1
0.325	1
0.332	1
0.332	1
0.345	1
0.348	1
0.382	1
0.402	1
0.404	1
0.435	1
0.439	1
0.441	1
0.455	1
0.461	1
0.467	1
0.477	1
0.478	1
0.482	1
0.485	1
0.486	1
0.488	1
0.488	1
0.5	1
0.507	1
0.518	1
0.522	1
0.53	1
0.533	1
0.535	1
0.536	1
0.541	1
0.541	1
0.541	1
0.554	2
0.567	2
0.569	2
0.575	2
0.579	2
0.58	2
0.58	2
0.581	2
0.582	2
0.583	2
0.583	2
0.585	2
0.587	2
0.589	2
0.598	2
0.6	2
0.609	2
0.615	2
0.615	2
0.619	2
0.62	2
0.644	2
0.646	2
0.651	3
0.652	3
0.653	3
0.657	3
0.665	4
0.677	4
0.708	4
0.724	4
0.726	4
0.731	4
0.77	5
0.788	6
0.798	7
0.818	7
0.887	7
1.173	8
1.247	8
2.734	8
3.036	8
3.136	8
3.555	8
3.701	8
4.056	8
4.164	8
4.186	8
4.83	8
5.161	7
5.399	7
5.964	7
6.037	7
6.69	7
6.859	7
7.006	7
7.147	7
7.532	7
7.583	7
8.381	7
8.645	7
8.722	7
8.756	7
8.909	7
9.388	6
9.598	6
9.743	6
10.04	6
10.314	6
10.863	6
10.904	6
11.114	6
11.831	6
13.557	6
13.639	6
13.713	6
13.776	5
14.412	5
14.573	5
14.656	5
14.735	5
14.943	5
15.275	5
15.441	5
15.532	5
15.558	5
15.648	5
16.816	5
17.056	5
17.09	5
17.446	5
18.09	5
18.205	5
18.387	5
19.652	5
19.766	5
20.227	5
20.986	5
21.152	5
21.838	5
22.364	5
25.204	5
25.897	4
26.012	4
26.686	4
27.589	4
28.48	4
28.861	4
29.137	4
30.356	4
31.542	4
32.368	3
34.563	3
35.096	3
35.202	3
37.659	3
37.666	3
38.001	3
38.236	3
38.272	3
38.477	3
38.513	3
38.519	3
38.53	3
38.54	3
38.557	3
38.588	3
38.603	3
38.662	3
40.375	3
41.786	3
42.088	3
42.359	3
42.366	3
42.523	3
42.64	3
42.644	3
42.711	3
42.732	3
42.802	3
45.784	3
46.51	3
47.759	3
51.079	3
51.574	3
53.106	3
54.823	3
55.997	3
56.476	3
57.471	3
63.886	3
64.18	3
64.868	3
65.817	3
77.055	3
77.389	3
79.698	3
87.478	3
90.081	3
0.0	1
0.001	1
0.001	1
0.001	1
0.001	1
0.009	1
0.016	1
0.02	1
0.027	1
0.028	1
0.053	1
0.076	1
0.079	1
0.08	1
0.095	2
0.109	2
0.11	2
0.117	2
0.135	2
0.137	2
0.141	2
0.146	2
0.148	2
0.149	2
0.152	2
0.174	2
0.18	2
0.182	2
0.182	2
0.183	2
0.184	2
0.204	2
0.21	3
0.211	3
0.212	3
0.216	3
0.227	4
0.231	4
0.236	4
0.238	4
0.244	4
0.249	4
0.252	4
0.253	4
0.253	5
0.254	5
0.258	5
0.264	5
0.27	5
0.299	5
0.308	5
0.318	5
0.324	5
0.331	5
0.331	5
0.344	5
0.347	5
0.381	5
0.401	5
0.403	5
0.434	5
0.438	5
0.44	5
0.454	5
0.46	5
0.466	5
0.476	5
0.477	5
0.481	5
0.484	5
0.485	5
0.487	5
0.487	5
0.499	5
0.506	5
0.517	5
0.521	5
0.529	5
0.532	5
0.534	5
0.535	5
0.54	5
0.54	5
0.54	5
0.553	5
0.566	5
0.568	5
0.574	5
0.578	5
0.579	5
0.579	5
0.58	6
0.581	6
0.582	6
0.582	6
0.584	6
0.586	6
0.588	6
0.597	7
0.599	7
0.608	7
0.614	7
0.614	7
0.618	7
0.619	7
0.643	7
0.645	7
0.65	7
0.651	7
0.652	8
0.656	8
0.664	8
0.676	8
0.707	8
0.723	8
0.725	8
0.73	8
0.769	8
0.787	8
0.797	8
0.817	8
0.886	8
1.172	8
1.246	8
2.733	8
3.035	8
3.135	8
3.554	8
3.7	8
4.055	8
4.163	7
4.185	7
4.829	7
5.16	7
5.398	7
5.963	7
6.036	7
6.689	7
6.858	6
7.005	6
7.146	6
7.531	6
7.582	6
8.38	6
8.644	6
8.721	6
8.755	6
8.908	6
9.387	6
9.597	6
9.742	6
10.039	5
10.313	5
10.862	5
10.903	5
11.113	5
11.83	4
13.556	4
13.638	4
13.712	4
13.775	4
14.411	4
14.572	4
14.655	4
14.734	4
14.942	4
15.274	4
15.44	4
15.531	4
15.557	4
15.647	4
16.815	4
17.055	4
17.089	4
17.445	4
18.089	4
18.204	4
18.386	4
19.651	4
19.765	4
20.226	4
20.985	4
21.151	4
21.837	3
22.363	3
25.203	3
25.896	3
26.011	3
26.685	3
27.588	3
28.479	3
28.86	3
29.136	3
30.355	3
31.541	3
32.367	3
34.562	3
35.095	3
35.201	3
37.658	3
37.665	3
38.0	3
38.235	3
38.271	3
38.476	3
38.512	3
38.518	3
38.529	3
38.539	3
38.556	3
38.587	3
38.602	3
38.661	3
40.374	3
41.785	3
42.087	3
42.358	3
42.365	3
42.522	3
42.639	3
42.643	3
42.71	3
42.731	3
42.801	3
45.783	3
46.509	3
47.758	3
51.078	3
51.573	3
53.105	3
54.822	3
55.996	3
56.475	3
57.47	3
63.885	3
64.179	3
64.867	3
65.816	3
77.054	3
77.388	3
79.697	3
87.477	3
90.08	3
0.0	1
0.0	1
0.0	1
0.0	1
0.008	1
0.015	2
0.019	2
0.026	2
0.027	2
0.052	2
0.075	3
0.078	3
0.079	3
0.094	3
0.108	3
0.109	3
0.116	3
0.134	3
0.136	3
0.14	3
0.145	3
0.147	3
0.148	3
0.151	3
0.173	3
0.179	3
0.181	3
0.181	3
0.182	3
0.183	3
0.203	3
0.209	3
0.21	3
0.211	3
0.215	3
0.226	3
0.23	3
0.235	3
0.237	3
0.243	3
0.248	3
0.251	3
0.252	3
0.252	3
0.253	3
0.257	3
0.263	3
0.269	3
0.298	3
0.307	3
0.317	3
0.323	3
0.33	3
0.33	3
0.343	3
0.346	3
0.38	3
0.4	3
0.402	3
0.433	3
0.437	3
0.439	3
0.453	3
0.459	3
0.465	3
0.475	3
0.476	3
0.48	3
0.483	3
0.484	3
0.486	3
0.486	3
0.498	3
0.505	3
0.516	3
0.52	4
0.528	4
0.531	4
0.533	4
0.534	4
0.539	4
0.539	4
0.539	5
0.552	5
0.565	5
0.567	5
0.573	5
0.577	5
0.578	5
0.578	5
0.579	5
0.58	5
0.581	5
0.581	5
0.583	5
0.585	5
0.587	5
0.596	5
0.598	5
0.607	5
0.613	5
0.613	5
0.617	5
0.618	5
0.642	5
0.644	5
0.649	5
0.65	5
0.651	5
0.655	5
0.663	5
0.675	5
0.706	5
0.722	5
0.724	5
0.729	5
0.768	5
0.786	5
0.796	5
0.816	5
0.885	5
1.171	5
1.245	5
2.732	5
3.034	5
3.134	5
3.553	5
3.699	5
4.054	5
4.162	5
4.184	5
4.828	5
5.159	5
5.397	5
5.962	4
6.035	4
6.688	4
6.857	4
7.004	4
7.145	4
7.53	4
7.581	4
8.379	4
8.643	4
8.72	4
8.754	4
8.907	4
9.386	4
9.596	4
9.741	4
10.038	4
10.312	4
10.861	4
10.902	4
11.112	4
11.829	4
13.555	4
13.637	4
13.711	4
13.774	4
14.41	4
14.571	4
14.654	4
14.733	4
14.941	4
15.273	4
15.439	4
15.53	4
15.556	4
15.646	4
16.814	4
17.054	4
17.088	4
17.444	4
18.088	4
18.203	4
18.385	4
19.65	4
19.764	4
20.225	4
20.984	3
21.15	3
21.836	3
22.362	3
25.202	3
25.895	3
26.01	3
26.684	3
27.587	3
28.478	3
28.859	3
29.135	3
30.354	3
31.54	3
32.366	3
34.561	3
35.094	3
35.2	3
37.657	3
37.664	3
37.999	3
38.234	3
38.27	3
38.475	3
38.511	3
38.517	3
38.528	3
38.538	3
38.555	3
38.586	3
38.601	3
38.66	3
40.373	3
41.784	3
42.086	3
42.357	3
42.364	3
42.521	3
42.638	3
42.642	3
42.709	3
42.73	3
42.8	3
45.782	3
46.508	3
47.757	3
51.077	3
51.572	3
53.104	3
54.821	3
55.995	3
56.474	3
57.469	3
63.884	3
64.178	3
64.866	3
65.815	3
77.053	3
77.387	3
79.696	3
87.476	3
90.079	3
0.0	1
0.0	1
0.0	1
0.008	1
0.015	1
0.019	1
0.026	1
0.027	1
0.052	2
0.075	2
0.078	2
0.079	2
0.094	2
0.108	2
0.109	2
0.116	2
0.134	2
0.136	2
0.14	2
0.145	2
0.147	2
0.148	2
0.151	2
0.173	2
0.179	2
0.181	3
0.181	3
0.182	3
0.183	3
0.203	3
0.209	3
0.21	3
0.211	3
0.215	3
0.226	3
0.23	3
0.235	3
0.237	3
0.243	3
0.248	3
0.251	3
0.252	3
0.252	3
0.253	3
0.257	3
0.263	4
0.269	4
0.298	4
0.307	4
0.317	4
0.323	5
0.33	5
0.33	5
0.343	5
0.346	5
0.38	5
0.4	5
0.402	5
0.433	5
0.437	6
0.439	6
0.453	6
0.459	6
0.465	6
0.475	6
0.476	6
0.48	6
0.483	6
0.484	7
0.486	8
0.486	9
0.498	9
0.505	9
0.516	9
0.52	9
0.528	10
0.531	10
0.533	10
0.534	10
0.539	10
0.539	10
0.539	10
0.552	10
0.565	10
0.567	10
0.573	10
0.577	10
0.578	10
0.578	11
0.579	11
0.58	11
0.581	11
0.581	11
0.583	11
0.585	11
0.587	11
0.596	11
0.598	11
0.607	11
0.613	11
0.613	11
0.617	11
0.618	11
0.642	11
0.644	11
0.649	11
0.65	11
0.651	11
0.655	11
0.663	11
0.675	11
0.706	11
0.722	11
0.724	11
0.729	11
0.768	11
0.786	11
0.796	11
0.816	11
0.885	11
1.171	11
1.245	11
2.732	11
3.034	11
3.134	11
3.553	11
3.699	11
4.054	11
4.162	11
4.184	11
4.828	11
5.159	11
5.397	11
5.962	11
6.035	11
6.688	11
6.857	11
7.004	11
7.145	11
7.53	11
7.581	11
8.379	10
8.643	9
8.72	9
8.754	8
8.907	8
9.386	8
9.596	8
9.741	8
10.038	8
10.312	8
10.861	8
10.902	8
11.112	8
11.829	8
13.555	7
13.637	7
13.711	7
13.774	7
14.41	6
14.571	6
14.654	6
14.733	6
14.941	6
15.273	6
15.439	5
15.53	5
15.556	5
15.646	5
16.814	5
17.054	4
17.088	4
17.444	4
18.088	4
18.203	4
18.385	4
19.65	4
19.764	4
20.225	4
20.984	4
21.15	4
21.836	4
22.362	4
25.202	4
25.895	4
26.01	3
26.684	3
27.587	3
28.478	3
28.859	3
29.135	3
30.354	3
31.54	3
32.366	3
34.561	3
35.094	3
35.2	3
37.657	3
37.664	3
37.999	3
38.234	3
38.27	3
38.475	3
38.511	3
38.517	3
38.528	3
38.538	3
38.555	3
38.586	3
38.601	3
38.66	3
40.373	3
41.784	3
42.086	3
42.357	3
42.364	3
42.521	3
42.638	3
42.642	3
42.709	3
42.73	3
42.8	3
45.782	3
46.508	3
47.757	3
51.077	3
51.572	3
53.104	3
54.821	3
55.995	3
56.474	3
57.469	3
63.884	3
64.178	3
64.866	3
65.815	3
77.053	3
77.387	3
79.696	3
87.476	3
90.079	3
0.0	1
0.0	1
0.008	1
0.015	1
0.019	1
0.026	1
0.027	1
0.052	1
0.075	1
0.078	1
0.079	1
0.094	1
0.108	1
0.109	1
0.116	1
0.134	1
0.136	1
0.14	1
0.145	1
0.147	1
0.148	1
0.151	1
0.173	1
0.179	1
0.181	1
0.181	1
0.182	1
0.183	1
0.203	1
0.209	1
0.21	1
0.211	1
0.215	1
0.226	1
0.23	1
0.235	1
0.237	1
0.243	1
0.248	1
0.251	1
0.252	1
0.252	1
0.253	1
0.257	1
0.263	1
0.269	1
0.298	2
0.307	2
0.317	2
0.323	2
0.33	2
0.33	2
0.343	3
0.346	3
0.38	4
0.4	4
0.402	5
0.433	5
0.437	5
0.439	5
0.453	5
0.459	6
0.465	6
0.475	6
0.476	6
0.48	6
0.483	6
0.484	6
0.486	6
0.486	6
0.498	6
0.505	6
0.516	6
0.52	6
0.528	6
0.531	7
0.533	7
0.534	7
0.539	7
0.539	7
0.539	7
0.552	7
0.565	7
0.567	7
0.573	7
0.577	8
0.578	8
0.578	8
0.579	8
0.58	8
0.581	8
0.581	8
0.583	8
0.585	8
0.587	8
0.596	8
0.598	8
0.607	8
0.613	8
0.613	8
0.617	8
0.618	8
0.642	8
0.644	9
0.649	9
0.65	9
0.651	9
0.655	9
0.663	9
0.675	9
0.706	9
0.722	9
0.724	9
0.729	10
0.768	10
0.786	10
0.796	10
0.816	11
0.885	12
1.171	12
1.245	12
2.732	12
3.034	12
3.134	12
3.553	12
3.699	12
4.054	12
4.162	12
4.184	12
4.828	12
5.159	12
5.397	12
5.962	12
6.035	11
6.688	11
6.857	11
7.004	11
7.145	11
7.53	11
7.581	11
8.379	11
8.643	11
8.72	11
8.754	11
8.907	11
9.386	11
9.596	11
9.741	11
10.038	11
10.312	11
10.861	11
10.902	10
11.112	10
11.829	10
13.555	10
13.637	10
13.711	10
13.774	10
14.41	10
14.571	10
14.654	10
14.733	10
14.941	9
15.273	9
15.439	9
15.53	9
15.556	9
15.646	9
16.814	9
17.054	9
17.088	9
17.444	9
18.088	9
18.203	9
18.385	9
19.65	8
19.764	8
20.225	8
20.984	8
21.15	8
21.836	8
22.362	7
25.202	7
25.895	7
26.01	7
26.684	7
27.587	7
28.478	6
28.859	6
29.135	6
30.354	6
31.54	6
32.366	6
34.561	5
35.094	5
35.2	5
37.657	4
37.664	4
37.999	4
38.234	4
38.27	4
38.475	4
38.511	4
38.517	4
38.528	4
38.538	4
38.555	4
38.586	4
38.601	4
38.66	4
40.373	4
41.784	4
42.086	4
42.357	4
42.364	4
42.521	3
42.638	3
42.642	3
42.709	3
42.73	3
42.8	3
45.782	3
46.508	3
47.757	3
51.077	3
51.572	3
53.104	3
54.821	3
55.995	3
56.474	3
57.469	3
63.884	3
64.178	3
64.866	3
65.815	3
77.053	3
77.387	3
79.696	3
87.476	3
90.079	3
0.0	1
0.008	1
0.015	1
0.019	1
0.026	1
0.027	1
0.052	1
0.075	1
0.078	1
0.079	1
0.094	1
0.108	1
0.109	1
0.116	1
0.134	1
0.136	1
0.14	1
0.145	1
0.147	1
0.148	1
0.151	1
0.173	2
0.179	2
0.181	2
0.181	2
0.182	2
0.183	2
0.203	2
0.209	2
0.21	3
0.211	3
0.215	3
0.226	3
0.23	3
0.235	3
0.237	4
0.243	4
0.248	4
0.251	4
0.252	4
0.252	4
0.253	4
0.257	4
0.263	4
0.269	4
0.298	4
0.307	4
0.317	4
0.323	4
0.33	4
0.33	4
0.343	4
0.346	4
0.38	4
0.4	5
0.402	5
0.433	5
0.437	5
0.439	5
0.453	5
0.459	5
0.465	5
0.475	5
0.476	5
0.48	5
0.483	5
0.484	5
0.486	5
0.486	5
0.498	5
0.505	5
0.516	5
0.52	5
0.528	5
0.531	5
0.533	5
0.534	5
0.539	6
0.539	6
0.539	6
0.552	6
0.565	6
0.567	7
0.573	7
0.577	7
0.578	7
0.578	7
0.579	7
0.58	7
0.581	7
0.581	8
0.583	8
0.585	8
0.587	8
0.596	8
0.598	8
0.607	8
0.613	8
0.613	8
0.617	8
0.618	8
0.642	8
0.644	8
0.649	8
0.65	8
0.651	8
0.655	8
0.663	8
0.675	8
0.706	8
0.722	8
0.724	8
0.729	8
0.768	8
0.786	8
0.796	8
0.816	8
0.885	8
1.171	8
1.245	8
2.732	8
3.034	8
3.134	8
3.553	8
3.699	8
4.054	8
4.162	8
4.184	8
4.828	8
5.159	8
5.397	8
5.962	8
6.035	8
6.688	7
6.857	7
7.004	7
7.145	7
7.53	6
7.581	6
8.379	6
8.643	6
8.72	6
8.754	6
8.907	6
9.386	6
9.596	6
9.741	6
10.038	6
10.312	6
10.861	6
10.902	6
11.112	6
11.829	6
13.555	6
13.637	5
13.711	5
13.774	5
14.41	5
14.571	5
14.654	5
14.733	5
14.941	5
15.273	5
15.439	5
15.53	5
15.556	5
15.646	5
16.814	5
17.054	5
17.088	5
17.444	5
18.088	5
18.203	5
18.385	5
19.65	5
19.764	5
20.225	5
20.984	5
21.15	5
21.836	5
22.362	5
25.202	4
25.895	4
26.01	4
26.684	4
27.587	3
28.478	3
28.859	3
29.135	3
30.354	3
31.54	3
32.366	3
34.561	3
35.094	3
35.2	3
37.657	3
37.664	3
37.999	3
38.234	3
38.27	3
38.475	3
38.511	3
38.517	3
38.528	3
38.538	3
38.555	3
38.586	3
38.601	3
38.66	3
40.373	3
41.784	3
42.086	3
42.357	3
42.364	3
42.521	3
42.638	3
42.642	3
42.709	3
42.73	3
42.8	3
45.782	3
46.508	3
47.757	3
51.077	3
51.572	3
53.104	3
54.821	3
55.995	3
56.474	3
57.469	3
63.884	3
64.178	3
64.866	3
65.815	3
77.053	3
77.387	3
79.696	3
87.476	3
90.079	3
