0.001	1.0
0.02	1.0
0.04	1.0
0.06	1
0.07	1.0
0.08	2
0.09	1.0
0.1	2.0
0.2	2
0.3	4.0
0.4	4
0.5	5.0
0.6	6.0
0.7	7.0
0.8	9.0
0.9	8
1.0	8
2.0	7.5
3.0	7
4.0	8
5.0	7.5
6.0	7.0
7.0	7.0
8.0	7.0
9.0	6.5
10.0	6.0
20.0	5.0
30.0	5.0
40.0	3.0
50.0	3.0
70.0	3.0
80.0	3.0
0.01	1
0.03	1.0
0.009	1.0
0.05	1
0.003	1.0
0.008	1.0
0.004	1
0.006	1.0
0.007	1
0.002	1
0.001	1
0.009	1
0.01	1
0.02	1.0
0.03	1.0
0.04	1.0
0.05	1
0.07	1.0
0.09	2.0
0.1	2.0
0.2	3
0.3	4
0.4	4.0
0.5	4
0.6	5
0.7	7.0
0.8	7.0
0.9	7
1.0	8
2.0	7.5
3.0	7.0
4.0	7.0
5.0	6.5
6.0	6.5
7.0	6.0
8.0	6.0
9.0	6.0
10.0	6
20.0	5
30.0	3.0
40.0	3.0
50.0	3.0
60.0	3.0
70.0	3.0
0.005	1.0
0.008	1
0.06	3
0.08	2
0.002	1.0
0.006	1
0.007	1.0
0.003	1
0.004	1.0
0.01	1.0
0.02	1
0.03	1
0.04	2
0.05	2
0.06	1
0.09	1.0
0.1	2.0
0.2	2.0
0.3	4.0
0.4	5
0.5	5
0.6	7.0
0.7	8
0.8	8
0.9	8
1.0	8.0
3.0	8.0
4.0	8.0
5.0	7.0
6.0	7.0
7.0	7.0
8.0	6.0
9.0	6.0
10.0	5.0
20.0	5.0
30.0	3.0
40.0	3.0
50.0	3.0
60.0	3.0
70.0	3.0
80.0	3.0
90.0	3.0
0.002	1
0.003	1
0.004	1
0.07	2.0
0.001	1.0
0.007	1
0.006	1.0
0.009	1.0
0.008	1.0
0.005	1.0
0.08	1.0
