0.001	1
0.002	1
0.003	1
0.004	1
0.005	1
0.006	1
0.007	1
0.008	1
0.009	1
0.01	1
0.02	1
0.03	1.0101214574898785
0.04	1.0409556313993173
0.05	1.0720338983050848
0.06	1.1192787794729542
0.07	1.1978891820580475
0.08	1.2821869488536155
0.09	1.3367875647668395
0.1	1.3657763693979177
0.2	1.3036053130929792
0.3	1.4474031109939363
0.4	1.7386848847139198
0.5	2.008695652173913
0.6	2.4430913348946137
0.7	2.5991844567042457
0.8	2.885261641862698
0.9	3.1822552447552446
1.0	3.730228268388287
2.0	3.943099837095648
3.0	3.6728576682603897
4.0	3.457193070549837
5.0	3.331013484123532
6.0	3.276867030965392
7.0	3.2079470198675497
8.0	3.152304609218437
9.0	3.1379310344827585
10.0	3.0499131944444446
20.0	3
