0.0	2
0.0	3
0.0	2
0.0	2
0.0	3
0.0	3
0.0	3
0.0	3
0.0	3
0.0	3
0.0	2
0.0	3
0.0	3
0.0	3
0.0	3
0.0	3
0.0	3
0.0	3
0.0	3
0.0	3
0.0	3
0.0	3
0.0	3
0.0	3
0.0	2
0.0	3
0.0	3
0.0	3
0.0	3
0.0	2
0.0	3
0.0	3
0.0	3
0.0	2
0.0	2
0.0	3
0.0	3
0.0	3
0.0	2
0.0	3
0.0	2
0.0	3
0.0	2
0.0	2
0.0	3
0.0	3
0.0	3
0.0	3
0.0	3
0.0	3
0.0	3
0.0	3
0.0	2
0.0	3
0.0	3
0.0	3
0.0	3
0.0	3
0.0	3
0.0	3
0.0	3
0.0	3
0.0	3
0.0	3
0.0	2
0.0	3
0.0	2
0.0	3
0.0	3
0.0	3
0.0	3
0.0	2
0.0	3
0.0	3
0.0	3
0.0	2
0.0	3
0.0	3
0.0	3
0.0	3
0.0	2
0.0	3
0.0	2
0.0	3
0.0	3
0.0	3
0.0	3
0.0	2
0.0	3
0.0	3
0.0	3
0.0	3
0.0	3
0.0	3
0.0	3
0.0	2
0.0	3
0.0	3
0.0	3
0.0	3
0.0	3
0.0	3
0.0	3
0.0	3
0.0	2
0.0	3
0.0	3
0.0	3
0.0	3
0.0	2
0.0	3
0.0	3
0.0	3
0.0	3
0.0	3
0.0	3
0.0	3
0.0	3
0.0	3
0.0	3
0.0	3
0.0	2
0.0	3
0.0	3
0.0	3
0.0	2
0.0	3
0.0	3
20.173	2
20.173	3
20.173	2
20.173	2
20.173	3
20.173	3
20.173	3
20.173	3
20.173	3
20.173	3
20.173	2
20.173	3
20.173	3
20.173	3
20.173	3
20.173	3
20.173	3
20.173	3
20.173	3
20.173	3
20.173	3
20.173	3
20.173	3
20.173	3
20.173	2
20.173	3
20.173	3
20.173	3
20.173	3
20.173	2
20.173	3
20.173	3
20.173	3
20.173	2
20.173	2
20.173	3
20.173	3
20.173	3
20.173	3
20.173	3
20.173	2
20.173	3
20.173	2
20.173	2
20.173	3
20.173	3
20.173	3
20.173	3
20.173	3
20.173	3
20.173	3
20.173	3
20.173	2
20.173	3
20.173	3
20.173	3
20.173	3
20.173	3
20.173	3
20.173	3
20.173	3
20.173	3
20.173	3
20.173	3
20.173	2
20.173	3
20.173	2
20.173	3
20.173	3
20.173	3
20.173	3
20.173	2
20.173	3
20.173	3
20.173	3
20.173	2
20.173	3
20.173	3
20.173	3
20.173	3
20.173	2
20.173	3
20.173	2
20.173	3
20.173	3
20.173	3
20.173	3
20.173	2
20.173	3
20.173	3
20.173	3
20.173	3
20.173	3
20.173	3
20.173	3
20.173	2
20.173	3
20.173	3
20.173	3
20.173	3
20.173	3
20.173	3
20.173	3
20.173	3
20.173	2
20.173	3
20.173	3
20.173	3
20.173	3
20.173	2
20.173	3
20.173	3
20.173	3
20.173	3
20.173	3
20.173	3
20.173	3
20.173	3
20.173	3
20.173	3
20.173	3
20.173	2
20.173	3
20.173	3
20.173	3
20.173	2
20.173	3
20.173	3
20.193	2
20.193	3
20.193	2
20.193	2
20.193	3
20.193	3
20.193	3
20.193	3
20.193	3
20.193	3
20.193	2
20.193	3
20.193	3
20.193	3
20.193	3
20.193	3
20.193	3
20.193	3
20.193	3
20.193	3
20.193	3
20.193	3
20.193	3
20.193	3
20.193	2
20.193	3
20.193	3
20.193	3
20.193	3
20.193	2
20.193	3
20.193	3
20.193	3
20.193	2
20.193	2
20.193	3
20.193	3
20.193	3
20.193	3
20.193	3
20.193	2
20.193	3
20.193	3
20.193	2
20.193	3
20.193	3
20.193	3
20.193	3
20.193	3
20.193	3
20.193	3
20.193	3
20.193	2
20.193	3
20.193	3
20.193	3
20.193	3
20.193	3
20.193	3
20.193	3
20.193	3
20.193	3
20.193	3
20.193	3
20.193	2
20.193	3
20.193	2
20.193	3
20.193	3
20.193	3
20.193	3
20.193	2
20.193	3
20.193	3
20.193	3
20.193	2
20.193	3
20.193	3
20.193	3
20.193	3
20.193	2
20.193	3
20.193	2
20.193	3
20.193	3
20.193	3
20.193	3
20.193	2
20.193	3
20.193	3
20.193	3
20.193	3
20.193	3
20.193	3
20.193	3
20.193	2
20.193	3
20.193	3
20.193	3
20.193	3
20.193	3
20.193	3
20.193	3
20.193	3
20.193	2
20.193	3
20.193	3
20.193	3
20.193	3
20.193	2
20.193	3
20.193	3
20.193	3
20.193	3
20.193	3
20.193	3
20.193	3
20.193	3
20.193	3
20.193	3
20.193	3
20.193	2
20.193	3
20.193	3
20.193	3
20.193	2
20.193	3
20.193	3
20.211	2
20.211	3
20.211	2
20.211	2
20.211	3
20.211	3
20.211	3
20.211	3
20.211	3
20.211	3
20.211	2
20.211	3
20.211	3
20.211	3
20.211	3
20.211	3
20.211	3
20.211	3
20.211	3
20.211	3
20.211	3
20.211	3
20.211	3
20.211	3
20.211	2
20.211	3
20.211	3
20.211	3
20.211	3
20.211	2
20.211	3
20.211	3
20.211	3
20.211	2
20.211	2
20.211	3
20.211	3
20.211	3
20.211	3
20.211	3
20.211	2
20.211	3
20.211	3
20.211	2
20.211	3
20.211	3
20.211	3
20.211	3
20.211	3
20.211	3
20.211	3
20.211	3
20.211	2
20.211	3
20.211	3
20.211	3
20.211	3
20.211	3
20.211	3
20.211	3
20.211	3
20.211	3
20.211	3
20.211	3
20.211	2
20.211	3
20.211	2
20.211	3
20.211	3
20.211	3
20.211	3
20.211	2
20.211	3
20.211	3
20.211	3
20.211	3
20.211	3
20.211	3
20.211	3
20.211	3
20.211	2
20.211	3
20.211	2
20.211	3
20.211	3
20.211	3
20.211	3
20.211	2
20.211	3
20.211	3
20.211	3
20.211	3
20.211	3
20.211	3
20.211	3
20.211	2
20.211	3
20.211	3
20.211	3
20.211	3
20.211	3
20.211	3
20.211	3
20.211	3
20.211	2
20.211	3
20.211	3
20.211	3
20.211	3
20.211	2
20.211	3
20.211	3
20.211	3
20.211	3
20.211	3
20.211	3
20.211	3
20.211	3
20.211	3
20.211	3
20.211	3
20.211	2
20.211	3
20.211	3
20.211	3
20.211	2
20.211	3
20.211	3
20.25	2
20.25	3
20.25	2
20.25	2
20.25	3
20.25	3
20.25	3
20.25	3
20.25	3
20.25	3
20.25	2
20.25	3
20.25	3
20.25	3
20.25	3
20.25	3
20.25	3
20.25	3
20.25	3
20.25	3
20.25	3
20.25	3
20.25	3
20.25	3
20.25	3
20.25	3
20.25	3
20.25	3
20.25	3
20.25	2
20.25	3
20.25	3
20.25	3
20.25	2
20.25	2
20.25	3
20.25	3
20.25	3
20.25	3
20.25	3
20.25	2
20.25	3
20.25	3
20.25	2
20.25	3
20.25	3
20.25	3
20.25	3
20.25	3
20.25	3
20.25	3
20.25	3
20.25	2
20.25	3
20.25	3
20.25	3
20.25	3
20.25	3
20.25	3
20.25	3
20.25	3
20.25	3
20.25	3
20.25	3
20.25	2
20.25	3
20.25	2
20.25	3
20.25	3
20.25	3
20.25	3
20.25	2
20.25	3
20.25	3
20.25	3
20.25	3
20.25	3
20.25	3
20.25	3
20.25	3
20.25	2
20.25	3
20.25	2
20.25	3
20.25	3
20.25	3
20.25	3
20.25	2
20.25	3
20.25	3
20.25	3
20.25	3
20.25	3
20.25	3
20.25	3
20.25	2
20.25	3
20.25	3
20.25	3
20.25	3
20.25	3
20.25	3
20.25	3
20.25	3
20.25	2
20.25	3
20.25	3
20.25	3
20.25	3
20.25	2
20.25	3
20.25	3
20.25	3
20.25	3
20.25	3
20.25	3
20.25	3
20.25	3
20.25	3
20.25	3
20.25	3
20.25	2
20.25	3
20.25	3
20.25	3
20.25	2
20.25	3
20.25	3
20.322	2
20.322	3
20.322	2
20.322	2
20.322	3
20.322	3
20.322	3
20.322	3
20.322	3
20.322	3
20.322	2
20.322	3
20.322	3
20.322	3
20.322	3
20.322	3
20.322	3
20.322	3
20.322	3
20.322	3
20.322	3
20.322	3
20.322	3
20.322	3
20.322	3
20.322	3
20.322	3
20.322	3
20.322	3
20.322	2
20.322	3
20.322	3
20.322	3
20.322	2
20.322	2
20.322	3
20.322	3
20.322	3
20.322	3
20.322	3
20.322	2
20.322	3
20.322	3
20.322	2
20.322	3
20.322	3
20.322	3
20.322	3
20.322	3
20.322	3
20.322	3
20.322	3
20.322	2
20.322	3
20.322	3
20.322	3
20.322	3
20.322	3
20.322	3
20.322	3
20.322	3
20.322	3
20.322	3
20.322	3
20.322	2
20.322	3
20.322	2
20.322	3
20.322	3
20.322	3
20.322	3
20.322	2
20.322	3
20.322	3
20.322	3
20.322	3
20.322	3
20.322	3
20.322	3
20.322	3
20.322	2
20.322	3
20.322	2
20.322	3
20.322	3
20.322	3
20.322	3
20.322	3
20.322	3
20.322	3
20.322	3
20.322	3
20.322	3
20.322	3
20.322	3
20.322	2
20.322	3
20.322	3
20.322	3
20.322	3
20.322	3
20.322	3
20.322	3
20.322	3
20.322	2
20.322	3
20.322	3
20.322	3
20.322	3
20.322	2
20.322	3
20.322	3
20.322	3
20.322	3
20.322	3
20.322	3
20.322	3
20.322	3
20.322	3
20.322	3
20.322	3
20.322	2
20.322	3
20.322	3
20.322	3
20.322	2
20.322	3
20.322	3
20.344	2
20.344	3
20.344	2
20.344	2
20.344	3
20.344	3
20.344	3
20.344	3
20.344	3
20.344	3
20.344	2
20.344	3
20.344	3
20.344	3
20.344	3
20.344	3
20.344	3
20.344	3
20.344	3
20.344	3
20.344	3
20.344	3
20.344	3
20.344	3
20.344	3
20.344	3
20.344	3
20.344	3
20.344	3
20.344	2
20.344	3
20.344	3
20.344	3
20.344	2
20.344	2
20.344	3
20.344	3
20.344	3
20.344	3
20.344	3
20.344	2
20.344	3
20.344	3
20.344	2
20.344	3
20.344	3
20.344	3
20.344	3
20.344	3
20.344	3
20.344	3
20.344	3
20.344	2
20.344	3
20.344	3
20.344	3
20.344	3
20.344	3
20.344	3
20.344	3
20.344	3
20.344	3
20.344	3
20.344	3
20.344	2
20.344	3
20.344	2
20.344	3
20.344	3
20.344	3
20.344	3
20.344	3
20.344	3
20.344	3
20.344	3
20.344	3
20.344	3
20.344	3
20.344	3
20.344	3
20.344	2
20.344	3
20.344	2
20.344	3
20.344	3
20.344	3
20.344	3
20.344	3
20.344	3
20.344	3
20.344	3
20.344	3
20.344	3
20.344	3
20.344	3
20.344	2
20.344	3
20.344	3
20.344	3
20.344	3
20.344	3
20.344	3
20.344	3
20.344	3
20.344	2
20.344	3
20.344	3
20.344	3
20.344	3
20.344	2
20.344	3
20.344	3
20.344	3
20.344	3
20.344	3
20.344	3
20.344	3
20.344	3
20.344	3
20.344	3
20.344	3
20.344	2
20.344	3
20.344	3
20.344	3
20.344	2
20.344	3
20.344	3
20.37	2
20.37	3
20.37	2
20.37	2
20.37	3
20.37	3
20.37	3
20.37	3
20.37	3
20.37	3
20.37	2
20.37	3
20.37	3
20.37	3
20.37	3
20.37	3
20.37	3
20.37	3
20.37	3
20.37	3
20.37	3
20.37	3
20.37	3
20.37	3
20.37	3
20.37	3
20.37	3
20.37	3
20.37	3
20.37	2
20.37	3
20.37	3
20.37	3
20.37	2
20.37	2
20.37	3
20.37	3
20.37	3
20.37	3
20.37	3
20.37	2
20.37	3
20.37	3
20.37	2
20.37	3
20.37	3
20.37	3
20.37	3
20.37	3
20.37	3
20.37	3
20.37	3
20.37	2
20.37	3
20.37	3
20.37	3
20.37	3
20.37	3
20.37	3
20.37	3
20.37	3
20.37	3
20.37	3
20.37	3
20.37	3
20.37	3
20.37	2
20.37	3
20.37	3
20.37	3
20.37	3
20.37	3
20.37	3
20.37	3
20.37	3
20.37	3
20.37	3
20.37	3
20.37	3
20.37	3
20.37	2
20.37	3
20.37	2
20.37	3
20.37	3
20.37	3
20.37	3
20.37	3
20.37	3
20.37	3
20.37	3
20.37	3
20.37	3
20.37	3
20.37	3
20.37	2
20.37	3
20.37	3
20.37	3
20.37	3
20.37	3
20.37	3
20.37	3
20.37	3
20.37	2
20.37	3
20.37	3
20.37	3
20.37	3
20.37	2
20.37	3
20.37	3
20.37	3
20.37	3
20.37	3
20.37	3
20.37	3
20.37	3
20.37	3
20.37	3
20.37	3
20.37	2
20.37	3
20.37	3
20.37	3
20.37	2
20.37	3
20.37	3
20.398	2
20.398	3
20.398	2
20.398	2
20.398	3
20.398	3
20.398	3
20.398	3
20.398	3
20.398	3
20.398	2
20.398	3
20.398	3
20.398	3
20.398	3
20.398	3
20.398	3
20.398	3
20.398	3
20.398	3
20.398	3
20.398	3
20.398	3
20.398	3
20.398	3
20.398	3
20.398	3
20.398	3
20.398	3
20.398	2
20.398	3
20.398	3
20.398	3
20.398	2
20.398	2
20.398	3
20.398	3
20.398	3
20.398	3
20.398	3
20.398	2
20.398	3
20.398	3
20.398	2
20.398	3
20.398	3
20.398	3
20.398	3
20.398	3
20.398	3
20.398	3
20.398	3
20.398	2
20.398	3
20.398	3
20.398	3
20.398	3
20.398	3
20.398	3
20.398	3
20.398	3
20.398	3
20.398	3
20.398	3
20.398	3
20.398	3
20.398	2
20.398	3
20.398	3
20.398	3
20.398	3
20.398	3
20.398	3
20.398	3
20.398	3
20.398	3
20.398	3
20.398	3
20.398	3
20.398	3
20.398	2
20.398	3
20.398	2
20.398	3
20.398	3
20.398	3
20.398	3
20.398	3
20.398	3
20.398	3
20.398	3
20.398	3
20.398	3
20.398	3
20.398	3
20.398	2
20.398	3
20.398	3
20.398	3
20.398	3
20.398	3
20.398	3
20.398	3
20.398	3
20.398	2
20.398	3
20.398	3
20.398	3
20.398	3
20.398	3
20.398	3
20.398	3
20.398	3
20.398	3
20.398	3
20.398	3
20.398	3
20.398	3
20.398	3
20.398	3
20.398	3
20.398	2
20.398	3
20.398	3
20.398	3
20.398	2
20.398	3
20.398	3
20.402	2
20.402	3
20.402	2
20.402	2
20.402	3
20.402	3
20.402	3
20.402	3
20.402	3
20.402	3
20.402	2
20.402	3
20.402	3
20.402	3
20.402	3
20.402	3
20.402	3
20.402	3
20.402	3
20.402	3
20.402	3
20.402	3
20.402	3
20.402	3
20.402	3
20.402	3
20.402	3
20.402	3
20.402	3
20.402	2
20.402	3
20.402	3
20.402	3
20.402	2
20.402	2
20.402	3
20.402	3
20.402	3
20.402	3
20.402	3
20.402	2
20.402	3
20.402	3
20.402	2
20.402	3
20.402	3
20.402	3
20.402	3
20.402	3
20.402	3
20.402	3
20.402	3
20.402	2
20.402	3
20.402	3
20.402	3
20.402	3
20.402	3
20.402	3
20.402	3
20.402	3
20.402	3
20.402	3
20.402	3
20.402	3
20.402	3
20.402	2
20.402	3
20.402	3
20.402	3
20.402	3
20.402	3
20.402	3
20.402	3
20.402	3
20.402	3
20.402	3
20.402	3
20.402	3
20.402	3
20.402	2
20.402	3
20.402	2
20.402	3
20.402	3
20.402	3
20.402	3
20.402	3
20.402	3
20.402	3
20.402	3
20.402	3
20.402	3
20.402	3
20.402	3
20.402	2
20.402	3
20.402	3
20.402	3
20.402	3
20.402	3
20.402	3
20.402	3
20.402	3
20.402	2
20.402	3
20.402	3
20.402	3
20.402	3
20.402	3
20.402	3
20.402	3
20.402	3
20.402	3
20.402	3
20.402	3
20.402	3
20.402	3
20.402	3
20.402	3
20.402	3
20.402	3
20.402	3
20.402	3
20.402	3
20.402	2
20.402	3
20.402	3
20.437	2
20.437	3
20.437	2
20.437	2
20.437	3
20.437	3
20.437	3
20.437	3
20.437	3
20.437	3
20.437	2
20.437	3
20.437	3
20.437	3
20.437	3
20.437	3
20.437	3
20.437	3
20.437	3
20.437	3
20.437	3
20.437	3
20.437	3
20.437	3
20.437	3
20.437	3
20.437	3
20.437	3
20.437	3
20.437	2
20.437	3
20.437	3
20.437	3
20.437	2
20.437	2
20.437	3
20.437	3
20.437	3
20.437	3
20.437	3
20.437	2
20.437	3
20.437	3
20.437	2
20.437	3
20.437	3
20.437	3
20.437	3
20.437	3
20.437	3
20.437	3
20.437	3
20.437	2
20.437	3
20.437	3
20.437	3
20.437	3
20.437	3
20.437	3
20.437	3
20.437	3
20.437	3
20.437	3
20.437	3
20.437	3
20.437	3
20.437	2
20.437	3
20.437	3
20.437	3
20.437	3
20.437	3
20.437	3
20.437	3
20.437	3
20.437	3
20.437	3
20.437	3
20.437	3
20.437	3
20.437	2
20.437	3
20.437	2
20.437	3
20.437	3
20.437	3
20.437	3
20.437	3
20.437	3
20.437	3
20.437	3
20.437	3
20.437	3
20.437	3
20.437	3
20.437	2
20.437	3
20.437	3
20.437	3
20.437	3
20.437	3
20.437	3
20.437	3
20.437	3
20.437	3
20.437	3
20.437	3
20.437	3
20.437	3
20.437	3
20.437	3
20.437	3
20.437	3
20.437	3
20.437	3
20.437	3
20.437	3
20.437	3
20.437	3
20.437	3
20.437	3
20.437	3
20.437	3
20.437	3
20.437	3
20.437	2
20.437	3
20.437	3
20.46	2
20.46	3
20.46	2
20.46	2
20.46	3
20.46	3
20.46	3
20.46	3
20.46	3
20.46	3
20.46	2
20.46	3
20.46	3
20.46	3
20.46	3
20.46	3
20.46	3
20.46	3
20.46	3
20.46	3
20.46	3
20.46	3
20.46	3
20.46	3
20.46	3
20.46	3
20.46	3
20.46	3
20.46	3
20.46	2
20.46	3
20.46	3
20.46	3
20.46	3
20.46	2
20.46	3
20.46	3
20.46	3
20.46	3
20.46	3
20.46	2
20.46	3
20.46	3
20.46	2
20.46	3
20.46	3
20.46	3
20.46	3
20.46	3
20.46	3
20.46	3
20.46	3
20.46	2
20.46	3
20.46	3
20.46	3
20.46	3
20.46	3
20.46	3
20.46	3
20.46	3
20.46	3
20.46	3
20.46	3
20.46	3
20.46	3
20.46	2
20.46	3
20.46	3
20.46	3
20.46	3
20.46	3
20.46	3
20.46	3
20.46	3
20.46	3
20.46	3
20.46	3
20.46	3
20.46	3
20.46	2
20.46	3
20.46	2
20.46	3
20.46	3
20.46	3
20.46	3
20.46	3
20.46	3
20.46	3
20.46	3
20.46	3
20.46	3
20.46	3
20.46	3
20.46	2
20.46	3
20.46	3
20.46	3
20.46	3
20.46	3
20.46	3
20.46	3
20.46	3
20.46	3
20.46	3
20.46	3
20.46	3
20.46	3
20.46	3
20.46	3
20.46	3
20.46	3
20.46	3
20.46	3
20.46	3
20.46	3
20.46	3
20.46	3
20.46	3
20.46	3
20.46	3
20.46	3
20.46	3
20.46	3
20.46	2
20.46	3
20.46	3
20.5	2
20.5	3
20.5	2
20.5	2
20.5	3
20.5	3
20.5	3
20.5	3
20.5	3
20.5	3
20.5	2
20.5	3
20.5	3
20.5	3
20.5	3
20.5	3
20.5	3
20.5	3
20.5	3
20.5	3
20.5	3
20.5	3
20.5	3
20.5	3
20.5	3
20.5	3
20.5	3
20.5	3
20.5	3
20.5	2
20.5	3
20.5	3
20.5	3
20.5	3
20.5	2
20.5	3
20.5	3
20.5	3
20.5	3
20.5	3
20.5	2
20.5	3
20.5	3
20.5	2
20.5	3
20.5	3
20.5	3
20.5	3
20.5	3
20.5	3
20.5	3
20.5	3
20.5	2
20.5	3
20.5	3
20.5	3
20.5	3
20.5	3
20.5	3
20.5	3
20.5	3
20.5	3
20.5	3
20.5	3
20.5	3
20.5	3
20.5	2
20.5	3
20.5	3
20.5	3
20.5	3
20.5	3
20.5	3
20.5	3
20.5	3
20.5	3
20.5	3
20.5	3
20.5	3
20.5	3
20.5	2
20.5	3
20.5	2
20.5	3
20.5	3
20.5	3
20.5	3
20.5	3
20.5	3
20.5	3
20.5	3
20.5	3
20.5	3
20.5	3
20.5	3
20.5	3
20.5	3
20.5	3
20.5	3
20.5	3
20.5	3
20.5	3
20.5	3
20.5	3
20.5	3
20.5	3
20.5	3
20.5	3
20.5	3
20.5	3
20.5	3
20.5	3
20.5	3
20.5	3
20.5	3
20.5	3
20.5	3
20.5	3
20.5	3
20.5	3
20.5	3
20.5	3
20.5	3
20.5	3
20.5	3
20.5	2
20.5	3
20.5	3
20.506	2
20.506	3
20.506	2
20.506	2
20.506	3
20.506	3
20.506	3
20.506	3
20.506	3
20.506	3
20.506	2
20.506	3
20.506	3
20.506	3
20.506	3
20.506	3
20.506	3
20.506	3
20.506	3
20.506	3
20.506	3
20.506	3
20.506	3
20.506	3
20.506	3
20.506	3
20.506	3
20.506	3
20.506	3
20.506	3
20.506	3
20.506	3
20.506	3
20.506	3
20.506	2
20.506	3
20.506	3
20.506	3
20.506	3
20.506	3
20.506	2
20.506	3
20.506	3
20.506	2
20.506	3
20.506	3
20.506	3
20.506	3
20.506	3
20.506	3
20.506	3
20.506	3
20.506	2
20.506	3
20.506	3
20.506	3
20.506	3
20.506	3
20.506	3
20.506	3
20.506	3
20.506	3
20.506	3
20.506	3
20.506	3
20.506	3
20.506	2
20.506	3
20.506	3
20.506	3
20.506	3
20.506	3
20.506	3
20.506	3
20.506	3
20.506	3
20.506	3
20.506	3
20.506	3
20.506	3
20.506	2
20.506	3
20.506	2
20.506	3
20.506	3
20.506	3
20.506	3
20.506	3
20.506	3
20.506	3
20.506	3
20.506	3
20.506	3
20.506	3
20.506	3
20.506	3
20.506	3
20.506	3
20.506	3
20.506	3
20.506	3
20.506	3
20.506	3
20.506	3
20.506	3
20.506	3
20.506	3
20.506	3
20.506	3
20.506	3
20.506	3
20.506	3
20.506	3
20.506	3
20.506	3
20.506	3
20.506	3
20.506	3
20.506	3
20.506	3
20.506	3
20.506	3
20.506	3
20.506	3
20.506	3
20.506	2
20.506	3
20.506	3
20.596	2
20.596	3
20.596	2
20.596	2
20.596	3
20.596	3
20.596	3
20.596	3
20.596	3
20.596	3
20.596	2
20.596	3
20.596	3
20.596	3
20.596	3
20.596	3
20.596	3
20.596	3
20.596	3
20.596	3
20.596	3
20.596	3
20.596	3
20.596	3
20.596	3
20.596	3
20.596	3
20.596	3
20.596	3
20.596	3
20.596	3
20.596	3
20.596	3
20.596	3
20.596	2
20.596	3
20.596	3
20.596	3
20.596	3
20.596	3
20.596	2
20.596	3
20.596	3
20.596	2
20.596	3
20.596	3
20.596	3
20.596	3
20.596	3
20.596	3
20.596	3
20.596	3
20.596	2
20.596	3
20.596	3
20.596	3
20.596	3
20.596	3
20.596	3
20.596	3
20.596	3
20.596	3
20.596	3
20.596	3
20.596	4
20.596	3
20.596	2
20.596	3
20.596	3
20.596	3
20.596	3
20.596	3
20.596	3
20.596	3
20.596	3
20.596	3
20.596	3
20.596	3
20.596	3
20.596	3
20.596	2
20.596	3
20.596	2
20.596	3
20.596	3
20.596	3
20.596	3
20.596	3
20.596	3
20.596	3
20.596	3
20.596	3
20.596	3
20.596	3
20.596	3
20.596	3
20.596	3
20.596	3
20.596	3
20.596	3
20.596	3
20.596	3
20.596	3
20.596	3
20.596	3
20.596	3
20.596	3
20.596	3
20.596	3
20.596	3
20.596	3
20.596	3
20.596	3
20.596	3
20.596	3
20.596	3
20.596	3
20.596	3
20.596	3
20.596	3
20.596	3
20.596	3
20.596	3
20.596	3
20.596	3
20.596	2
20.596	3
20.596	3
20.601	2
20.601	3
20.601	2
20.601	2
20.601	3
20.601	3
20.601	3
20.601	3
20.601	3
20.601	3
20.601	2
20.601	3
20.601	3
20.601	3
20.601	3
20.601	3
20.601	3
20.601	3
20.601	3
20.601	3
20.601	3
20.601	3
20.601	3
20.601	3
20.601	3
20.601	3
20.601	3
20.601	3
20.601	3
20.601	3
20.601	3
20.601	3
20.601	3
20.601	3
20.601	2
20.601	3
20.601	3
20.601	3
20.601	3
20.601	3
20.601	2
20.601	3
20.601	3
20.601	2
20.601	3
20.601	3
20.601	3
20.601	3
20.601	3
20.601	3
20.601	3
20.601	3
20.601	2
20.601	3
20.601	3
20.601	3
20.601	3
20.601	3
20.601	3
20.601	3
20.601	3
20.601	3
20.601	3
20.601	3
20.601	4
20.601	3
20.601	2
20.601	3
20.601	3
20.601	3
20.601	3
20.601	3
20.601	3
20.601	3
20.601	3
20.601	3
20.601	3
20.601	3
20.601	3
20.601	3
20.601	3
20.601	3
20.601	2
20.601	3
20.601	3
20.601	3
20.601	3
20.601	3
20.601	3
20.601	3
20.601	3
20.601	3
20.601	3
20.601	3
20.601	3
20.601	3
20.601	3
20.601	3
20.601	3
20.601	3
20.601	3
20.601	3
20.601	3
20.601	3
20.601	3
20.601	3
20.601	3
20.601	3
20.601	3
20.601	3
20.601	3
20.601	3
20.601	3
20.601	3
20.601	3
20.601	3
20.601	3
20.601	3
20.601	3
20.601	3
20.601	3
20.601	3
20.601	3
20.601	3
20.601	3
20.601	2
20.601	3
20.601	3
20.704	2
20.704	3
20.704	2
20.704	2
20.704	3
20.704	3
20.704	3
20.704	3
20.704	3
20.704	3
20.704	3
20.704	3
20.704	3
20.704	3
20.704	3
20.704	3
20.704	3
20.704	3
20.704	3
20.704	3
20.704	3
20.704	3
20.704	3
20.704	3
20.704	3
20.704	3
20.704	3
20.704	3
20.704	3
20.704	3
20.704	3
20.704	3
20.704	3
20.704	3
20.704	2
20.704	3
20.704	3
20.704	3
20.704	3
20.704	3
20.704	2
20.704	3
20.704	3
20.704	2
20.704	3
20.704	3
20.704	3
20.704	3
20.704	3
20.704	3
20.704	3
20.704	3
20.704	2
20.704	3
20.704	3
20.704	3
20.704	3
20.704	3
20.704	3
20.704	3
20.704	3
20.704	3
20.704	3
20.704	3
20.704	4
20.704	3
20.704	2
20.704	3
20.704	3
20.704	3
20.704	3
20.704	3
20.704	3
20.704	3
20.704	3
20.704	3
20.704	3
20.704	3
20.704	3
20.704	3
20.704	3
20.704	3
20.704	2
20.704	3
20.704	3
20.704	3
20.704	3
20.704	3
20.704	3
20.704	3
20.704	3
20.704	3
20.704	3
20.704	3
20.704	3
20.704	3
20.704	3
20.704	3
20.704	3
20.704	3
20.704	3
20.704	3
20.704	3
20.704	3
20.704	3
20.704	3
20.704	3
20.704	3
20.704	3
20.704	3
20.704	3
20.704	3
20.704	3
20.704	3
20.704	3
20.704	3
20.704	3
20.704	3
20.704	3
20.704	3
20.704	3
20.704	3
20.704	3
20.704	3
20.704	3
20.704	2
20.704	3
20.704	3
20.856	2
20.856	3
20.856	2
20.856	2
20.856	3
20.856	3
20.856	3
20.856	3
20.856	3
20.856	3
20.856	3
20.856	3
20.856	3
20.856	3
20.856	3
20.856	3
20.856	3
20.856	3
20.856	3
20.856	3
20.856	3
20.856	3
20.856	3
20.856	3
20.856	3
20.856	3
20.856	3
20.856	3
20.856	3
20.856	3
20.856	3
20.856	3
20.856	3
20.856	4
20.856	2
20.856	3
20.856	3
20.856	3
20.856	3
20.856	3
20.856	2
20.856	3
20.856	3
20.856	2
20.856	3
20.856	3
20.856	3
20.856	3
20.856	3
20.856	3
20.856	3
20.856	3
20.856	2
20.856	3
20.856	3
20.856	3
20.856	3
20.856	3
20.856	3
20.856	3
20.856	3
20.856	3
20.856	3
20.856	3
20.856	4
20.856	3
20.856	2
20.856	3
20.856	3
20.856	3
20.856	3
20.856	3
20.856	3
20.856	3
20.856	3
20.856	3
20.856	3
20.856	3
20.856	3
20.856	3
20.856	3
20.856	3
20.856	2
20.856	3
20.856	3
20.856	3
20.856	3
20.856	3
20.856	3
20.856	3
20.856	3
20.856	3
20.856	3
20.856	3
20.856	3
20.856	3
20.856	3
20.856	3
20.856	3
20.856	3
20.856	3
20.856	3
20.856	3
20.856	3
20.856	3
20.856	3
20.856	3
20.856	3
20.856	3
20.856	3
20.856	3
20.856	3
20.856	3
20.856	3
20.856	3
20.856	3
20.856	3
20.856	3
20.856	3
20.856	3
20.856	3
20.856	3
20.856	3
20.856	3
20.856	3
20.856	2
20.856	3
20.856	3
20.862	2
20.862	3
20.862	2
20.862	2
20.862	3
20.862	3
20.862	3
20.862	3
20.862	3
20.862	3
20.862	3
20.862	3
20.862	3
20.862	3
20.862	3
20.862	3
20.862	3
20.862	3
20.862	3
20.862	3
20.862	3
20.862	3
20.862	3
20.862	3
20.862	3
20.862	3
20.862	3
20.862	3
20.862	3
20.862	3
20.862	3
20.862	3
20.862	3
20.862	4
20.862	2
20.862	3
20.862	3
20.862	3
20.862	3
20.862	3
20.862	2
20.862	3
20.862	3
20.862	2
20.862	3
20.862	3
20.862	3
20.862	3
20.862	3
20.862	3
20.862	3
20.862	3
20.862	3
20.862	3
20.862	3
20.862	3
20.862	3
20.862	3
20.862	3
20.862	3
20.862	3
20.862	3
20.862	3
20.862	3
20.862	4
20.862	3
20.862	2
20.862	3
20.862	3
20.862	3
20.862	3
20.862	3
20.862	3
20.862	3
20.862	3
20.862	3
20.862	3
20.862	3
20.862	3
20.862	3
20.862	3
20.862	3
20.862	2
20.862	3
20.862	3
20.862	3
20.862	3
20.862	3
20.862	3
20.862	3
20.862	3
20.862	3
20.862	3
20.862	3
20.862	3
20.862	3
20.862	3
20.862	3
20.862	3
20.862	3
20.862	3
20.862	3
20.862	3
20.862	3
20.862	3
20.862	3
20.862	3
20.862	3
20.862	3
20.862	3
20.862	3
20.862	3
20.862	3
20.862	3
20.862	3
20.862	3
20.862	3
20.862	3
20.862	3
20.862	3
20.862	3
20.862	3
20.862	3
20.862	3
20.862	3
20.862	2
20.862	3
20.862	3
20.946	2
20.946	3
20.946	2
20.946	2
20.946	3
20.946	3
20.946	3
20.946	3
20.946	3
20.946	3
20.946	4
20.946	3
20.946	3
20.946	3
20.946	3
20.946	3
20.946	3
20.946	3
20.946	3
20.946	3
20.946	3
20.946	3
20.946	3
20.946	3
20.946	3
20.946	3
20.946	3
20.946	3
20.946	3
20.946	3
20.946	3
20.946	3
20.946	3
20.946	4
20.946	2
20.946	3
20.946	3
20.946	3
20.946	3
20.946	3
20.946	2
20.946	3
20.946	3
20.946	2
20.946	3
20.946	3
20.946	3
20.946	3
20.946	3
20.946	3
20.946	3
20.946	3
20.946	3
20.946	3
20.946	3
20.946	3
20.946	3
20.946	3
20.946	3
20.946	3
20.946	3
20.946	3
20.946	3
20.946	3
20.946	4
20.946	3
20.946	2
20.946	3
20.946	3
20.946	3
20.946	3
20.946	3
20.946	3
20.946	3
20.946	3
20.946	3
20.946	3
20.946	3
20.946	3
20.946	3
20.946	3
20.946	3
20.946	2
20.946	3
20.946	3
20.946	3
20.946	3
20.946	3
20.946	3
20.946	3
20.946	3
20.946	3
20.946	3
20.946	3
20.946	3
20.946	3
20.946	3
20.946	3
20.946	3
20.946	3
20.946	3
20.946	3
20.946	3
20.946	3
20.946	3
20.946	3
20.946	3
20.946	3
20.946	3
20.946	3
20.946	3
20.946	3
20.946	3
20.946	3
20.946	3
20.946	3
20.946	3
20.946	3
20.946	3
20.946	3
20.946	3
20.946	3
20.946	3
20.946	3
20.946	3
20.946	2
20.946	3
20.946	3
21.017	2
21.017	3
21.017	2
21.017	2
21.017	3
21.017	3
21.017	3
21.017	3
21.017	3
21.017	3
21.017	4
21.017	3
21.017	3
21.017	3
21.017	3
21.017	3
21.017	3
21.017	3
21.017	3
21.017	3
21.017	3
21.017	3
21.017	3
21.017	3
21.017	3
21.017	3
21.017	3
21.017	3
21.017	3
21.017	3
21.017	3
21.017	3
21.017	3
21.017	4
21.017	2
21.017	3
21.017	3
21.017	3
21.017	3
21.017	3
21.017	2
21.017	3
21.017	3
21.017	2
21.017	3
21.017	3
21.017	3
21.017	3
21.017	3
21.017	3
21.017	3
21.017	3
21.017	3
21.017	3
21.017	3
21.017	3
21.017	3
21.017	3
21.017	3
21.017	3
21.017	3
21.017	3
21.017	3
21.017	3
21.017	4
21.017	3
21.017	2
21.017	3
21.017	3
21.017	3
21.017	3
21.017	3
21.017	3
21.017	3
21.017	3
21.017	3
21.017	3
21.017	3
21.017	3
21.017	3
21.017	3
21.017	3
21.017	3
21.017	3
21.017	3
21.017	3
21.017	3
21.017	3
21.017	3
21.017	3
21.017	3
21.017	3
21.017	3
21.017	3
21.017	3
21.017	3
21.017	3
21.017	3
21.017	3
21.017	3
21.017	3
21.017	3
21.017	3
21.017	3
21.017	3
21.017	3
21.017	3
21.017	3
21.017	3
21.017	3
21.017	3
21.017	3
21.017	3
21.017	3
21.017	3
21.017	3
21.017	3
21.017	3
21.017	3
21.017	3
21.017	3
21.017	3
21.017	3
21.017	3
21.017	3
21.017	2
21.017	3
21.017	3
21.118	2
21.118	3
21.118	2
21.118	3
21.118	3
21.118	3
21.118	3
21.118	3
21.118	3
21.118	3
21.118	4
21.118	3
21.118	3
21.118	3
21.118	3
21.118	3
21.118	3
21.118	3
21.118	3
21.118	3
21.118	3
21.118	3
21.118	3
21.118	3
21.118	3
21.118	3
21.118	3
21.118	3
21.118	3
21.118	3
21.118	3
21.118	3
21.118	3
21.118	4
21.118	2
21.118	3
21.118	3
21.118	3
21.118	3
21.118	3
21.118	2
21.118	3
21.118	3
21.118	2
21.118	3
21.118	3
21.118	3
21.118	3
21.118	3
21.118	3
21.118	3
21.118	3
21.118	3
21.118	3
21.118	3
21.118	3
21.118	3
21.118	3
21.118	3
21.118	3
21.118	3
21.118	3
21.118	3
21.118	3
21.118	4
21.118	3
21.118	2
21.118	3
21.118	3
21.118	3
21.118	3
21.118	3
21.118	3
21.118	3
21.118	3
21.118	3
21.118	3
21.118	3
21.118	3
21.118	3
21.118	3
21.118	3
21.118	3
21.118	3
21.118	3
21.118	3
21.118	3
21.118	3
21.118	3
21.118	3
21.118	3
21.118	3
21.118	3
21.118	3
21.118	3
21.118	3
21.118	3
21.118	3
21.118	3
21.118	3
21.118	3
21.118	3
21.118	3
21.118	3
21.118	3
21.118	3
21.118	3
21.118	3
21.118	3
21.118	3
21.118	3
21.118	3
21.118	3
21.118	3
21.118	3
21.118	3
21.118	3
21.118	3
21.118	3
21.118	3
21.118	3
21.118	3
21.118	3
21.118	3
21.118	3
21.118	2
21.118	3
21.118	3
21.199	2
21.199	3
21.199	2
21.199	4
21.199	3
21.199	3
21.199	3
21.199	3
21.199	3
21.199	3
21.199	4
21.199	3
21.199	3
21.199	3
21.199	3
21.199	3
21.199	3
21.199	3
21.199	3
21.199	3
21.199	3
21.199	3
21.199	3
21.199	3
21.199	3
21.199	3
21.199	3
21.199	3
21.199	3
21.199	3
21.199	3
21.199	3
21.199	3
21.199	4
21.199	2
21.199	3
21.199	3
21.199	3
21.199	3
21.199	3
21.199	2
21.199	3
21.199	3
21.199	2
21.199	3
21.199	3
21.199	3
21.199	3
21.199	3
21.199	3
21.199	3
21.199	3
21.199	3
21.199	3
21.199	3
21.199	3
21.199	3
21.199	3
21.199	3
21.199	3
21.199	3
21.199	3
21.199	3
21.199	3
21.199	4
21.199	3
21.199	2
21.199	3
21.199	3
21.199	3
21.199	3
21.199	3
21.199	3
21.199	3
21.199	3
21.199	3
21.199	3
21.199	3
21.199	3
21.199	3
21.199	3
21.199	3
21.199	3
21.199	3
21.199	3
21.199	3
21.199	3
21.199	3
21.199	3
21.199	3
21.199	3
21.199	3
21.199	3
21.199	3
21.199	3
21.199	3
21.199	3
21.199	3
21.199	3
21.199	3
21.199	3
21.199	3
21.199	3
21.199	3
21.199	3
21.199	3
21.199	3
21.199	3
21.199	3
21.199	3
21.199	3
21.199	3
21.199	3
21.199	3
21.199	3
21.199	3
21.199	3
21.199	3
21.199	3
21.199	3
21.199	3
21.199	3
21.199	3
21.199	3
21.199	3
21.199	2
21.199	3
21.199	3
21.212	3
21.212	3
21.212	2
21.212	4
21.212	3
21.212	3
21.212	3
21.212	3
21.212	3
21.212	3
21.212	4
21.212	3
21.212	3
21.212	3
21.212	3
21.212	3
21.212	3
21.212	3
21.212	3
21.212	3
21.212	3
21.212	3
21.212	3
21.212	3
21.212	3
21.212	3
21.212	3
21.212	3
21.212	3
21.212	3
21.212	3
21.212	3
21.212	3
21.212	4
21.212	2
21.212	3
21.212	3
21.212	3
21.212	3
21.212	3
21.212	2
21.212	3
21.212	3
21.212	2
21.212	3
21.212	3
21.212	3
21.212	3
21.212	3
21.212	3
21.212	3
21.212	3
21.212	3
21.212	3
21.212	3
21.212	3
21.212	3
21.212	3
21.212	3
21.212	3
21.212	3
21.212	3
21.212	3
21.212	3
21.212	4
21.212	3
21.212	2
21.212	3
21.212	3
21.212	3
21.212	3
21.212	3
21.212	3
21.212	3
21.212	3
21.212	3
21.212	3
21.212	3
21.212	3
21.212	3
21.212	3
21.212	3
21.212	3
21.212	3
21.212	3
21.212	3
21.212	3
21.212	3
21.212	3
21.212	3
21.212	3
21.212	3
21.212	3
21.212	3
21.212	3
21.212	3
21.212	3
21.212	3
21.212	3
21.212	3
21.212	3
21.212	3
21.212	3
21.212	3
21.212	3
21.212	3
21.212	3
21.212	3
21.212	3
21.212	3
21.212	3
21.212	3
21.212	3
21.212	3
21.212	3
21.212	3
21.212	3
21.212	3
21.212	3
21.212	3
21.212	3
21.212	3
21.212	3
21.212	3
21.212	3
21.212	2
21.212	3
21.212	3
21.268	3
21.268	3
21.268	2
21.268	5
21.268	3
21.268	3
21.268	3
21.268	3
21.268	3
21.268	3
21.268	4
21.268	3
21.268	3
21.268	3
21.268	3
21.268	3
21.268	3
21.268	3
21.268	3
21.268	3
21.268	3
21.268	3
21.268	3
21.268	3
21.268	3
21.268	3
21.268	3
21.268	3
21.268	3
21.268	3
21.268	3
21.268	3
21.268	3
21.268	4
21.268	2
21.268	3
21.268	3
21.268	3
21.268	3
21.268	3
21.268	2
21.268	3
21.268	3
21.268	2
21.268	3
21.268	3
21.268	3
21.268	3
21.268	3
21.268	3
21.268	3
21.268	3
21.268	3
21.268	3
21.268	3
21.268	3
21.268	3
21.268	3
21.268	3
21.268	3
21.268	3
21.268	3
21.268	3
21.268	3
21.268	4
21.268	3
21.268	2
21.268	3
21.268	3
21.268	3
21.268	3
21.268	3
21.268	3
21.268	3
21.268	3
21.268	3
21.268	3
21.268	3
21.268	3
21.268	3
21.268	3
21.268	3
21.268	3
21.268	3
21.268	3
21.268	3
21.268	3
21.268	3
21.268	3
21.268	3
21.268	3
21.268	3
21.268	3
21.268	3
21.268	3
21.268	3
21.268	3
21.268	3
21.268	3
21.268	3
21.268	3
21.268	3
21.268	3
21.268	3
21.268	3
21.268	3
21.268	3
21.268	3
21.268	3
21.268	3
21.268	3
21.268	3
21.268	3
21.268	3
21.268	3
21.268	3
21.268	3
21.268	3
21.268	3
21.268	3
21.268	3
21.268	3
21.268	3
21.268	3
21.268	3
21.268	2
21.268	3
21.268	3
21.269	3
21.269	3
21.269	2
21.269	5
21.269	3
21.269	3
21.269	3
21.269	3
21.269	3
21.269	3
21.269	4
21.269	3
21.269	3
21.269	3
21.269	3
21.269	3
21.269	3
21.269	3
21.269	3
21.269	3
21.269	3
21.269	3
21.269	3
21.269	3
21.269	3
21.269	3
21.269	3
21.269	3
21.269	3
21.269	3
21.269	3
21.269	3
21.269	3
21.269	4
21.269	2
21.269	3
21.269	3
21.269	3
21.269	3
21.269	3
21.269	3
21.269	3
21.269	3
21.269	2
21.269	3
21.269	3
21.269	3
21.269	3
21.269	3
21.269	3
21.269	3
21.269	3
21.269	3
21.269	3
21.269	3
21.269	3
21.269	3
21.269	3
21.269	3
21.269	3
21.269	3
21.269	3
21.269	3
21.269	3
21.269	4
21.269	3
21.269	2
21.269	3
21.269	3
21.269	3
21.269	3
21.269	3
21.269	3
21.269	3
21.269	3
21.269	3
21.269	3
21.269	3
21.269	3
21.269	3
21.269	3
21.269	3
21.269	3
21.269	3
21.269	3
21.269	3
21.269	3
21.269	3
21.269	3
21.269	3
21.269	3
21.269	3
21.269	3
21.269	3
21.269	3
21.269	3
21.269	3
21.269	3
21.269	3
21.269	3
21.269	3
21.269	3
21.269	3
21.269	3
21.269	3
21.269	3
21.269	3
21.269	3
21.269	3
21.269	3
21.269	3
21.269	3
21.269	3
21.269	3
21.269	3
21.269	3
21.269	3
21.269	3
21.269	3
21.269	3
21.269	3
21.269	3
21.269	3
21.269	3
21.269	3
21.269	2
21.269	3
21.269	3
21.382	3
21.382	3
21.382	2
21.382	5
21.382	3
21.382	3
21.382	3
21.382	3
21.382	3
21.382	3
21.382	4
21.382	3
21.382	3
21.382	3
21.382	3
21.382	3
21.382	3
21.382	3
21.382	3
21.382	3
21.382	3
21.382	3
21.382	3
21.382	3
21.382	3
21.382	3
21.382	3
21.382	3
21.382	3
21.382	3
21.382	3
21.382	3
21.382	3
21.382	4
21.382	3
21.382	3
21.382	3
21.382	3
21.382	3
21.382	3
21.382	3
21.382	3
21.382	3
21.382	2
21.382	3
21.382	3
21.382	3
21.382	3
21.382	3
21.382	3
21.382	3
21.382	3
21.382	3
21.382	3
21.382	3
21.382	3
21.382	3
21.382	3
21.382	3
21.382	3
21.382	3
21.382	3
21.382	3
21.382	3
21.382	4
21.382	3
21.382	2
21.382	3
21.382	3
21.382	3
21.382	3
21.382	3
21.382	3
21.382	3
21.382	3
21.382	3
21.382	3
21.382	3
21.382	3
21.382	3
21.382	3
21.382	3
21.382	3
21.382	3
21.382	3
21.382	3
21.382	3
21.382	3
21.382	3
21.382	3
21.382	3
21.382	3
21.382	3
21.382	3
21.382	3
21.382	3
21.382	3
21.382	3
21.382	3
21.382	3
21.382	3
21.382	3
21.382	3
21.382	3
21.382	3
21.382	3
21.382	3
21.382	3
21.382	3
21.382	3
21.382	3
21.382	3
21.382	3
21.382	3
21.382	3
21.382	3
21.382	3
21.382	3
21.382	3
21.382	3
21.382	3
21.382	3
21.382	3
21.382	3
21.382	3
21.382	2
21.382	3
21.382	3
21.387	3
21.387	3
21.387	2
21.387	6
21.387	3
21.387	3
21.387	3
21.387	3
21.387	3
21.387	3
21.387	4
21.387	3
21.387	3
21.387	3
21.387	3
21.387	3
21.387	3
21.387	3
21.387	3
21.387	3
21.387	3
21.387	3
21.387	3
21.387	3
21.387	3
21.387	3
21.387	3
21.387	3
21.387	3
21.387	3
21.387	3
21.387	3
21.387	3
21.387	4
21.387	3
21.387	3
21.387	3
21.387	3
21.387	3
21.387	3
21.387	3
21.387	3
21.387	3
21.387	2
21.387	3
21.387	3
21.387	3
21.387	3
21.387	3
21.387	3
21.387	3
21.387	3
21.387	3
21.387	3
21.387	3
21.387	3
21.387	3
21.387	3
21.387	3
21.387	3
21.387	3
21.387	3
21.387	3
21.387	3
21.387	4
21.387	3
21.387	2
21.387	3
21.387	3
21.387	3
21.387	3
21.387	3
21.387	3
21.387	3
21.387	3
21.387	3
21.387	3
21.387	3
21.387	3
21.387	3
21.387	3
21.387	3
21.387	3
21.387	3
21.387	3
21.387	3
21.387	3
21.387	3
21.387	3
21.387	3
21.387	3
21.387	3
21.387	3
21.387	3
21.387	3
21.387	3
21.387	3
21.387	3
21.387	3
21.387	3
21.387	3
21.387	3
21.387	3
21.387	3
21.387	3
21.387	3
21.387	3
21.387	3
21.387	3
21.387	3
21.387	3
21.387	3
21.387	3
21.387	3
21.387	3
21.387	3
21.387	3
21.387	3
21.387	3
21.387	3
21.387	3
21.387	3
21.387	3
21.387	3
21.387	3
21.387	2
21.387	3
21.387	3
21.43	3
21.43	3
21.43	2
21.43	6
21.43	3
21.43	3
21.43	3
21.43	3
21.43	3
21.43	3
21.43	4
21.43	3
21.43	3
21.43	3
21.43	3
21.43	3
21.43	3
21.43	3
21.43	3
21.43	3
21.43	3
21.43	3
21.43	3
21.43	3
21.43	3
21.43	3
21.43	3
21.43	3
21.43	3
21.43	3
21.43	3
21.43	3
21.43	3
21.43	4
21.43	3
21.43	3
21.43	3
21.43	3
21.43	3
21.43	3
21.43	4
21.43	3
21.43	3
21.43	2
21.43	3
21.43	3
21.43	3
21.43	3
21.43	3
21.43	3
21.43	3
21.43	3
21.43	3
21.43	3
21.43	3
21.43	3
21.43	3
21.43	3
21.43	3
21.43	3
21.43	3
21.43	3
21.43	3
21.43	3
21.43	4
21.43	3
21.43	2
21.43	3
21.43	3
21.43	3
21.43	3
21.43	3
21.43	3
21.43	3
21.43	3
21.43	3
21.43	3
21.43	3
21.43	3
21.43	3
21.43	3
21.43	3
21.43	3
21.43	3
21.43	3
21.43	3
21.43	3
21.43	3
21.43	3
21.43	3
21.43	3
21.43	3
21.43	3
21.43	3
21.43	3
21.43	3
21.43	3
21.43	3
21.43	3
21.43	3
21.43	3
21.43	3
21.43	3
21.43	3
21.43	3
21.43	3
21.43	3
21.43	3
21.43	3
21.43	3
21.43	3
21.43	3
21.43	3
21.43	3
21.43	3
21.43	3
21.43	3
21.43	3
21.43	3
21.43	3
21.43	3
21.43	3
21.43	3
21.43	3
21.43	3
21.43	2
21.43	3
21.43	3
21.527	3
21.527	3
21.527	2
21.527	6
21.527	3
21.527	3
21.527	3
21.527	3
21.527	3
21.527	3
21.527	4
21.527	3
21.527	3
21.527	3
21.527	3
21.527	3
21.527	3
21.527	3
21.527	3
21.527	3
21.527	3
21.527	3
21.527	3
21.527	3
21.527	3
21.527	3
21.527	3
21.527	3
21.527	3
21.527	3
21.527	3
21.527	3
21.527	3
21.527	4
21.527	3
21.527	3
21.527	3
21.527	3
21.527	3
21.527	3
21.527	4
21.527	3
21.527	3
21.527	2
21.527	3
21.527	3
21.527	3
21.527	3
21.527	3
21.527	3
21.527	3
21.527	3
21.527	3
21.527	3
21.527	3
21.527	3
21.527	3
21.527	3
21.527	3
21.527	3
21.527	3
21.527	3
21.527	3
21.527	3
21.527	4
21.527	3
21.527	3
21.527	3
21.527	3
21.527	3
21.527	3
21.527	3
21.527	3
21.527	3
21.527	3
21.527	3
21.527	3
21.527	3
21.527	3
21.527	3
21.527	3
21.527	3
21.527	3
21.527	3
21.527	3
21.527	3
21.527	3
21.527	3
21.527	3
21.527	3
21.527	3
21.527	3
21.527	3
21.527	3
21.527	3
21.527	3
21.527	3
21.527	3
21.527	3
21.527	3
21.527	3
21.527	3
21.527	3
21.527	3
21.527	3
21.527	3
21.527	3
21.527	3
21.527	3
21.527	3
21.527	3
21.527	3
21.527	3
21.527	3
21.527	3
21.527	3
21.527	3
21.527	3
21.527	3
21.527	3
21.527	3
21.527	3
21.527	3
21.527	3
21.527	3
21.527	2
21.527	3
21.527	3
21.557	3
21.557	3
21.557	3
21.557	6
21.557	3
21.557	3
21.557	3
21.557	3
21.557	3
21.557	3
21.557	4
21.557	3
21.557	3
21.557	3
21.557	3
21.557	3
21.557	3
21.557	3
21.557	3
21.557	3
21.557	3
21.557	3
21.557	3
21.557	3
21.557	3
21.557	3
21.557	3
21.557	3
21.557	3
21.557	3
21.557	3
21.557	3
21.557	3
21.557	4
21.557	3
21.557	3
21.557	3
21.557	3
21.557	3
21.557	3
21.557	4
21.557	3
21.557	3
21.557	2
21.557	3
21.557	3
21.557	3
21.557	3
21.557	3
21.557	3
21.557	3
21.557	3
21.557	3
21.557	3
21.557	3
21.557	3
21.557	3
21.557	3
21.557	3
21.557	3
21.557	3
21.557	3
21.557	3
21.557	3
21.557	4
21.557	3
21.557	3
21.557	3
21.557	3
21.557	3
21.557	3
21.557	3
21.557	3
21.557	3
21.557	3
21.557	3
21.557	3
21.557	3
21.557	3
21.557	3
21.557	3
21.557	3
21.557	3
21.557	3
21.557	3
21.557	3
21.557	3
21.557	3
21.557	3
21.557	3
21.557	3
21.557	3
21.557	3
21.557	3
21.557	3
21.557	3
21.557	3
21.557	3
21.557	3
21.557	3
21.557	3
21.557	3
21.557	3
21.557	3
21.557	3
21.557	3
21.557	3
21.557	3
21.557	3
21.557	3
21.557	3
21.557	3
21.557	3
21.557	3
21.557	3
21.557	3
21.557	3
21.557	3
21.557	3
21.557	3
21.557	3
21.557	3
21.557	3
21.557	3
21.557	3
21.557	2
21.557	3
21.557	3
21.69	3
21.69	3
21.69	3
21.69	6
21.69	3
21.69	3
21.69	3
21.69	3
21.69	3
21.69	3
21.69	4
21.69	3
21.69	3
21.69	3
21.69	3
21.69	3
21.69	3
21.69	3
21.69	3
21.69	3
21.69	3
21.69	3
21.69	3
21.69	3
21.69	3
21.69	3
21.69	3
21.69	3
21.69	3
21.69	3
21.69	3
21.69	3
21.69	3
21.69	4
21.69	3
21.69	3
21.69	3
21.69	3
21.69	3
21.69	3
21.69	4
21.69	3
21.69	3
21.69	2
21.69	3
21.69	3
21.69	3
21.69	3
21.69	3
21.69	3
21.69	3
21.69	3
21.69	3
21.69	3
21.69	3
21.69	3
21.69	3
21.69	3
21.69	3
21.69	3
21.69	3
21.69	3
21.69	3
21.69	3
21.69	4
21.69	3
21.69	3
21.69	3
21.69	3
21.69	3
21.69	3
21.69	3
21.69	3
21.69	3
21.69	3
21.69	3
21.69	3
21.69	3
21.69	3
21.69	3
21.69	3
21.69	3
21.69	3
21.69	3
21.69	3
21.69	3
21.69	3
21.69	3
21.69	3
21.69	3
21.69	3
21.69	3
21.69	3
21.69	3
21.69	3
21.69	3
21.69	3
21.69	3
21.69	3
21.69	3
21.69	3
21.69	3
21.69	3
21.69	3
21.69	3
21.69	3
21.69	3
21.69	3
21.69	3
21.69	3
21.69	3
21.69	3
21.69	3
21.69	3
21.69	3
21.69	3
21.69	3
21.69	3
21.69	3
21.69	3
21.69	3
21.69	3
21.69	3
21.69	3
21.69	3
21.69	3
21.69	3
21.69	3
21.83	3
21.83	3
21.83	3
21.83	6
21.83	3
21.83	3
21.83	3
21.83	3
21.83	3
21.83	3
21.83	4
21.83	3
21.83	3
21.83	3
21.83	3
21.83	3
21.83	3
21.83	3
21.83	3
21.83	3
21.83	3
21.83	3
21.83	3
21.83	3
21.83	3
21.83	3
21.83	3
21.83	3
21.83	3
21.83	3
21.83	3
21.83	3
21.83	3
21.83	4
21.83	3
21.83	3
21.83	3
21.83	3
21.83	3
21.83	3
21.83	4
21.83	3
21.83	3
21.83	2
21.83	3
21.83	3
21.83	3
21.83	3
21.83	3
21.83	3
21.83	3
21.83	3
21.83	3
21.83	3
21.83	3
21.83	3
21.83	3
21.83	3
21.83	3
21.83	3
21.83	3
21.83	3
21.83	3
21.83	3
21.83	4
21.83	3
21.83	3
21.83	3
21.83	3
21.83	3
21.83	3
21.83	3
21.83	3
21.83	3
21.83	3
21.83	3
21.83	3
21.83	3
21.83	3
21.83	3
21.83	3
21.83	3
21.83	3
21.83	3
21.83	3
21.83	3
21.83	3
21.83	3
21.83	3
21.83	3
21.83	3
21.83	3
21.83	3
21.83	3
21.83	3
21.83	3
21.83	3
21.83	3
21.83	3
21.83	3
21.83	3
21.83	3
21.83	3
21.83	3
21.83	3
21.83	3
21.83	3
21.83	3
21.83	3
21.83	3
21.83	3
21.83	3
21.83	3
21.83	3
21.83	3
21.83	3
21.83	3
21.83	3
21.83	3
21.83	3
21.83	3
21.83	3
21.83	3
21.83	3
21.83	3
21.83	4
21.83	3
21.83	3
21.85	3
21.85	3
21.85	3
21.85	6
21.85	3
21.85	3
21.85	3
21.85	3
21.85	3
21.85	3
21.85	4
21.85	3
21.85	3
21.85	3
21.85	3
21.85	3
21.85	3
21.85	3
21.85	3
21.85	3
21.85	3
21.85	3
21.85	3
21.85	3
21.85	3
21.85	3
21.85	3
21.85	3
21.85	3
21.85	3
21.85	3
21.85	3
21.85	3
21.85	4
21.85	3
21.85	3
21.85	3
21.85	3
21.85	3
21.85	3
21.85	4
21.85	3
21.85	3
21.85	3
21.85	3
21.85	3
21.85	3
21.85	3
21.85	3
21.85	3
21.85	3
21.85	3
21.85	3
21.85	3
21.85	3
21.85	3
21.85	3
21.85	3
21.85	3
21.85	3
21.85	3
21.85	3
21.85	3
21.85	3
21.85	4
21.85	3
21.85	3
21.85	3
21.85	3
21.85	3
21.85	3
21.85	3
21.85	3
21.85	3
21.85	3
21.85	3
21.85	3
21.85	3
21.85	3
21.85	3
21.85	3
21.85	3
21.85	3
21.85	3
21.85	3
21.85	3
21.85	3
21.85	3
21.85	3
21.85	3
21.85	3
21.85	3
21.85	3
21.85	3
21.85	3
21.85	3
21.85	3
21.85	3
21.85	3
21.85	3
21.85	3
21.85	3
21.85	3
21.85	3
21.85	3
21.85	3
21.85	3
21.85	3
21.85	3
21.85	3
21.85	3
21.85	3
21.85	3
21.85	3
21.85	3
21.85	3
21.85	3
21.85	3
21.85	3
21.85	3
21.85	3
21.85	3
21.85	3
21.85	3
21.85	3
21.85	4
21.85	3
21.85	3
21.953	3
21.953	3
21.953	3
21.953	6
21.953	3
21.953	3
21.953	3
21.953	3
21.953	3
21.953	3
21.953	4
21.953	3
21.953	3
21.953	3
21.953	3
21.953	3
21.953	3
21.953	3
21.953	3
21.953	3
21.953	3
21.953	3
21.953	3
21.953	3
21.953	3
21.953	3
21.953	3
21.953	3
21.953	3
21.953	3
21.953	3
21.953	3
21.953	3
21.953	3
21.953	3
21.953	3
21.953	3
21.953	3
21.953	3
21.953	3
21.953	4
21.953	3
21.953	3
21.953	3
21.953	3
21.953	3
21.953	3
21.953	3
21.953	3
21.953	3
21.953	3
21.953	3
21.953	3
21.953	3
21.953	3
21.953	3
21.953	3
21.953	3
21.953	3
21.953	3
21.953	3
21.953	3
21.953	3
21.953	3
21.953	4
21.953	3
21.953	3
21.953	3
21.953	3
21.953	3
21.953	3
21.953	3
21.953	3
21.953	3
21.953	3
21.953	3
21.953	3
21.953	3
21.953	3
21.953	3
21.953	3
21.953	3
21.953	3
21.953	3
21.953	3
21.953	3
21.953	3
21.953	3
21.953	3
21.953	3
21.953	3
21.953	3
21.953	3
21.953	3
21.953	3
21.953	3
21.953	3
21.953	3
21.953	3
21.953	3
21.953	3
21.953	3
21.953	3
21.953	3
21.953	3
21.953	3
21.953	3
21.953	3
21.953	3
21.953	3
21.953	3
21.953	3
21.953	3
21.953	3
21.953	3
21.953	3
21.953	3
21.953	3
21.953	3
21.953	3
21.953	3
21.953	3
21.953	3
21.953	3
21.953	3
21.953	4
21.953	3
21.953	3
22.073	3
22.073	3
22.073	3
22.073	6
22.073	3
22.073	3
22.073	3
22.073	3
22.073	3
22.073	3
22.073	4
22.073	3
22.073	3
22.073	3
22.073	3
22.073	3
22.073	3
22.073	3
22.073	3
22.073	3
22.073	3
22.073	3
22.073	3
22.073	3
22.073	3
22.073	3
22.073	3
22.073	3
22.073	3
22.073	3
22.073	3
22.073	3
22.073	3
22.073	3
22.073	3
22.073	3
22.073	3
22.073	3
22.073	3
22.073	3
22.073	4
22.073	3
22.073	3
22.073	3
22.073	3
22.073	3
22.073	3
22.073	3
22.073	3
22.073	3
22.073	3
22.073	3
22.073	3
22.073	3
22.073	3
22.073	3
22.073	3
22.073	3
22.073	3
22.073	3
22.073	3
22.073	3
22.073	3
22.073	3
22.073	4
22.073	3
22.073	4
22.073	3
22.073	3
22.073	3
22.073	3
22.073	3
22.073	3
22.073	3
22.073	3
22.073	3
22.073	3
22.073	3
22.073	3
22.073	3
22.073	3
22.073	3
22.073	3
22.073	3
22.073	3
22.073	3
22.073	3
22.073	3
22.073	3
22.073	3
22.073	3
22.073	3
22.073	3
22.073	3
22.073	3
22.073	3
22.073	3
22.073	3
22.073	3
22.073	3
22.073	3
22.073	3
22.073	3
22.073	3
22.073	3
22.073	3
22.073	3
22.073	3
22.073	3
22.073	3
22.073	3
22.073	3
22.073	3
22.073	3
22.073	3
22.073	3
22.073	3
22.073	3
22.073	3
22.073	3
22.073	3
22.073	3
22.073	3
22.073	3
22.073	3
22.073	4
22.073	3
22.073	3
22.364	3
22.364	3
22.364	3
22.364	6
22.364	3
22.364	3
22.364	3
22.364	3
22.364	3
22.364	3
22.364	4
22.364	3
22.364	3
22.364	3
22.364	3
22.364	3
22.364	3
22.364	3
22.364	3
22.364	3
22.364	3
22.364	3
22.364	3
22.364	3
22.364	3
22.364	3
22.364	3
22.364	3
22.364	3
22.364	3
22.364	3
22.364	3
22.364	3
22.364	3
22.364	3
22.364	3
22.364	3
22.364	3
22.364	3
22.364	3
22.364	4
22.364	3
22.364	3
22.364	4
22.364	3
22.364	3
22.364	3
22.364	3
22.364	3
22.364	3
22.364	3
22.364	3
22.364	3
22.364	3
22.364	3
22.364	3
22.364	3
22.364	3
22.364	3
22.364	3
22.364	3
22.364	3
22.364	3
22.364	3
22.364	4
22.364	3
22.364	4
22.364	3
22.364	3
22.364	3
22.364	3
22.364	3
22.364	3
22.364	3
22.364	3
22.364	3
22.364	3
22.364	3
22.364	3
22.364	3
22.364	3
22.364	3
22.364	3
22.364	3
22.364	3
22.364	3
22.364	3
22.364	3
22.364	3
22.364	3
22.364	3
22.364	3
22.364	3
22.364	3
22.364	3
22.364	3
22.364	3
22.364	3
22.364	3
22.364	3
22.364	3
22.364	3
22.364	3
22.364	3
22.364	3
22.364	3
22.364	3
22.364	3
22.364	3
22.364	3
22.364	3
22.364	3
22.364	3
22.364	3
22.364	3
22.364	3
22.364	3
22.364	3
22.364	3
22.364	3
22.364	3
22.364	3
22.364	3
22.364	3
22.364	3
22.364	4
22.364	3
22.364	3
22.422	3
22.422	3
22.422	3
22.422	3
22.422	3
22.422	3
22.422	6
22.422	5
22.422	3
22.422	3
22.422	3
22.422	3
22.422	3
22.422	3
22.422	3
22.422	3
22.422	3
22.422	3
22.422	3
22.422	3
22.422	4
22.422	4
22.422	3
22.422	3
22.422	3
22.422	3
22.422	3
22.422	3
22.422	3
22.422	3
22.422	3
22.422	3
22.422	3
22.422	3
22.422	3
22.422	3
22.422	3
22.422	3
22.422	3
22.422	3
22.422	3
22.422	3
22.422	3
22.422	3
22.422	3
22.422	3
22.422	3
22.422	3
22.422	3
22.422	3
22.422	3
22.422	3
22.422	3
22.422	3
22.422	3
22.422	3
22.422	3
22.422	3
22.422	3
22.422	3
22.422	3
22.422	3
22.422	3
22.422	3
22.422	3
22.422	3
22.422	3
22.422	3
22.422	3
22.422	3
22.422	3
22.422	3
22.422	3
22.422	3
22.422	3
22.422	3
22.422	3
22.422	3
22.422	3
22.422	3
22.422	4
22.422	4
22.422	3
22.422	3
22.422	3
22.422	3
22.422	4
22.422	4
22.422	3
22.422	3
22.422	3
22.422	3
22.422	3
22.422	3
22.422	3
22.422	3
22.422	3
22.422	3
22.422	3
22.422	3
22.422	3
22.422	3
22.422	3
22.422	3
22.422	3
22.422	3
22.422	3
22.422	3
22.422	3
22.422	3
22.422	3
22.422	3
22.422	3
22.422	3
22.422	3
22.422	3
22.422	3
22.422	3
22.422	3
22.422	3
22.422	3
22.422	3
22.422	3
22.422	3
22.422	3
22.422	3
22.422	3
22.422	3
22.422	4
22.422	4
22.422	3
22.422	3
22.422	4
22.422	4
22.422	3
22.422	3
22.422	3
22.422	3
22.422	3
22.422	3
22.422	3
22.422	3
22.422	3
22.422	3
22.422	3
22.422	3
22.422	3
22.422	3
22.422	3
22.422	3
22.422	3
22.422	3
22.422	3
22.422	3
22.422	3
22.422	3
22.422	3
22.422	3
22.422	3
22.422	3
22.422	3
22.422	3
22.422	3
22.422	3
22.422	3
22.422	3
22.422	3
22.422	3
22.422	3
22.422	3
22.422	3
22.422	3
22.422	3
22.422	3
22.422	3
22.422	3
22.422	3
22.422	3
22.422	3
22.422	3
22.422	3
22.422	3
22.422	3
22.422	3
22.422	3
22.422	3
22.422	3
22.422	3
22.422	3
22.422	3
22.422	3
22.422	3
22.422	3
22.422	3
22.422	3
22.422	3
22.422	3
22.422	3
22.422	3
22.422	3
22.422	3
22.422	3
22.422	3
22.422	3
22.422	3
22.422	3
22.422	3
22.422	3
22.422	3
22.422	3
22.422	3
22.422	3
22.422	3
22.422	3
22.422	3
22.422	3
22.422	3
22.422	3
22.422	3
22.422	3
22.422	3
22.422	3
22.422	3
22.422	3
22.422	3
22.422	3
22.422	3
22.422	3
22.422	3
22.422	3
22.422	3
22.422	3
22.422	3
22.422	3
22.422	3
22.422	3
22.422	3
22.422	3
22.422	3
22.422	3
22.422	3
22.422	3
22.422	3
22.422	3
22.422	3
22.422	3
22.422	3
22.422	3
22.422	3
22.422	3
22.422	3
22.422	3
22.422	3
22.422	3
22.422	3
22.422	3
23.044	3
23.044	3
23.044	3
23.044	5
23.044	3
23.044	3
23.044	3
23.044	3
23.044	3
23.044	3
23.044	4
23.044	3
23.044	3
23.044	3
23.044	3
23.044	3
23.044	3
23.044	3
23.044	3
23.044	3
23.044	3
23.044	3
23.044	3
23.044	3
23.044	3
23.044	3
23.044	3
23.044	3
23.044	3
23.044	3
23.044	3
23.044	3
23.044	3
23.044	3
23.044	3
23.044	3
23.044	3
23.044	3
23.044	3
23.044	3
23.044	4
23.044	3
23.044	3
23.044	4
23.044	3
23.044	3
23.044	3
23.044	3
23.044	3
23.044	3
23.044	3
23.044	3
23.044	3
23.044	3
23.044	3
23.044	3
23.044	3
23.044	3
23.044	3
23.044	3
23.044	3
23.044	3
23.044	3
23.044	3
23.044	4
23.044	3
23.044	3
23.044	3
23.044	3
23.044	3
23.044	3
23.044	3
23.044	3
23.044	3
23.044	3
23.044	3
23.044	3
23.044	3
23.044	3
23.044	3
23.044	3
23.044	3
23.044	3
23.044	3
23.044	3
23.044	3
23.044	3
23.044	3
23.044	3
23.044	3
23.044	3
23.044	3
23.044	3
23.044	3
23.044	3
23.044	3
23.044	3
23.044	3
23.044	3
23.044	3
23.044	3
23.044	3
23.044	3
23.044	3
23.044	3
23.044	3
23.044	3
23.044	3
23.044	3
23.044	3
23.044	3
23.044	3
23.044	3
23.044	3
23.044	3
23.044	3
23.044	3
23.044	3
23.044	3
23.044	3
23.044	3
23.044	3
23.044	3
23.044	3
23.044	3
23.044	3
23.044	3
23.044	3
23.078	3
23.078	3
23.078	3
23.078	5
23.078	3
23.078	3
23.078	3
23.078	3
23.078	3
23.078	3
23.078	4
23.078	3
23.078	3
23.078	3
23.078	3
23.078	3
23.078	3
23.078	3
23.078	3
23.078	3
23.078	3
23.078	3
23.078	3
23.078	3
23.078	3
23.078	3
23.078	3
23.078	3
23.078	3
23.078	3
23.078	3
23.078	3
23.078	3
23.078	3
23.078	3
23.078	3
23.078	3
23.078	3
23.078	3
23.078	3
23.078	3
23.078	3
23.078	3
23.078	4
23.078	3
23.078	3
23.078	3
23.078	3
23.078	3
23.078	3
23.078	3
23.078	3
23.078	3
23.078	3
23.078	3
23.078	3
23.078	3
23.078	3
23.078	3
23.078	3
23.078	3
23.078	3
23.078	3
23.078	3
23.078	4
23.078	3
23.078	3
23.078	3
23.078	3
23.078	3
23.078	3
23.078	3
23.078	3
23.078	3
23.078	3
23.078	3
23.078	3
23.078	3
23.078	3
23.078	3
23.078	3
23.078	3
23.078	3
23.078	3
23.078	3
23.078	3
23.078	3
23.078	3
23.078	3
23.078	3
23.078	3
23.078	3
23.078	3
23.078	3
23.078	3
23.078	3
23.078	3
23.078	3
23.078	3
23.078	3
23.078	3
23.078	3
23.078	3
23.078	3
23.078	3
23.078	3
23.078	3
23.078	3
23.078	3
23.078	3
23.078	3
23.078	3
23.078	3
23.078	3
23.078	3
23.078	3
23.078	3
23.078	3
23.078	3
23.078	3
23.078	3
23.078	3
23.078	3
23.078	3
23.078	3
23.078	3
23.078	3
23.078	3
24.193	3
24.193	3
24.193	3
24.193	5
24.193	3
24.193	3
24.193	3
24.193	3
24.193	3
24.193	3
24.193	4
24.193	3
24.193	3
24.193	3
24.193	3
24.193	3
24.193	3
24.193	3
24.193	3
24.193	3
24.193	3
24.193	3
24.193	3
24.193	3
24.193	3
24.193	3
24.193	3
24.193	3
24.193	3
24.193	3
24.193	3
24.193	3
24.193	3
24.193	3
24.193	3
24.193	3
24.193	3
24.193	3
24.193	3
24.193	3
24.193	3
24.193	3
24.193	3
24.193	3
24.193	3
24.193	3
24.193	3
24.193	3
24.193	3
24.193	3
24.193	3
24.193	3
24.193	3
24.193	3
24.193	3
24.193	3
24.193	3
24.193	3
24.193	3
24.193	3
24.193	3
24.193	3
24.193	3
24.193	3
24.193	4
24.193	3
24.193	3
24.193	3
24.193	3
24.193	3
24.193	3
24.193	3
24.193	3
24.193	3
24.193	3
24.193	3
24.193	3
24.193	3
24.193	3
24.193	3
24.193	3
24.193	3
24.193	3
24.193	3
24.193	3
24.193	3
24.193	3
24.193	3
24.193	3
24.193	3
24.193	3
24.193	3
24.193	3
24.193	3
24.193	3
24.193	3
24.193	3
24.193	3
24.193	3
24.193	3
24.193	3
24.193	3
24.193	3
24.193	3
24.193	3
24.193	3
24.193	3
24.193	3
24.193	3
24.193	3
24.193	3
24.193	3
24.193	3
24.193	3
24.193	3
24.193	3
24.193	3
24.193	3
24.193	3
24.193	3
24.193	3
24.193	3
24.193	3
24.193	3
24.193	3
24.193	3
24.193	3
24.193	3
25.061	3
25.061	3
25.061	3
25.061	4
25.061	3
25.061	3
25.061	3
25.061	3
25.061	3
25.061	3
25.061	4
25.061	3
25.061	3
25.061	3
25.061	3
25.061	3
25.061	3
25.061	3
25.061	3
25.061	3
25.061	3
25.061	3
25.061	3
25.061	3
25.061	3
25.061	3
25.061	3
25.061	3
25.061	3
25.061	3
25.061	3
25.061	3
25.061	3
25.061	3
25.061	3
25.061	3
25.061	3
25.061	3
25.061	3
25.061	3
25.061	3
25.061	3
25.061	3
25.061	3
25.061	3
25.061	3
25.061	3
25.061	3
25.061	3
25.061	3
25.061	3
25.061	3
25.061	3
25.061	3
25.061	3
25.061	3
25.061	3
25.061	3
25.061	3
25.061	3
25.061	3
25.061	3
25.061	3
25.061	3
25.061	4
25.061	3
25.061	3
25.061	3
25.061	3
25.061	3
25.061	3
25.061	3
25.061	3
25.061	3
25.061	3
25.061	3
25.061	3
25.061	3
25.061	3
25.061	3
25.061	3
25.061	3
25.061	3
25.061	3
25.061	3
25.061	3
25.061	3
25.061	3
25.061	3
25.061	3
25.061	3
25.061	3
25.061	3
25.061	3
25.061	3
25.061	3
25.061	3
25.061	3
25.061	3
25.061	3
25.061	3
25.061	3
25.061	3
25.061	3
25.061	3
25.061	3
25.061	3
25.061	3
25.061	3
25.061	3
25.061	3
25.061	3
25.061	3
25.061	3
25.061	3
25.061	3
25.061	3
25.061	3
25.061	3
25.061	3
25.061	3
25.061	3
25.061	3
25.061	3
25.061	3
25.061	3
25.061	3
25.061	3
26.072	3
26.072	3
26.072	3
26.072	4
26.072	3
26.072	3
26.072	3
26.072	3
26.072	3
26.072	3
26.072	3
26.072	3
26.072	3
26.072	3
26.072	3
26.072	3
26.072	3
26.072	3
26.072	3
26.072	3
26.072	3
26.072	3
26.072	3
26.072	3
26.072	3
26.072	3
26.072	3
26.072	3
26.072	3
26.072	3
26.072	3
26.072	3
26.072	3
26.072	3
26.072	3
26.072	3
26.072	3
26.072	3
26.072	3
26.072	3
26.072	3
26.072	3
26.072	3
26.072	3
26.072	3
26.072	3
26.072	3
26.072	3
26.072	3
26.072	3
26.072	3
26.072	3
26.072	3
26.072	3
26.072	3
26.072	3
26.072	3
26.072	3
26.072	3
26.072	3
26.072	3
26.072	3
26.072	3
26.072	3
26.072	4
26.072	3
26.072	3
26.072	3
26.072	3
26.072	3
26.072	3
26.072	3
26.072	3
26.072	3
26.072	3
26.072	3
26.072	3
26.072	3
26.072	3
26.072	3
26.072	3
26.072	3
26.072	3
26.072	3
26.072	3
26.072	3
26.072	3
26.072	3
26.072	3
26.072	3
26.072	3
26.072	3
26.072	3
26.072	3
26.072	3
26.072	3
26.072	3
26.072	3
26.072	3
26.072	3
26.072	3
26.072	3
26.072	3
26.072	3
26.072	3
26.072	3
26.072	3
26.072	3
26.072	3
26.072	3
26.072	3
26.072	3
26.072	3
26.072	3
26.072	3
26.072	3
26.072	3
26.072	3
26.072	3
26.072	3
26.072	3
26.072	3
26.072	3
26.072	3
26.072	3
26.072	3
26.072	3
26.072	3
27.732	3
27.732	3
27.732	3
27.732	3
27.732	3
27.732	3
27.732	3
27.732	3
27.732	3
27.732	3
27.732	3
27.732	3
27.732	3
27.732	3
27.732	3
27.732	3
27.732	3
27.732	3
27.732	3
27.732	3
27.732	3
27.732	3
27.732	3
27.732	3
27.732	3
27.732	3
27.732	3
27.732	3
27.732	3
27.732	3
27.732	3
27.732	3
27.732	3
27.732	3
27.732	3
27.732	3
27.732	3
27.732	3
27.732	3
27.732	3
27.732	3
27.732	3
27.732	3
27.732	3
27.732	3
27.732	3
27.732	3
27.732	3
27.732	3
27.732	3
27.732	3
27.732	3
27.732	3
27.732	3
27.732	3
27.732	3
27.732	3
27.732	3
27.732	3
27.732	3
27.732	3
27.732	3
27.732	3
27.732	3
27.732	4
27.732	3
27.732	3
27.732	3
27.732	3
27.732	3
27.732	3
27.732	3
27.732	3
27.732	3
27.732	3
27.732	3
27.732	3
27.732	3
27.732	3
27.732	3
27.732	3
27.732	3
27.732	3
27.732	3
27.732	3
27.732	3
27.732	3
27.732	3
27.732	3
27.732	3
27.732	3
27.732	3
27.732	3
27.732	3
27.732	3
27.732	3
27.732	3
27.732	3
27.732	3
27.732	3
27.732	3
27.732	3
27.732	3
27.732	3
27.732	3
27.732	3
27.732	3
27.732	3
27.732	3
27.732	3
27.732	3
27.732	3
27.732	3
27.732	3
27.732	3
27.732	3
27.732	3
27.732	3
27.732	3
27.732	3
27.732	3
27.732	3
27.732	3
27.732	3
27.732	3
27.732	3
27.732	3
27.732	3
35.216	3
35.216	3
35.216	3
35.216	3
35.216	3
35.216	3
35.216	3
35.216	3
35.216	3
35.216	3
35.216	3
35.216	3
35.216	3
35.216	3
35.216	3
35.216	3
35.216	3
35.216	3
35.216	3
35.216	3
35.216	3
35.216	3
35.216	3
35.216	3
35.216	3
35.216	3
35.216	3
35.216	3
35.216	3
35.216	3
35.216	3
35.216	3
35.216	3
35.216	3
35.216	3
35.216	3
35.216	3
35.216	3
35.216	3
35.216	3
35.216	3
35.216	3
35.216	3
35.216	3
35.216	3
35.216	3
35.216	3
35.216	3
35.216	3
35.216	3
35.216	3
35.216	3
35.216	3
35.216	3
35.216	3
35.216	3
35.216	3
35.216	3
35.216	3
35.216	3
35.216	3
35.216	3
35.216	3
35.216	3
35.216	3
35.216	3
35.216	3
35.216	3
35.216	3
35.216	3
35.216	3
35.216	3
35.216	3
35.216	3
35.216	3
35.216	3
35.216	3
35.216	3
35.216	3
35.216	3
35.216	3
35.216	3
35.216	3
35.216	3
35.216	3
35.216	3
35.216	3
35.216	3
35.216	3
35.216	3
35.216	3
35.216	3
35.216	3
35.216	3
35.216	3
35.216	3
35.216	3
35.216	3
35.216	3
35.216	3
35.216	3
35.216	3
35.216	3
35.216	3
35.216	3
35.216	3
35.216	3
35.216	3
35.216	3
35.216	3
35.216	3
35.216	3
35.216	3
35.216	3
35.216	3
35.216	3
35.216	3
35.216	3
35.216	3
35.216	3
35.216	3
35.216	3
35.216	3
35.216	3
35.216	3
35.216	3
35.216	3
35.216	3
