13
27
41
81
84

13
35
59
61
96

19
20
39
72
128

16
46
40
58
82

17
28
39
50
101

17
21
41
55
104

22
28
36
66
87

18
30
64
66
86

17
30
61
69
89

16
33
47
90
87

24
27
44
53
123

24
35
39
69
100

21
39
41
81
64

16
36
39
69
82

15
42
65
56
118

22
47
35
76
91

16
31
43
74
87

11
33
41
50
101

13
29
67
48
79

17
27
74
84
90

16
32
44
48
72

17
25
40
65
92

15
35
53
48
86

17
23
46
67
72

14
23
48
99
83

14
26
78
84
90

19
47
37
65
85

14
26
33
60
63

14
25
54
65
103

15
30
72
83
88

14
42
73
85
104

18
60
51
73
75

12
33
43
74
98

14
35
54
97
99

15
28
48
62
90

8
25
35
89
86

18
24
57
52
66

15
25
41
64
88

16
33
34
50
88

16
33
54
70
84

16
33
38
67
75

15
17
66
65
87

12
45
58
50
82

12
32
70
80
98

15
19
71
64
80

16
20
61
73
87

18
41
70
68
68

20
33
74
91
82

