0.001	1
0.002	1
0.003	1
0.004	1
0.005	1
0.006	1
0.007	1
0.008	1
0.009	1
0.01	1
0.011	1
0.012	1.0037593984962405
0.013	1
0.014	1
0.015	1.0040485829959513
0.016	1.0037037037037038
0.017	1
0.018	1
0.019	1
0.02	1.0043668122270741
0.021	1
0.022	1
0.023	1.0085470085470085
0.024	1
0.025	1.0091324200913243
0.026	1.021097046413502
0.027	1
0.028	1.0086206896551724
0.029	1
0.03	1.0108695652173914
0.031	1.009478672985782
0.032	1.0303030303030303
0.033	1.0198019801980198
0.034	1
0.035	1.0303030303030303
0.036	1.0104712041884816
0.037	1.0175438596491229
0.038	1.0274725274725274
0.039	1.0119047619047619
0.04	1.0171428571428571
0.041	1.0113636363636365
0.042	1.0404624277456647
0.043	1.0105263157894737
0.044	1.0414201183431953
0.045	1.0060240963855422
0.046	1.0372670807453417
0.047	1.0067567567567568
0.048	1.0130718954248366
0.049	1.0273972602739727
0.05	1.075
0.051	1.034965034965035
0.052	1.026143790849673
0.053	1.0301204819277108
0.054	1.034965034965035
0.055	1.0218978102189782
0.056	1.0725806451612903
0.057	1.05
0.058	1.0393700787401574
0.059	1.0254777070063694
0.06	1.0289855072463767
0.061	1.0166666666666666
0.062	1.0285714285714285
0.063	1.0857142857142856
0.064	1.046875
0.065	1.0403225806451613
0.066	1.0655737704918034
0.067	1.0727272727272728
0.068	1.0491803278688525
0.069	1.1068702290076335
0.07	1.0740740740740742
0.071	1.050420168067227
0.072	1.0991735537190082
0.073	1.103448275862069
0.074	1.1666666666666667
0.075	1.0707964601769913
0.076	1.0642201834862386
0.077	1.076271186440678
0.078	1.0761904761904761
0.079	1.091743119266055
0.08	1.1120689655172413
0.081	1.146788990825688
0.082	1.0825688073394495
0.083	1.0598290598290598
0.084	1.141732283464567
0.085	1.1296296296296295
0.086	1.0642201834862386
0.087	1.098360655737705
0.088	1.1401869158878504
0.089	1.1047619047619048
0.09	1.1415929203539823
0.091	1.123076923076923
0.092	1.1578947368421053
0.093	1.1333333333333333
0.094	1.1379310344827587
0.095	1.0916666666666666
0.096	1.124031007751938
0.097	1.1504424778761062
0.098	1.117117117117117
0.099	1.16
0.1	1.139275766016713
0.11	1.203684749232344
0.12	1.3047091412742382
0.13	1.3924050632911393
0.14	1.439511653718091
0.15	1.4401709401709402
0.16	1.4359430604982206
0.17	1.4149908592321756
0.18	1.4098360655737705
0.19	1.3333333333333333
0.2	1.2707006369426752
0.21	1.251908396946565
0.22	1.3296703296703296
0.23	1.2404371584699454
0.24	1.271356783919598
0.25	1.2981530343007917
0.26	1.2662337662337662
0.27	1.3182844243792324
0.28	1.3494505494505495
0.29	1.2618453865336658
0.3	1.268041237113402
0.31	1.3093525179856116
0.32	1.3155452436194897
0.33	1.3288288288288288
0.34	1.3130841121495327
0.35	1.2854030501089324
0.36	1.3372781065088757
0.37	1.393719806763285
0.38	1.4128440366972477
0.39	1.4538461538461538
0.4	1.4123456790123456
0.41	1.4430823117338003
0.42	1.4325259515570934
0.43	1.4523026315789473
0.44	1.4797570850202428
0.45	1.46875
0.46	1.4676616915422886
0.47	1.497142857142857
0.48	1.492537313432836
0.49	1.5547703180212014
0.5	1.5250544662309369
0.51	1.5009861932938855
0.52	1.5666666666666667
0.53	1.5798922800718134
0.54	1.6224677716390423
0.55	1.625
0.56	1.602510460251046
0.57	1.6309904153354633
0.58	1.6979166666666667
0.59	1.6816269284712482
0.6	1.7027818448023426
0.61	1.685378590078329
0.62	1.66785290628707
0.63	1.6694021101992966
0.64	1.6240760295670538
0.65	1.6992561105207227
0.66	1.7431693989071038
0.67	1.7653390742734123
0.68	1.8472958642629904
0.69	1.9004926108374385
0.7	1.9681603773584906
0.71	1.9884792626728112
0.72	2.0464088397790055
0.73	2.0425321463897133
0.74	2.0964824120603014
0.75	2.1645569620253164
0.76	2.2063305978898007
0.77	2.2259615384615383
0.78	2.2538370720188903
0.79	2.317440401505646
0.8	2.3540609137055837
0.81	2.286363636363636
0.82	2.2515337423312882
0.83	2.2867132867132867
0.84	2.329656862745098
0.85	2.443877551020408
0.86	2.4441591784338894
0.87	2.4555382215288613
0.88	2.5129682997118157
0.89	2.518341307814992
0.9	2.590909090909091
0.91	2.5455974842767297
0.92	2.538211382113821
0.93	2.5870646766169156
0.94	2.6074074074074076
0.95	2.6470588235294117
0.96	2.6825127334465195
0.97	2.683606557377049
0.98	2.523529411764706
0.99	2.549795361527967
1.0	2.579265223955712
1.1	2.8375785643400597
1.2	2.922698984605306
1.3	3.0991792065663475
1.4	3.245834079913994
1.5	3.3126094570928197
1.6	3.3940914158305464
1.7	3.446228908314698
1.8	3.460712839206156
1.9	3.439103869653768
2.0	3.430793991416309
2.1	3.309908120188726
2.2	3.366859623733719
2.3	3.2317029632274186
2.4	3.2314211212516297
2.5	3.223679668622713
2.6	3.1634349030470914
2.7	3.1550468262226845
2.8	3.0703259005145798
2.9	3.0866896816263907
3.0	3.1655124653739612
3.1	3.093681917211329
3.2	3.0453563714902807
3.3	3.058320373250389
3.4	3.0806754221388366
3.5	3.046659597030753
3.6	3.006572769953052
3.7	3.0176470588235293
3.8	2.9918616480162767
3.9	2.989130434782609
4.0	2.962549800796813
4.1	3.028985507246377
4.2	2.9627118644067796
4.3	2.970108695652174
4.4	2.958
4.5	2.9800995024875623
4.6	2.9953703703703702
4.7	2.9553752535496955
4.8	2.963917525773196
4.9	2.9779735682819384
5.0	2.939240506329114
5.1	2.9668246445497632
5.2	2.963815789473684
5.3	2.9865771812080535
5.4	2.9186746987951806
5.5	2.9660377358490564
5.6	2.9456066945606696
5.7	3.084507042253521
5.8	2.9152542372881354
5.9	2.940944881889764
6.0	2.9560117302052786
6.1	2.9904761904761905
6.2	3.0789473684210527
6.4	2.9279279279279278
6.5	2.984848484848485
6.6	2.9473684210526314
6.7	2.928251121076233
6.8	3.011764705882353
6.9	3.0714285714285716
7.0	2.9138755980861246
7.1	2.950892857142857
7.2	2.9407894736842106
7.3	2.9444444444444446
7.4	2.9263803680981595
7.5	2.9893617021276597
7.6	2.9365079365079363
7.7	2.9393939393939394
7.8	2.9477611940298507
7.9	2.9545454545454546
8.0	2.9874213836477987
8.1	2.9641255605381165
8.2	2.975438596491228
8.3	2.9878048780487805
8.4	3
8.5	2.963265306122449
8.6	2.9909638554216866
8.7	2.9864864864864864
8.8	3
8.9	2.9722222222222223
9.0	2.9813953488372094
9.1	3
9.2	2.981981981981982
9.3	2.985074626865672
9.4	2.972413793103448
9.5	3.0377358490566038
9.6	2.980916030534351
9.7	2.9846743295019156
9.8	2.9726651480637813
9.9	3.011627906976744
10.0	2.977064220183486
11.0	2.9809027777777777
12.0	2.9895833333333335
13.0	2.9973958333333335
15.0	2.9895833333333335
17.0	2.986666666666667
18.0	3
20.0	3
98.0	2.8229166666666665
120.0	2.9380880376344085
130.0	2.9973958333333335
