0.001	1.0
0.002	1.0
0.003	1.0
0.004	1.0
0.005	1.0
0.006	1.0
0.007	1.0
0.008	1.0
0.009	1.0
0.01	1.0
0.011	1.0
0.012	1.0
0.013	1.0
0.014	1.0
0.015	1.0
0.016	1.0
0.017	1.0
0.018	1.0
0.019	1.0
0.02	1.0
0.021	1.0
0.022	1.0
0.023	1.0
0.024	1.0
0.025	1.0
0.026	1.0
0.027	1.0
0.028	1.0
0.029	1.0
0.03	1.0
0.031	1.0
0.032	1.0
0.033	1.0
0.034	1.0
0.035	1.0
0.036	1.0
0.037	1.0
0.038	1.0
0.039	1.0
0.04	1.0
0.041	1.0
0.042	1.0
0.043	1.0
0.044	1.0
0.045	1.0
0.046	1.0
0.047	1.0
0.048	1.0
0.049	1.0
0.05	1.0
0.051	1.0
0.052	1.0
0.053	1.0
0.054	1.0
0.055	1.0
0.056	1.0
0.057	1.0
0.058	1.0
0.059	1.0
0.06	1.0
0.061	1.0
0.062	1.0
0.063	1.0
0.064	1.0
0.065	1.0
0.066	1.0
0.067	1.0
0.068	1.0
0.069	1.0
0.07	1.0
0.071	1.0
0.072	1.0
0.073	1.0
0.074	1.0
0.075	1.0
0.076	1.0
0.077	1.0
0.078	1.0
0.079	1.0
0.08	1.0
0.081	1.0
0.082	1.0
0.083	1.0
0.084	1.0
0.085	1.0
0.086	1.0
0.087	1.0
0.088	1.0
0.089	1.0
0.09	1.0
0.091	1.0
0.092	1.0
0.093	1.0
0.094	1.0
0.095	1.0
0.096	1.0
0.097	1.0
0.098	1.0
0.099	1.0
0.1	1.0
0.11	1.0
0.12	1.0
0.13	1.0
0.14	1.0
0.15	1.0
0.16	1.0
0.17	1.0
0.18	1.0
0.19	1.0
0.2	1.0
0.21	1.0
0.22	1.0
0.23	1.0
0.24	1.0
0.25	1.0
0.26	1.0
0.27	1.0
0.28	1.0
0.29	1.0
0.3	1.0
0.31	1.0
0.32	1.0
0.33	1.0
0.34	1.0
0.35	1.0
0.36	1.0
0.37	1.0
0.38	1.0
0.39	1.0
0.4	1.0
0.41	1.0
0.42	1.0
0.43	1.0
0.44	1.0
0.45	1.0
0.46	1.0
0.47	1.0
0.48	1.0
0.49	1.0
0.5	1.0
0.51	1.0
0.52	1.0
0.53	1.0
0.54	1.0
0.55	1.0
0.56	1.0
0.57	1.0
0.58	1.0
0.59	1.0
0.6	1.0
0.61	1.0
0.62	1.0
0.63	1.0
0.64	1.0
0.65	1.0
0.66	1.0
0.67	1.0
0.68	1.0
0.69	1.0
0.7	1.0
0.71	1.0
0.72	1.0
0.73	1.0
0.74	1.0
0.75	1.0
0.76	1.0
0.77	1.0
0.78	1.0
0.79	1.0
0.8	1.0
0.81	1.0
0.82	1.0
0.83	1.0
0.84	1.0
0.85	1.0
0.86	1.0
0.87	1.0
0.88	1.0
0.89	1.0
0.9	1.0
0.91	1.0
0.92	1.0
0.93	1.0
0.94	1.0
0.95	1.0
0.96	1.0
0.97	1.0
0.98	1.0
0.99	1.0
1.0	1.0
1.1	1.0
1.2	1.0
1.3	1.0
1.4	1.0
1.5	1.0
1.6	1.0
1.7	2.0
1.8	2.0
1.9	2.0
2.0	2.0
2.1	2.0
2.2	2.0
2.3	2.0
2.4	2.0
2.5	2.0
2.6	2.0
2.7	2.0
2.8	2.0
2.9	2.0
3.0	2.0
3.1	2.0
3.2	2.0
3.3	2.0
3.4	2.0
3.5	2.0
3.6	2.0
3.7	2.0
3.8	2.0
3.9	2.0
4.0	2.0
4.1	2.0
4.2	2.0
4.3	2.0
4.4	2.0
4.5	2.0
4.6	2.0
4.7	2.0
4.8	2.0
4.9	2.0
5.0	2.0
5.1	2.0
5.2	2.0
5.3	2.0
5.4	2.0
5.5	2.0
5.6	2.0
5.7	3.0
5.8	2.0
5.9	2.0
6.0	2.0
6.1	2.0
6.2	3.0
6.4	2.0
6.5	2.25
6.6	2.75
6.7	2.0
6.8	3.0
6.9	3.0
7.0	2.0
7.1	2.0
7.2	2.0
7.3	2.0
7.4	2.0
7.5	3.0
7.6	2.0
7.7	2.0
7.8	2.0500000000000007
7.9	2.950000000000003
8.0	3.0
8.1	2.1000000000000014
8.2	3.0
8.3	3.0
8.4	3.0
8.5	3.0
8.6	3.0
8.7	3.0
8.8	3.0
8.9	3.0
9.0	3.0
9.1	3.0
9.2	3.0
9.3	3.0
9.4	3.0
9.5	3.0
9.6	3.0
9.7	3.0
9.8	3.0
9.9	3.0
10.0	3.0
11.0	3.0
12.0	3.0
13.0	3.0
15.0	3.0
17.0	3.0
18.0	3.0
20.0	3.0
98.0	2.0
120.0	2.0
130.0	3.0
