0.001	1
0.002	1
0.003	1
0.004	1
0.005	1
0.006	1
0.007	1
0.008	1
0.009	1
0.01	1.1176470588235294
0.02	1.2702702702702702
0.03	1.3235294117647058
0.04	1.5833333333333333
0.05	1.5555555555555556
0.06	1.2
0.07	1.5
0.08	1.25
0.09	1.7142857142857142
0.1	1.8387096774193548
0.2	2.8343373493975905
0.3	3.7549668874172184
0.4	4.310077519379845
0.5	5.055016181229774
0.6	6.445569620253164
0.7	7.454545454545454
0.9	7.75
1.0	7.8125
2.0	7.65625
3.0	7.5625
4.0	7.426229508196721
5.0	7.2105263157894735
6.0	7.125
7.0	6.9375
8.0	6.75
9.0	6.59375
10.0	6.25
20.0	5.1875
30.0	3.875
40.0	3.40625
50.0	3.5625
60.0	3.5625
70.0	3.25
80.0	3.0625
300.0	3.5457317073170733
