0.0	1
0.0	1
0.0	1
0.0	1
0.0	1
0.0	1
0.0	1
0.0	1
0.0	1
0.0	1
0.0	1
0.0	1
0.0	1
0.0	1
0.0	1
0.0	1
0.0	1
0.0	1
0.001	1
0.001	1
0.001	1
0.001	1
0.001	1
0.001	1
0.001	1
0.001	1
0.001	1
0.001	1
0.002	1
0.002	1
0.002	1
0.002	1
0.002	1
0.002	1
0.002	1
0.002	1
0.002	1
0.002	1
0.003	1
0.003	1
0.003	1
0.003	1
0.003	1
0.003	1
0.003	1
0.003	1
0.003	1
0.003	1
0.003	1
0.004	1
0.004	1
0.004	1
0.004	1
0.004	1
0.005	1
0.005	1
0.005	1
0.005	1
0.005	1
0.005	1
0.005	1
0.005	1
0.005	1
0.005	1
0.005	1
0.005	1
0.005	1
0.005	1
0.006	1
0.006	1
0.006	1
0.006	1
0.006	1
0.006	1
0.006	1
0.006	1
0.006	1
0.007	1
0.007	1
0.007	1
0.007	1
0.007	1
0.007	1
0.007	1
0.007	1
0.007	1
0.008	1
0.008	1
0.008	1
0.008	1
0.008	1
0.008	1
0.008	1
0.009	1
0.009	1
0.009	1
0.009	1
0.009	1
0.009	1
0.009	1
0.009	1
0.009	1
0.01	1
0.01	1
0.01	1
0.011	1
0.011	1
0.011	1
0.011	1
0.011	1
0.011	1
0.012	1
0.012	1
0.012	2
0.012	2
0.012	1
0.012	1
0.012	1
0.012	1
0.012	1
0.012	1
0.013	1
0.014	1
0.014	1
0.014	1
0.014	1
0.014	2
0.014	2
0.014	2
0.014	1
0.014	1
0.014	1
0.015	1
0.015	1
0.015	2
0.016	2
0.016	1
0.017	2
0.017	1
0.017	2
0.017	1
0.017	1
0.018	1
0.018	1
0.018	1
0.018	1
0.018	1
0.018	1
0.019	1
0.019	1
0.019	2
0.019	1
0.019	2
0.019	1
0.02	1
0.02	1
0.02	2
0.02	1
0.02	2
0.021	1
0.021	1
0.021	2
0.021	1
0.022	2
0.023	1
0.023	1
0.023	2
0.023	1
0.023	1
0.024	1
0.024	1
0.024	1
0.025	1
0.025	1
0.025	1
0.026	1
0.026	1
0.026	2
0.026	2
0.026	1
0.026	2
0.026	1
0.027	1
0.027	1
0.027	1
0.028	2
0.028	2
0.028	2
0.029	2
0.029	1
0.03	1
0.03	1
0.03	1
0.03	1
0.031	2
0.032	1
0.032	1
0.032	1
0.032	1
0.032	1
0.032	1
0.032	1
0.032	2
0.033	1
0.033	1
0.033	3
0.035	1
0.035	2
0.037	1
0.037	2
0.04	3
0.041	1
0.042	1
0.042	1
0.042	1
0.044	2
0.044	2
0.044	2
0.046	3
0.047	1
0.048	1
0.049	2
0.05	2
0.05	2
0.05	1
0.051	1
0.053	1
0.056	1
0.056	2
0.057	1
0.058	1
0.058	1
0.058	1
0.06	2
0.063	1
0.064	1
0.064	1
0.065	2
0.065	2
0.065	1
0.065	1
0.066	1
0.067	1
0.067	2
0.069	1
0.07	3
0.07	1
0.071	1
0.072	1
0.072	2
0.072	2
0.073	1
0.074	2
0.074	2
0.074	1
0.076	1
0.079	1
0.079	2
0.084	1
0.085	2
0.085	1
0.085	1
0.086	3
0.087	2
0.088	1
0.089	3
0.089	1
0.089	1
0.09	2
0.09	3
0.09	1
0.091	2
0.091	2
0.091	1
0.092	2
0.092	3
0.092	1
0.092	1
0.093	3
0.093	1
0.093	1
0.094	1
0.094	1
0.094	2
0.094	3
0.094	2
0.094	1
0.095	2
0.096	1
0.096	2
0.096	2
0.097	2
0.097	3
0.097	1
0.097	1
0.098	1
0.098	2
0.099	1
0.099	2
0.099	2
0.099	1
0.099	1
0.1	1
0.1	1
0.1	2
0.1	3
0.1	2
0.1	1
0.101	1
0.101	2
0.102	1
0.102	2
0.103	1
0.103	2
0.103	1
0.103	1
0.105	1
0.105	1
0.106	1
0.106	2
0.106	2
0.107	2
0.107	1
0.108	1
0.108	2
0.108	1
0.108	3
0.108	2
0.108	1
0.109	1
0.11	2
0.111	1
0.113	3
0.113	1
0.114	1
0.114	2
0.114	2
0.115	2
0.116	1
0.117	2
0.117	3
0.117	3
0.117	2
0.118	1
0.119	1
0.119	3
0.119	2
0.119	1
0.12	3
0.121	2
0.121	3
0.121	2
0.122	3
0.122	1
0.122	2
0.123	1
0.124	2
0.124	4
0.124	1
0.124	3
0.124	2
0.124	1
0.125	2
0.126	2
0.126	4
0.126	2
0.126	2
0.126	1
0.127	2
0.127	3
0.127	2
0.127	1
0.128	4
0.128	2
0.129	1
0.129	2
0.13	1
0.13	2
0.131	2
0.132	2
0.132	4
0.132	2
0.132	1
0.133	1
0.133	2
0.133	2
0.133	2
0.134	2
0.135	1
0.135	2
0.136	4
0.136	2
0.136	1
0.137	3
0.137	3
0.137	1
0.138	1
0.138	2
0.138	1
0.139	2
0.14	2
0.14	4
0.141	1
0.141	2
0.142	1
0.143	2
0.144	2
0.145	2
0.146	2
0.147	4
0.148	1
0.151	2
0.151	4
0.151	1
0.151	2
0.151	1
0.152	4
0.152	3
0.152	3
0.152	1
0.152	1
0.153	3
0.153	3
0.153	1
0.154	2
0.155	4
0.155	2
0.156	3
0.156	4
0.156	1
0.157	1
0.157	3
0.157	3
0.157	1
0.158	2
0.158	1
0.159	3
0.159	5
0.159	2
0.159	2
0.159	2
0.16	2
0.16	2
0.161	2
0.161	2
0.162	2
0.162	1
0.163	1
0.163	2
0.164	2
0.164	2
0.165	4
0.165	2
0.166	2
0.166	2
0.166	2
0.167	2
0.167	2
0.168	2
0.168	1
0.169	3
0.169	5
0.169	3
0.169	3
0.169	1
0.17	1
0.171	2
0.171	2
0.171	2
0.171	4
0.171	3
0.171	1
0.171	1
0.172	4
0.172	3
0.172	1
0.173	2
0.174	1
0.174	2
0.175	2
0.175	1
0.175	1
0.176	3
0.176	1
0.176	4
0.176	5
0.176	4
0.176	4
0.176	1
0.176	1
0.177	2
0.177	2
0.177	1
0.178	2
0.178	3
0.178	2
0.178	2
0.178	2
0.179	2
0.179	3
0.18	4
0.18	2
0.18	2
0.18	2
0.181	4
0.181	2
0.181	1
0.181	1
0.182	2
0.182	2
0.182	2
0.183	2
0.183	2
0.183	2
0.183	3
0.183	3
0.184	3
0.184	5
0.184	2
0.184	2
0.185	3
0.185	5
0.185	4
0.185	2
0.185	2
0.185	2
0.185	2
0.186	2
0.186	2
0.187	2
0.187	2
0.189	4
0.189	5
0.19	2
0.19	2
0.19	2
0.19	2
0.192	2
0.193	5
0.193	4
0.193	1
0.195	2
0.197	4
0.198	1
0.198	2
0.199	4
0.199	2
0.199	5
0.199	4
0.199	1
0.199	2
0.2	4
0.2	3
0.2	5
0.2	4
0.2	1
0.201	4
0.201	5
0.201	2
0.201	2
0.202	2
0.202	2
0.203	4
0.203	5
0.203	2
0.204	4
0.204	6
0.204	4
0.204	4
0.204	2
0.204	1
0.204	5
0.204	5
0.204	1
0.204	2
0.204	2
0.205	2
0.205	1
0.205	5
0.205	5
0.205	6
0.205	6
0.205	1
0.205	1
0.206	3
0.206	3
0.206	2
0.207	2
0.207	2
0.207	2
0.207	3
0.207	2
0.207	2
0.208	4
0.208	4
0.208	6
0.208	6
0.208	2
0.208	2
0.209	2
0.209	1
0.209	2
0.209	2
0.21	2
0.21	3
0.21	1
0.21	1
0.21	5
0.21	5
0.21	6
0.21	6
0.21	1
0.21	1
0.211	2
0.211	3
0.211	3
0.211	3
0.211	3
0.212	2
0.212	3
0.212	3
0.212	2
0.212	2
0.212	5
0.212	6
0.212	1
0.213	2
0.213	3
0.213	2
0.213	2
0.213	2
0.214	2
0.214	3
0.214	2
0.214	2
0.214	2
0.215	2
0.215	1
0.215	1
0.216	2
0.216	2
0.216	3
0.216	3
0.217	3
0.217	3
0.217	1
0.218	2
0.218	3
0.218	2
0.218	2
0.218	3
0.219	2
0.219	2
0.219	3
0.219	4
0.219	2
0.219	2
0.219	3
0.22	2
0.221	4
0.221	2
0.221	2
0.221	2
0.221	3
0.222	5
0.222	6
0.222	1
0.223	2
0.223	3
0.224	3
0.224	4
0.224	4
0.224	4
0.224	3
0.224	5
0.224	6
0.224	1
0.225	4
0.225	6
0.226	4
0.226	4
0.226	3
0.227	4
0.227	1
0.228	4
0.228	3
0.229	3
0.229	1
0.23	2
0.23	4
0.231	4
0.231	6
0.231	2
0.231	3
0.232	4
0.232	6
0.232	4
0.232	2
0.233	4
0.233	4
0.233	2
0.233	2
0.235	2
0.236	4
0.236	6
0.236	4
0.236	4
0.237	4
0.237	4
0.237	6
0.237	6
0.237	3
0.238	4
0.238	4
0.238	4
0.238	4
0.238	5
0.238	6
0.238	1
0.24	4
0.24	3
0.242	4
0.242	4
0.242	6
0.242	6
0.243	1
0.244	4
0.244	6
0.244	4
0.245	4
0.246	2
0.246	3
0.247	2
0.247	5
0.247	6
0.247	1
0.249	2
0.249	3
0.249	3
0.25	4
0.25	5
0.25	6
0.25	1
0.251	3
0.252	4
0.252	4
0.252	4
0.252	1
0.252	3
0.252	5
0.252	6
0.252	1
0.253	4
0.253	3
0.254	4
0.254	6
0.254	4
0.254	3
0.254	5
0.254	6
0.254	1
0.255	2
0.255	1
0.256	4
0.256	6
0.256	2
0.256	4
0.256	3
0.257	5
0.257	1
0.258	3
0.258	2
0.258	4
0.259	2
0.259	5
0.259	1
0.26	2
0.26	4
0.261	4
0.261	4
0.261	3
0.261	2
0.261	5
0.262	2
0.263	3
0.263	3
0.264	4
0.264	4
0.265	3
0.265	3
0.266	4
0.266	5
0.266	4
0.266	5
0.266	6
0.266	1
0.268	5
0.268	4
0.268	3
0.27	4
0.27	6
0.271	1
0.272	4
0.273	5
0.274	2
0.275	4
0.275	3
0.276	3
0.277	3
0.277	5
0.277	6
0.277	2
0.278	4
0.279	4
0.279	6
0.279	3
0.28	4
0.28	5
0.28	4
0.282	4
0.282	6
0.282	4
0.282	1
0.283	4
0.284	4
0.284	6
0.284	5
0.285	2
0.286	4
0.286	6
0.286	3
0.288	3
0.291	5
0.291	4
0.294	4
0.298	5
0.298	6
0.305	4
0.307	3
0.308	5
0.308	6
0.308	2
0.309	5
0.309	6
0.31	3
0.313	1
0.314	4
0.315	5
0.316	3
0.317	3
0.318	3
0.319	3
0.319	5
0.319	6
0.319	3
0.321	3
0.322	5
0.322	4
0.324	1
0.325	4
0.326	5
0.327	3
0.328	3
0.33	3
0.33	3
0.331	5
0.331	6
0.331	3
0.333	5
0.333	4
0.333	3
0.336	4
0.336	1
0.337	4
0.338	6
0.338	3
0.339	3
0.339	5
0.339	6
0.339	3
0.34	5
0.34	6
0.34	3
0.341	3
0.342	3
0.344	1
0.345	5
0.345	4
0.345	4
0.346	6
0.347	4
0.347	3
0.348	3
0.35	3
0.351	5
0.351	6
0.351	4
0.352	5
0.352	6
0.352	3
0.353	5
0.353	4
0.354	3
0.357	1
0.358	4
0.359	4
0.359	6
0.36	3
0.361	3
0.363	5
0.363	6
0.363	3
0.366	5
0.366	4
0.367	4
0.371	6
0.371	6
0.373	4
0.374	5
0.374	6
0.374	3
0.376	3
0.379	1
0.38	4
0.38	4
0.381	6
0.382	3
0.383	3
0.384	6
0.384	6
0.385	3
0.388	6
0.388	4
0.391	4
0.392	5
0.392	6
0.392	3
0.394	3
0.397	1
0.398	4
0.399	6
0.4	3
0.401	3
0.402	4
0.403	3
0.404	4
0.405	5
0.405	6
0.405	3
0.406	6
0.406	6
0.406	7
0.406	4
0.407	3
0.407	4
0.408	5
0.408	6
0.408	4
0.41	1
0.41	3
0.411	4
0.412	6
0.413	3
0.413	1
0.414	3
0.414	4
0.415	6
0.416	3
0.416	3
0.417	3
0.419	7
0.419	4
0.419	3
0.42	4
0.422	7
0.422	4
0.424	6
0.424	6
0.424	5
0.425	5
0.425	6
0.425	4
0.426	5
0.427	3
0.427	5
0.427	6
0.427	4
0.428	5
0.429	3
0.429	5
0.429	6
0.429	5
0.43	1
0.431	4
0.431	3
0.432	6
0.432	1
0.433	4
0.433	3
0.433	4
0.434	3
0.434	6
0.434	1
0.435	3
0.435	4
0.436	4
0.436	3
0.436	3
0.436	6
0.437	7
0.437	6
0.437	3
0.438	4
0.438	3
0.439	7
0.439	4
0.44	7
0.44	6
0.44	4
0.441	7
0.441	4
0.443	7
0.443	4
0.453	4
0.454	5
0.455	4
0.455	5
0.455	7
0.455	5
0.457	7
0.457	6
0.457	4
0.457	3
0.459	7
0.459	6
0.46	1
0.461	7
0.461	6
0.461	4
0.462	6
0.463	3
0.464	3
0.464	5
0.465	5
0.465	7
0.465	5
0.466	4
0.467	4
0.469	7
0.469	4
0.47	1
0.471	4
0.472	6
0.473	3
0.474	3
0.475	5
0.476	4
0.476	5
0.476	7
0.476	5
0.476	5
0.476	5
0.477	5
0.477	5
0.477	7
0.477	7
0.477	5
0.477	5
0.478	4
0.478	5
0.478	5
0.478	6
0.479	7
0.479	4
0.479	4
0.479	4
0.479	5
0.479	5
0.479	5
0.479	7
0.479	7
0.479	7
0.479	5
0.479	5
0.479	5
0.481	1
0.481	4
0.481	4
0.481	4
0.482	4
0.482	1
0.482	1
0.482	6
0.483	4
0.483	6
0.483	4
0.483	4
0.483	5
0.483	7
0.483	5
0.484	3
0.484	6
0.484	6
0.484	1
0.484	1
0.484	1
0.484	6
0.484	6
0.485	3
0.485	4
0.485	4
0.485	4
0.485	4
0.485	4
0.485	4
0.485	5
0.485	5
0.485	7
0.485	7
0.485	5
0.485	5
0.486	3
0.486	3
0.486	6
0.486	6
0.486	6
0.487	7
0.487	6
0.487	5
0.487	4
0.487	4
0.487	4
0.487	4
0.487	4
0.488	5
0.488	5
0.488	3
0.488	3
0.488	3
0.488	1
0.489	4
0.49	7
0.49	4
0.49	5
0.49	5
0.49	5
0.49	7
0.49	1
0.49	1
0.491	7
0.491	7
0.491	4
0.491	4
0.491	4
0.491	4
0.491	4
0.491	6
0.492	3
0.492	8
0.492	8
0.492	5
0.492	7
0.492	5
0.493	4
0.493	8
0.493	8
0.493	8
0.493	4
0.493	4
0.493	4
0.493	4
0.493	4
0.494	5
0.494	3
0.494	3
0.494	4
0.496	5
0.496	5
0.497	7
0.497	6
0.497	8
0.497	4
0.497	1
0.497	6
0.498	4
0.498	5
0.498	7
0.498	5
0.499	8
0.499	9
0.499	4
0.499	4
0.499	8
0.5	4
0.5	4
0.501	3
0.503	5
0.503	1
0.504	4
0.504	4
0.505	4
0.505	4
0.505	8
0.506	10
0.506	4
0.506	4
0.507	4
0.507	4
0.507	4
0.507	3
0.508	7
0.508	6
0.509	7
0.509	8
0.509	6
0.509	6
0.509	5
0.51	6
0.511	8
0.511	7
0.511	7
0.511	6
0.511	6
0.511	6
0.511	4
0.511	5
0.511	7
0.511	5
0.512	10
0.512	4
0.513	4
0.513	4
0.513	4
0.515	7
0.515	6
0.516	1
0.517	7
0.517	7
0.517	6
0.517	6
0.517	4
0.518	8
0.519	4
0.519	6
0.52	4
0.52	3
0.52	5
0.52	7
0.52	5
0.52	6
0.521	5
0.521	7
0.521	5
0.522	6
0.522	4
0.523	4
0.524	7
0.524	6
0.525	10
0.525	4
0.525	1
0.526	4
0.526	4
0.526	1
0.526	6
0.527	8
0.527	4
0.527	5
0.527	7
0.527	5
0.528	4
0.528	8
0.528	6
0.529	3
0.529	4
0.529	4
0.529	5
0.529	7
0.529	5
0.53	7
0.53	7
0.53	3
0.531	6
0.531	4
0.532	6
0.532	1
0.533	4
0.533	6
0.534	10
0.534	4
0.534	8
0.534	1
0.534	5
0.534	7
0.534	5
0.535	10
0.535	4
0.535	4
0.535	4
0.536	3
0.536	9
0.536	5
0.537	4
0.538	6
0.538	3
0.539	4
0.539	1
0.54	6
0.54	4
0.541	11
0.541	4
0.541	9
0.542	4
0.543	7
0.543	7
0.543	11
0.543	4
0.543	3
0.544	6
0.545	6
0.545	5
0.545	7
0.545	5
0.547	5
0.548	4
0.548	11
0.548	4
0.548	6
0.549	4
0.549	5
0.549	7
0.549	5
0.55	1
0.551	4
0.551	5
0.552	8
0.552	7
0.552	9
0.553	9
0.553	7
0.553	4
0.554	3
0.554	1
0.555	4
0.555	4
0.555	6
0.556	6
0.556	9
0.556	5
0.556	7
0.556	5
0.556	6
0.557	4
0.557	4
0.557	5
0.557	7
0.557	6
0.558	3
0.558	5
0.559	9
0.559	7
0.559	12
0.559	4
0.559	5
0.56	6
0.561	9
0.561	7
0.561	1
0.562	4
0.562	4
0.562	1
0.563	12
0.563	5
0.563	9
0.563	4
0.563	6
0.563	6
0.564	4
0.564	9
0.564	6
0.564	6
0.564	7
0.564	7
0.564	6
0.564	6
0.565	4
0.565	4
0.566	9
0.566	7
0.566	4
0.566	5
0.566	5
0.567	6
0.568	6
0.569	1
0.569	1
0.569	6
0.569	6
0.57	12
0.57	5
0.57	4
0.57	4
0.57	6
0.57	6
0.57	7
0.57	7
0.57	6
0.57	6
0.571	12
0.571	5
0.571	9
0.571	9
0.572	4
0.572	4
0.572	5
0.572	6
0.572	6
0.573	4
0.573	4
0.573	4
0.573	6
0.573	7
0.573	6
0.574	6
0.575	6
0.575	6
0.575	1
0.575	1
0.575	6
0.575	6
0.575	7
0.575	6
0.575	6
0.575	6
0.576	4
0.576	4
0.576	6
0.576	6
0.576	7
0.576	7
0.576	7
0.576	7
0.577	9
0.577	7
0.577	4
0.577	9
0.577	9
0.577	6
0.578	12
0.578	12
0.578	5
0.578	5
0.578	4
0.578	4
0.578	1
0.578	6
0.578	6
0.579	4
0.579	4
0.579	4
0.58	9
0.58	1
0.581	9
0.581	7
0.581	7
0.581	7
0.581	5
0.581	4
0.581	1
0.581	1
0.582	4
0.582	10
0.582	4
0.582	4
0.582	6
0.583	5
0.583	10
0.583	11
0.583	6
0.583	7
0.583	7
0.584	4
0.584	12
0.584	12
0.584	5
0.584	5
0.584	7
0.584	4
0.584	5
0.584	5
0.585	4
0.585	4
0.585	4
0.585	6
0.586	7
0.587	12
0.587	5
0.587	7
0.587	7
0.588	9
0.588	7
0.588	1
0.589	9
0.589	7
0.589	12
0.589	5
0.589	4
0.589	6
0.59	12
0.59	12
0.59	5
0.59	5
0.59	11
0.59	6
0.59	7
0.59	7
0.59	6
0.591	5
0.591	6
0.591	8
0.591	7
0.592	4
0.592	4
0.592	4
0.592	6
0.592	6
0.593	6
0.593	6
0.593	8
0.593	7
0.594	7
0.595	1
0.595	6
0.596	9
0.596	10
0.596	7
0.596	7
0.596	4
0.596	1
0.597	12
0.597	5
0.597	11
0.597	4
0.597	7
0.598	4
0.598	4
0.598	5
0.598	11
0.598	2
0.598	6
0.598	8
0.598	7
0.599	5
0.599	5
0.599	4
0.6	5
0.6	11
0.6	6
0.601	4
0.601	7
0.601	5
0.602	10
0.602	10
0.602	7
0.602	7
0.602	7
0.602	5
0.602	7
0.602	7
0.603	4
0.603	2
0.603	6
0.603	6
0.603	8
0.603	8
0.603	7
0.603	7
0.604	4
0.604	4
0.604	12
0.604	5
0.604	7
0.604	4
0.605	10
0.605	7
0.605	12
0.605	5
0.605	11
0.605	6
0.605	6
0.606	5
0.607	10
0.607	7
0.607	12
0.607	5
0.607	5
0.608	10
0.608	10
0.608	7
0.608	7
0.608	2
0.608	3
0.609	7
0.609	4
0.609	4
0.61	11
0.61	11
0.61	7
0.611	4
0.611	5
0.611	5
0.611	6
0.611	8
0.611	7
0.612	12
0.612	5
0.612	5
0.612	5
0.612	7
0.612	7
0.613	6
0.613	6
0.613	6
0.613	8
0.613	8
0.613	7
0.613	7
0.614	7
0.614	7
0.615	10
0.615	8
0.615	6
0.615	6
0.616	3
0.617	12
0.617	12
0.617	5
0.617	5
0.617	5
0.618	4
0.618	11
0.618	3
0.618	3
0.619	4
0.619	5
0.619	5
0.619	5
0.62	5
0.62	12
0.62	12
0.621	4
0.621	5
0.621	5
0.622	10
0.622	8
0.622	7
0.622	5
0.622	5
0.623	10
0.623	8
0.624	7
0.624	7
0.625	10
0.625	8
0.625	12
0.625	5
0.626	4
0.627	12
0.627	12
0.627	5
0.627	6
0.627	8
0.628	6
0.628	8
0.628	7
0.629	8
0.629	8
0.63	10
0.63	8
0.63	6
0.63	6
0.63	6
0.63	8
0.63	8
0.63	7
0.63	7
0.631	5
0.631	5
0.632	6
0.632	6
0.633	3
0.634	5
0.635	10
0.635	10
0.635	8
0.635	8
0.635	12
0.635	3
0.635	4
0.636	5
0.636	6
0.636	6
0.637	5
0.637	12
0.637	12
0.638	5
0.638	5
0.639	5
0.639	7
0.639	5
0.639	5
0.641	5
0.641	5
0.641	7
0.641	7
0.642	12
0.642	6
0.643	10
0.643	8
0.644	12
0.644	12
0.644	6
0.644	6
0.645	10
0.645	10
0.645	8
0.645	8
0.651	9
0.652	6
0.652	8
0.652	7
0.652	9
0.653	6
0.653	8
0.653	7
0.654	6
0.655	6
0.656	5
0.657	4
0.658	5
0.658	5
0.658	6
0.658	4
0.659	12
0.659	6
0.66	10
0.66	8
0.66	5
0.66	12
0.661	5
0.661	5
0.662	10
0.662	10
0.662	8
0.662	8
0.662	5
0.663	7
0.664	7
0.666	12
0.666	6
0.667	12
0.667	7
0.673	9
0.674	6
0.674	8
0.674	7
0.676	6
0.679	4
0.679	9
0.68	5
0.68	6
0.68	6
0.68	8
0.68	7
0.681	5
0.681	12
0.682	5
0.682	6
0.683	5
0.684	10
0.684	8
0.685	10
0.685	8
0.685	7
0.685	5
0.686	6
0.687	12
0.688	13
0.688	7
0.688	5
0.689	5
0.691	7
0.694	13
0.694	7
0.702	5
0.703	9
0.704	6
0.704	8
0.704	7
0.705	9
0.706	10
0.706	8
0.706	7
0.706	6
0.706	8
0.706	7
0.708	5
0.708	7
0.708	9
0.709	5
0.709	6
0.709	8
0.709	7
0.71	6
0.711	12
0.711	5
0.711	7
0.712	10
0.712	8
0.712	5
0.712	6
0.713	5
0.713	12
0.714	5
0.714	6
0.715	7
0.715	6
0.715	6
0.716	12
0.717	7
0.717	5
0.718	13
0.718	7
0.718	6
0.72	13
0.72	7
0.72	7
0.723	13
0.723	7
0.732	5
0.734	5
0.736	10
0.736	8
0.737	5
0.738	10
0.738	8
0.741	10
0.741	8
0.852	9
0.853	6
0.853	8
0.853	8
0.855	7
0.858	6
0.859	6
0.86	12
0.861	5
0.862	6
0.864	7
0.867	13
0.867	7
0.867	9
0.868	6
0.868	8
0.868	9
0.87	7
0.87	9
0.871	6
0.871	8
0.871	10
0.873	6
0.873	7
0.874	6
0.875	12
0.876	5
0.876	6
0.877	6
0.877	6
0.878	12
0.879	7
0.879	5
0.88	6
0.881	5
0.882	13
0.882	7
0.882	7
0.885	10
0.885	8
0.885	13
0.885	7
0.896	5
0.899	5
0.9	10
0.9	8
0.903	10
0.903	8
1.096	9
1.097	6
1.097	8
1.097	10
1.099	7
1.102	7
1.103	6
1.104	12
1.105	5
1.106	6
1.108	7
1.111	13
1.111	7
1.125	5
1.129	10
1.129	8
1.177	9
1.178	6
1.178	8
1.178	10
1.18	7
1.183	7
1.184	6
1.185	12
1.186	5
1.187	6
1.189	7
1.192	13
1.192	7
1.206	5
1.21	9
1.21	8
1.212	9
1.213	6
1.213	8
1.213	10
1.215	6
1.218	7
1.219	6
1.22	12
1.221	5
1.222	6
1.224	7
1.227	13
1.227	7
1.241	5
1.245	9
1.245	8
1.941	9
1.942	5
1.942	8
1.942	10
1.944	6
1.947	7
1.948	6
1.949	12
1.95	5
1.951	6
1.953	7
1.956	13
1.956	7
1.97	5
1.974	9
1.974	8
2.207	9
2.208	5
2.208	8
2.208	10
2.21	6
2.213	7
2.214	6
2.215	12
2.216	5
2.217	6
2.219	7
2.222	12
2.222	7
2.236	5
2.24	9
2.24	8
3.071	8
3.072	5
3.072	8
3.072	10
3.074	6
3.077	7
3.078	6
3.079	12
3.08	5
3.081	6
3.083	7
3.086	12
3.086	7
3.1	5
3.104	9
3.104	8
3.71	8
3.711	5
3.711	8
3.711	10
3.713	6
3.716	7
3.717	6
3.718	12
3.719	5
3.72	6
3.722	6
3.725	12
3.725	7
3.739	5
3.743	9
3.743	8
4.266	8
4.267	4
4.267	8
4.267	10
4.269	6
4.272	7
4.273	6
4.273	8
4.274	12
4.274	4
4.274	8
4.274	10
4.275	5
4.276	6
4.276	6
4.278	6
4.279	7
4.28	6
4.281	12
4.281	7
4.281	12
4.282	5
4.283	6
4.285	6
4.288	12
4.288	7
4.295	5
4.299	9
4.299	8
4.302	4
4.306	9
4.306	8
4.482	8
4.483	4
4.483	8
4.483	10
4.485	6
4.488	7
4.489	6
4.49	12
4.491	5
4.492	6
4.494	6
4.497	11
4.497	7
4.511	4
4.515	9
4.515	8
5.017	8
5.018	4
5.018	8
5.018	10
5.02	6
5.023	7
5.024	6
5.025	12
5.026	5
5.027	6
5.029	5
5.032	11
5.032	7
5.046	4
5.05	9
5.05	8
6.198	8
6.199	4
6.199	8
6.199	10
6.201	6
6.204	7
6.205	6
6.206	12
6.207	5
6.208	6
6.21	5
6.213	10
6.213	7
6.227	4
6.231	9
6.231	8
6.238	8
6.239	4
6.239	8
6.239	10
6.241	6
6.244	7
6.245	6
6.246	12
6.247	5
6.248	5
6.25	5
6.253	10
6.253	7
6.267	4
6.271	9
6.271	8
6.386	8
6.387	4
6.387	8
6.387	10
6.389	5
6.392	7
6.393	6
6.394	12
6.395	5
6.396	5
6.398	5
6.401	10
6.401	7
6.415	4
6.419	9
6.419	8
6.692	8
6.693	4
6.693	7
6.693	10
6.695	5
6.698	7
6.699	6
6.7	12
6.701	5
6.702	5
6.704	5
6.707	10
6.707	7
6.721	4
6.725	9
6.725	8
7.128	8
7.129	4
7.129	7
7.129	10
7.131	5
7.134	7
7.135	6
7.136	12
7.137	5
7.138	5
7.14	5
7.143	10
7.143	7
7.157	3
7.161	9
7.161	8
7.166	8
7.167	4
7.167	7
7.167	9
7.169	5
7.172	7
7.173	6
7.174	12
7.175	5
7.176	5
7.178	5
7.181	10
7.181	7
7.195	3
7.199	9
7.199	8
7.638	8
7.639	4
7.639	7
7.639	9
7.641	5
7.644	7
7.645	5
7.646	12
7.647	5
7.648	5
7.65	5
7.653	10
7.653	7
7.667	3
7.671	9
7.671	8
7.727	8
7.728	4
7.728	6
7.728	9
7.73	5
7.733	7
7.734	5
7.735	12
7.736	5
7.737	5
7.739	5
7.742	10
7.742	7
7.756	3
7.76	9
7.76	8
7.881	8
7.882	4
7.882	6
7.882	9
7.884	5
7.887	7
7.888	5
7.889	12
7.89	5
7.891	5
7.893	5
7.896	10
7.896	6
7.91	3
7.914	9
7.914	8
8.667	8
8.668	4
8.668	6
8.668	9
8.67	5
8.673	7
8.674	5
8.675	12
8.676	5
8.677	5
8.679	5
8.682	10
8.682	5
8.696	3
8.7	9
8.7	8
9.445	8
9.446	4
9.446	6
9.446	9
9.448	5
9.451	7
9.452	5
9.453	11
9.454	5
9.455	5
9.457	5
9.46	10
9.46	5
9.474	3
9.478	9
9.478	8
9.953	8
9.954	4
9.954	6
9.954	9
9.956	5
9.959	7
9.96	5
9.961	10
9.962	5
9.963	5
9.965	5
9.968	10
9.968	5
9.982	3
9.986	9
9.986	8
10.224	8
10.225	4
10.225	6
10.225	8
10.227	5
10.23	7
10.231	5
10.232	10
10.233	5
10.234	5
10.236	5
10.239	10
10.239	5
10.253	3
10.257	9
10.257	8
11.457	8
11.458	4
11.458	6
11.458	8
11.46	5
11.463	6
11.464	5
11.465	10
11.466	5
11.467	5
11.469	5
11.472	10
11.472	5
11.486	3
11.49	9
11.49	8
11.911	8
11.912	4
11.912	6
11.912	8
11.914	5
11.917	6
11.918	5
11.919	10
11.92	5
11.921	5
11.923	5
11.926	10
11.926	5
11.94	3
11.944	8
11.944	8
13.076	8
13.077	4
13.077	6
13.077	8
13.079	5
13.082	5
13.083	5
13.084	10
13.085	5
13.086	5
13.088	5
13.091	10
13.091	5
13.105	3
13.109	8
13.109	8
13.22	8
13.221	4
13.221	6
13.221	8
13.223	5
13.226	5
13.227	5
13.228	10
13.229	5
13.23	5
13.232	5
13.235	10
13.235	5
13.249	3
13.253	7
13.253	8
13.589	8
13.59	4
13.59	6
13.59	8
13.592	5
13.595	5
13.596	5
13.597	10
13.598	5
13.599	4
13.601	5
13.604	10
13.604	5
13.618	3
13.622	7
13.622	8
14.185	8
14.186	4
14.186	6
14.186	8
14.188	5
14.19	8
14.191	5
14.191	4
14.191	6
14.191	8
14.192	5
14.193	10
14.193	5
14.194	5
14.195	4
14.196	5
14.197	5
14.197	4
14.198	10
14.199	5
14.2	10
14.2	4
14.2	4
14.202	5
14.205	10
14.205	4
14.214	3
14.218	7
14.218	8
14.219	3
14.223	7
14.223	8
15.638	8
15.639	4
15.639	6
15.639	8
15.641	5
15.644	5
15.645	4
15.646	10
15.647	5
15.648	4
15.65	5
15.653	10
15.653	3
15.667	3
15.671	7
15.671	8
16.827	8
16.828	4
16.828	6
16.828	8
16.83	5
16.833	5
16.834	4
16.835	10
16.836	5
16.837	4
16.839	5
16.842	9
16.842	3
16.856	3
16.86	7
16.86	8
16.905	8
16.906	4
16.906	6
16.906	8
16.908	5
16.911	4
16.912	4
16.913	10
16.914	5
16.915	4
16.917	5
16.92	9
16.92	3
16.934	3
16.938	7
16.938	8
17.487	8
17.488	4
17.488	6
17.488	8
17.49	5
17.493	4
17.494	4
17.495	9
17.496	5
17.497	4
17.499	5
17.502	9
17.502	3
17.516	3
17.52	7
17.52	8
17.837	7
17.838	4
17.838	6
17.838	8
17.84	5
17.843	4
17.844	4
17.845	9
17.846	5
17.847	4
17.849	5
17.852	9
17.852	3
17.866	3
17.87	7
17.87	8
17.931	7
17.932	4
17.932	6
17.932	8
17.934	5
17.937	4
17.938	4
17.939	8
17.94	5
17.941	4
17.943	5
17.946	9
17.946	3
17.96	3
17.964	7
17.964	8
18.154	7
18.155	4
18.155	6
18.155	8
18.157	5
18.16	3
18.161	4
18.162	8
18.163	5
18.164	4
18.166	5
18.169	9
18.169	3
18.183	3
18.187	7
18.187	8
18.25	7
18.251	4
18.251	6
18.251	8
18.253	5
18.256	3
18.257	4
18.258	8
18.259	5
18.26	4
18.262	5
18.265	9
18.265	3
18.279	3
18.283	6
18.283	8
18.466	7
18.467	4
18.467	6
18.467	8
18.469	5
18.471	7
18.472	3
18.472	4
18.472	6
18.472	7
18.473	4
18.474	8
18.474	5
18.475	5
18.476	4
18.477	3
18.478	5
18.478	4
18.479	8
18.48	5
18.481	8
18.481	3
18.481	4
18.483	5
18.486	8
18.486	3
18.495	3
18.499	6
18.499	8
18.5	3
18.504	6
18.504	8
19.331	6
19.332	4
19.332	6
19.332	7
19.334	5
19.337	3
19.338	4
19.339	8
19.34	5
19.341	4
19.343	5
19.346	8
19.346	3
19.36	3
19.364	6
19.364	8
19.468	6
19.469	4
19.469	6
19.469	7
19.471	5
19.474	3
19.475	4
19.476	7
19.477	5
19.478	4
19.48	5
19.483	8
19.483	3
19.497	3
19.501	6
19.501	8
20.67	6
20.671	4
20.671	6
20.671	7
20.673	5
20.676	3
20.677	4
20.678	6
20.679	5
20.68	4
20.682	5
20.685	8
20.685	3
20.699	3
20.703	6
20.703	8
21.7	6
21.701	4
21.701	6
21.701	6
21.703	5
21.706	3
21.707	4
21.708	6
21.709	5
21.71	4
21.712	5
21.715	8
21.715	3
21.729	3
21.733	6
21.733	8
21.781	6
21.782	4
21.782	6
21.782	5
21.784	5
21.787	3
21.788	4
21.789	6
21.79	5
21.791	4
21.793	5
21.796	8
21.796	3
21.81	3
21.814	6
21.814	8
21.914	6
21.915	4
21.915	6
21.915	5
21.917	5
21.92	3
21.921	4
21.922	6
21.923	5
21.924	4
21.926	5
21.929	7
21.929	3
21.943	3
21.947	6
21.947	8
21.967	6
21.968	4
21.968	6
21.968	5
21.97	5
21.973	3
21.974	3
21.975	6
21.976	5
21.977	4
21.979	5
21.982	7
21.982	3
21.996	3
22.0	6
22.0	8
22.136	6
22.137	4
22.137	6
22.137	5
22.139	5
22.142	3
22.143	3
22.144	6
22.145	5
22.146	4
22.148	4
22.151	7
22.151	3
22.165	3
22.169	6
22.169	8
23.134	6
23.135	4
23.135	6
23.135	5
23.137	5
23.14	3
23.141	3
23.142	6
23.143	5
23.144	3
23.146	4
23.149	7
23.149	3
23.163	3
23.167	6
23.167	8
23.611	6
23.612	4
23.612	6
23.612	5
23.614	5
23.617	3
23.618	3
23.619	6
23.62	5
23.621	3
23.623	4
23.626	6
23.626	3
23.64	3
23.644	6
23.644	8
23.709	6
23.71	4
23.71	6
23.71	5
23.712	5
23.715	3
23.716	3
23.717	6
23.718	5
23.719	3
23.721	4
23.724	6
23.724	3
23.738	3
23.742	5
23.742	8
24.014	6
24.015	4
24.015	6
24.015	5
24.017	5
24.02	3
24.021	3
24.022	6
24.023	5
24.024	3
24.026	4
24.029	5
24.029	3
24.043	3
24.047	5
24.047	8
24.584	6
24.585	4
24.585	6
24.585	5
24.587	5
24.59	3
24.591	3
24.592	6
24.593	5
24.594	3
24.596	4
24.599	5
24.599	3
24.613	3
24.617	5
24.617	7
24.631	6
24.632	4
24.632	6
24.632	5
24.634	5
24.637	3
24.638	3
24.639	6
24.64	5
24.641	3
24.643	3
24.646	5
24.646	3
24.66	3
24.664	5
24.664	7
24.685	6
24.686	4
24.686	6
24.686	5
24.688	5
24.691	3
24.692	3
24.693	6
24.694	5
24.695	3
24.697	3
24.7	5
24.7	3
24.714	3
24.718	5
24.718	6
25.153	6
25.154	4
25.154	6
25.154	5
25.156	5
25.159	3
25.16	3
25.161	6
25.162	5
25.163	3
25.165	3
25.168	5
25.168	3
25.182	3
25.186	4
25.186	6
26.775	6
26.776	4
26.776	6
26.776	5
26.778	5
26.781	3
26.782	3
26.783	5
26.784	5
26.785	3
26.787	3
26.79	5
26.79	3
26.804	3
26.808	4
26.808	6
26.829	6
26.83	4
26.83	6
26.83	4
26.832	5
26.835	3
26.836	3
26.837	5
26.838	5
26.839	3
26.841	3
26.844	5
26.844	3
26.858	3
26.862	4
26.862	6
27.521	6
27.522	4
27.522	6
27.522	4
27.524	5
27.527	3
27.528	3
27.529	4
27.53	5
27.531	3
27.533	3
27.536	5
27.536	3
27.55	3
27.554	4
27.554	6
28.025	5
28.026	4
28.026	6
28.026	4
28.028	5
28.031	3
28.032	3
28.033	4
28.034	5
28.035	3
28.037	3
28.04	5
28.04	3
28.054	3
28.058	4
28.058	6
28.953	5
28.954	4
28.954	5
28.954	4
28.956	5
28.959	3
28.96	3
28.961	4
28.962	5
28.963	3
28.965	3
28.968	5
28.968	3
28.982	3
28.986	4
28.986	6
29.784	5
29.785	4
29.785	5
29.785	4
29.787	5
29.79	3
29.791	3
29.792	4
29.793	5
29.794	3
29.796	3
29.799	4
29.799	3
29.813	3
29.817	4
29.817	6
30.294	5
30.295	4
30.295	5
30.295	4
30.297	5
30.3	3
30.301	3
30.302	4
30.303	5
30.304	3
30.306	3
30.309	4
30.309	3
30.317	5
30.318	4
30.318	5
30.318	4
30.32	4
30.323	3
30.323	3
30.324	3
30.325	4
30.326	5
30.327	4
30.327	5
30.327	3
30.329	3
30.332	4
30.332	3
30.346	3
30.35	4
30.35	5
30.715	5
30.716	4
30.716	5
30.716	4
30.718	4
30.721	3
30.722	3
30.723	3
30.724	5
30.725	3
30.727	3
30.73	4
30.73	3
30.744	3
30.748	4
30.748	5
31.105	5
31.106	4
31.106	5
31.106	4
31.108	4
31.111	3
31.112	3
31.113	3
31.114	5
31.115	3
31.117	3
31.12	4
31.12	3
31.134	3
31.138	4
31.138	4
31.875	5
31.876	4
31.876	5
31.876	4
31.878	4
31.881	3
31.882	3
31.883	3
31.884	4
31.885	3
31.887	3
31.89	4
31.89	3
31.904	3
31.908	4
31.908	4
32.084	5
32.085	4
32.085	5
32.085	4
32.087	4
32.09	3
32.091	3
32.092	3
32.093	4
32.094	3
32.096	3
32.099	4
32.099	3
32.113	3
32.117	3
32.117	4
32.495	5
32.496	4
32.496	4
32.496	4
32.498	4
32.501	3
32.502	3
32.503	3
32.504	4
32.505	3
32.507	3
32.51	4
32.51	3
32.524	3
32.528	3
32.528	4
33.674	5
33.675	4
33.675	3
33.675	4
33.677	4
33.68	3
33.681	3
33.682	3
33.683	4
33.684	3
33.686	3
33.689	4
33.689	3
33.703	3
33.707	3
33.707	4
33.911	5
33.912	3
33.912	3
33.912	4
33.914	4
33.917	3
33.918	3
33.919	3
33.92	4
33.921	3
33.923	3
33.926	4
33.926	3
33.94	3
33.944	3
33.944	4
34.82	5
34.821	3
34.821	3
34.821	4
34.823	4
34.826	3
34.827	3
34.828	3
34.829	4
34.83	3
34.832	3
34.835	4
34.835	3
34.849	3
34.853	3
34.853	3
35.573	5
35.574	3
35.574	3
35.574	4
35.576	3
35.579	3
35.58	3
35.581	3
35.582	4
35.583	3
35.585	3
35.588	4
35.588	3
35.602	3
35.606	3
35.606	3
36.858	5
36.859	3
36.859	3
36.859	4
36.861	3
36.864	3
36.865	3
36.866	3
36.867	4
36.868	3
36.87	3
36.873	3
36.873	3
36.887	3
36.891	3
36.891	3
38.072	5
38.073	3
38.073	3
38.073	4
38.075	3
38.078	3
38.079	3
38.08	3
38.081	3
38.082	3
38.084	3
38.087	3
38.087	3
38.101	3
38.105	3
38.105	3
38.189	5
38.19	3
38.19	3
38.19	4
38.192	3
38.195	3
38.196	3
38.197	3
38.198	2
38.199	3
38.201	3
38.204	3
38.204	3
38.218	3
38.222	3
38.222	3
38.646	5
38.647	3
38.647	3
38.647	4
38.649	3
38.652	3
38.653	3
38.653	5
38.654	3
38.654	3
38.654	3
38.654	4
38.655	3
38.656	3
38.656	3
38.658	3
38.659	3
38.66	3
38.661	3
38.661	3
38.661	3
38.662	4
38.663	3
38.665	3
38.668	3
38.668	3
38.675	3
38.679	3
38.679	3
38.682	3
38.686	3
38.686	3
38.725	5
38.726	3
38.726	3
38.726	4
38.728	3
38.731	3
38.732	3
38.733	3
38.734	5
38.735	3
38.737	3
38.74	3
38.74	3
38.745	5
38.746	3
38.746	3
38.746	4
38.748	3
38.748	5
38.749	3
38.749	3
38.749	4
38.751	3
38.751	3
38.752	3
38.753	3
38.754	3
38.754	6
38.754	3
38.755	3
38.755	3
38.756	3
38.757	3
38.757	7
38.758	3
38.758	3
38.758	3
38.76	3
38.76	3
38.76	3
38.763	3
38.763	3
38.767	5
38.768	3
38.768	3
38.768	4
38.77	3
38.773	3
38.774	3
38.774	3
38.775	3
38.776	8
38.777	3
38.777	3
38.778	3
38.778	3
38.779	3
38.781	3
38.781	3
38.782	3
38.782	3
38.796	3
38.8	3
38.8	3
38.812	5
38.813	3
38.813	3
38.813	4
38.815	3
38.816	5
38.817	3
38.817	3
38.817	4
38.818	3
38.819	3
38.819	3
38.82	3
38.821	9
38.822	3
38.822	3
38.823	3
38.824	3
38.824	3
38.825	10
38.826	3
38.827	3
38.827	3
38.828	3
38.831	3
38.831	3
38.841	3
38.845	3
38.845	3
38.845	3
38.849	3
38.849	3
38.861	5
38.862	3
38.862	3
38.862	4
38.864	3
38.867	3
38.868	3
38.869	3
38.87	11
38.871	3
38.873	3
38.876	3
38.876	3
38.89	3
38.894	3
38.894	3
39.657	5
39.658	3
39.658	3
39.658	4
39.66	3
39.663	3
39.664	3
39.665	3
39.666	10
39.667	3
39.669	3
39.672	3
39.672	3
39.686	3
39.69	3
39.69	3
40.153	5
40.154	3
40.154	3
40.154	3
40.156	3
40.159	3
40.16	3
40.161	3
40.162	10
40.163	3
40.165	3
40.168	3
40.168	3
40.182	3
40.186	3
40.186	3
41.373	5
41.374	3
41.374	3
41.374	3
41.376	3
41.379	3
41.38	3
41.381	3
41.382	9
41.383	3
41.385	3
41.388	3
41.388	3
41.402	3
41.406	3
41.406	3
41.735	4
41.736	3
41.736	3
41.736	3
41.738	3
41.741	3
41.742	3
41.743	3
41.744	9
41.745	3
41.747	3
41.75	3
41.75	3
41.764	3
41.768	3
41.768	3
44.575	4
44.576	3
44.576	3
44.576	3
44.578	3
44.581	3
44.582	3
44.583	3
44.584	8
44.585	3
44.587	3
44.59	3
44.59	3
44.604	3
44.608	3
44.608	3
46.804	3
46.805	3
46.805	3
46.805	3
46.807	3
46.81	3
46.811	3
46.812	3
46.813	8
46.814	3
46.816	3
46.819	3
46.819	3
46.833	3
46.837	3
46.837	3
47.024	2
47.025	3
47.025	3
47.025	3
47.027	3
47.03	3
47.031	3
47.032	3
47.033	8
47.034	3
47.036	3
47.039	3
47.039	3
47.053	3
47.057	3
47.057	3
47.325	3
47.326	3
47.326	3
47.326	3
47.328	3
47.331	3
47.332	3
47.333	3
47.334	8
47.335	3
47.337	3
47.34	3
47.34	3
47.343	4
47.344	3
47.344	3
47.344	3
47.346	3
47.349	3
47.35	3
47.351	3
47.352	8
47.353	3
47.354	3
47.355	3
47.358	3
47.358	3
47.358	3
47.358	3
47.372	3
47.376	3
47.376	3
47.402	5
47.403	3
47.403	3
47.403	3
47.405	3
47.408	3
47.409	3
47.41	3
47.411	8
47.412	3
47.414	3
47.417	3
47.417	3
47.431	3
47.435	3
47.435	3
47.452	6
47.453	3
47.453	3
47.453	3
47.455	3
47.458	3
47.459	3
47.46	3
47.461	8
47.462	3
47.464	3
47.467	3
47.467	3
47.481	3
47.485	3
47.485	3
47.487	7
47.488	3
47.488	3
47.488	3
47.49	3
47.493	3
47.494	3
47.495	3
47.496	8
47.497	3
47.499	3
47.502	3
47.502	3
47.516	3
47.518	8
47.519	3
47.519	3
47.519	3
47.52	3
47.52	3
47.521	3
47.524	3
47.525	3
47.526	3
47.527	8
47.528	3
47.53	3
47.533	3
47.533	3
47.544	9
47.545	3
47.545	3
47.545	3
47.547	3
47.547	3
47.55	3
47.551	3
47.551	3
47.551	3
47.552	3
47.553	8
47.554	3
47.556	3
47.559	3
47.559	3
47.573	3
47.577	3
47.577	3
47.579	10
47.58	3
47.58	3
47.58	3
47.582	3
47.585	3
47.586	3
47.587	3
47.588	8
47.589	3
47.591	3
47.594	3
47.594	3
47.602	11
47.603	3
47.603	3
47.603	3
47.605	3
47.608	3
47.608	3
47.609	3
47.61	3
47.611	8
47.612	3
47.612	3
47.612	3
47.612	12
47.613	3
47.613	3
47.613	3
47.614	3
47.615	3
47.617	3
47.617	3
47.618	3
47.619	3
47.62	3
47.621	8
47.622	3
47.624	3
47.627	3
47.627	3
47.631	3
47.635	3
47.635	3
47.641	3
47.645	3
47.645	3
49.596	11
49.597	3
49.597	3
49.597	3
49.599	3
49.602	3
49.603	3
49.604	3
49.605	8
49.606	3
49.608	3
49.611	3
49.611	3
49.625	3
49.629	3
49.629	3
55.221	10
55.222	3
55.222	3
55.222	3
55.224	3
55.227	3
55.228	3
55.229	3
55.23	8
55.231	3
55.233	3
55.236	3
55.236	3
55.25	3
55.254	3
55.254	3
56.801	10
56.802	3
56.802	3
56.802	3
56.804	3
56.807	3
56.808	3
56.809	3
56.81	7
56.811	3
56.813	3
56.816	3
56.816	3
56.83	3
56.834	3
56.834	3
58.09	9
58.091	3
58.091	3
58.091	3
58.093	3
58.096	3
58.097	3
58.098	3
58.099	7
58.1	3
58.102	3
58.105	3
58.105	3
58.119	3
58.123	3
58.123	3
61.07	8
61.071	3
61.071	3
61.071	3
61.073	3
61.076	3
61.077	3
61.078	3
61.079	7
61.08	3
61.082	3
61.085	3
61.085	3
61.099	3
61.103	3
61.103	3
62.208	7
62.209	3
62.209	3
62.209	3
62.211	3
62.214	3
62.215	3
62.216	3
62.217	7
62.218	3
62.22	3
62.223	3
62.223	3
62.237	3
62.241	3
62.241	3
62.396	7
62.397	3
62.397	3
62.397	3
62.399	3
62.402	3
62.403	3
62.404	3
62.405	6
62.406	3
62.408	3
62.411	3
62.411	3
62.425	3
62.429	3
62.429	3
64.108	6
64.109	3
64.109	3
64.109	3
64.111	3
64.114	3
64.115	3
64.116	3
64.117	6
64.118	3
64.12	3
64.123	3
64.123	3
64.137	3
64.141	3
64.141	3
67.615	6
67.616	3
67.616	3
67.616	3
67.618	3
67.621	3
67.622	3
67.623	3
67.624	5
67.625	3
67.627	3
67.63	3
67.63	3
67.644	3
67.648	3
67.648	3
67.737	5
67.738	3
67.738	3
67.738	3
67.74	3
67.743	3
67.744	3
67.745	3
67.746	5
67.747	3
67.749	3
67.752	3
67.752	3
67.766	3
67.77	3
67.77	3
73.57	5
73.571	3
73.571	3
73.571	3
73.573	3
73.576	3
73.577	3
73.578	3
73.579	4
73.58	3
73.582	3
73.585	3
73.585	3
73.599	3
73.603	3
73.603	3
76.849	5
76.85	3
76.85	3
76.85	3
76.852	3
76.855	3
76.856	3
76.857	3
76.858	3
76.859	3
76.861	3
76.864	3
76.864	3
76.878	3
76.882	3
76.882	3
79.985	4
79.986	3
79.986	3
79.986	3
79.988	3
79.991	3
79.992	3
79.993	3
79.994	3
79.995	3
79.997	3
80.0	3
80.0	3
80.014	3
80.018	3
80.018	3
84.15	3
84.151	3
84.151	3
84.151	3
84.153	3
84.156	3
84.157	3
84.158	3
84.159	3
84.16	3
84.162	3
84.165	3
84.165	3
84.179	3
84.183	3
84.183	3
