0.0	3
0.0	3
0.0	3
0.0	3
0.0	3
0.0	2
0.0	3
0.0	3
0.0	3
0.0	3
0.0	3
0.0	3
0.0	3
0.0	2
0.0	3
0.0	3
19.791	3
19.791	3
19.791	3
19.791	3
19.791	3
19.791	3
19.791	3
19.791	3
19.791	3
19.791	3
19.791	3
19.791	3
19.791	3
19.791	2
19.791	3
19.791	3
19.807	3
19.807	3
19.807	3
19.807	3
19.807	3
19.807	3
19.807	3
19.807	3
19.807	3
19.807	3
19.807	3
19.807	3
19.807	3
19.807	3
19.807	3
19.807	3
19.809	3
19.809	3
19.809	3
19.809	3
19.809	3
19.809	3
19.809	3
19.809	3
19.809	3
19.809	3
19.809	4
19.809	5
19.809	3
19.809	3
19.809	3
19.809	3
19.809	3
19.809	3
19.809	3
19.809	3
19.809	3
19.809	3
19.809	3
19.809	3
19.809	3
19.809	3
19.809	3
19.809	3
19.809	3
19.809	3
19.809	3
19.809	3
19.839	3
19.839	3
19.839	3
19.839	3
19.839	3
19.839	5
19.839	3
19.839	3
19.839	3
19.839	3
19.839	3
19.839	3
19.839	3
19.839	4
19.839	3
19.839	3
19.863	3
19.863	3
19.863	3
19.863	3
19.863	3
19.863	5
19.863	3
19.863	3
19.863	3
19.863	3
19.863	3
19.863	3
19.863	3
19.863	5
19.863	3
19.863	3
19.865	3
19.865	3
19.865	3
19.865	3
19.865	3
19.865	6
19.865	3
19.865	3
19.865	3
19.865	3
19.865	3
19.865	3
19.865	3
19.865	5
19.865	3
19.865	3
19.891	3
19.891	3
19.891	3
19.891	3
19.891	3
19.891	7
19.891	3
19.891	3
19.891	3
19.891	3
19.891	3
19.891	3
19.891	3
19.891	5
19.891	3
19.891	3
19.897	3
19.897	3
19.897	3
19.897	3
19.897	3
19.897	7
19.897	3
19.897	3
19.897	3
19.897	3
19.897	3
19.897	3
19.897	3
19.897	6
19.897	3
19.897	3
19.919	3
19.919	3
19.919	3
19.919	3
19.919	3
19.919	7
19.919	3
19.919	3
19.919	3
19.919	3
19.919	3
19.919	3
19.919	3
19.919	7
19.919	3
19.919	3
19.941	3
19.941	3
19.941	3
19.941	3
19.941	3
19.941	7
19.941	3
19.941	3
19.941	3
19.941	3
19.941	3
19.941	3
19.941	3
19.941	8
19.941	3
19.941	3
19.959	3
19.959	3
19.959	3
19.959	3
19.959	3
19.959	7
19.959	3
19.959	3
19.959	3
19.959	3
19.959	3
19.959	3
19.959	3
19.959	9
19.959	3
19.959	3
19.976	3
19.976	3
19.976	3
19.976	3
19.976	3
19.976	8
19.976	3
19.976	3
19.976	3
19.976	3
19.976	3
19.976	3
19.976	3
19.976	9
19.976	3
19.976	3
19.996	3
19.996	3
19.996	3
19.996	3
19.996	3
19.996	8
19.996	3
19.996	3
19.996	3
19.996	3
19.996	3
19.996	3
19.996	3
19.996	10
19.996	3
19.996	3
20.01	3
20.01	3
20.01	3
20.01	3
20.01	3
20.01	8
20.01	3
20.01	3
20.01	3
20.01	3
20.01	3
20.01	3
20.01	3
20.01	11
20.01	3
20.01	3
20.028	3
20.028	3
20.028	3
20.028	3
20.028	3
20.028	9
20.028	3
20.028	3
20.028	3
20.028	3
20.028	3
20.028	3
20.028	3
20.028	11
20.028	3
20.028	3
20.045	3
20.045	3
20.045	3
20.045	3
20.045	3
20.045	10
20.045	3
20.045	3
20.045	3
20.045	3
20.045	3
20.045	3
20.045	3
20.045	11
20.045	3
20.045	3
20.056	3
20.056	3
20.056	3
20.056	3
20.056	3
20.056	11
20.056	3
20.056	3
20.056	3
20.056	3
20.056	3
20.056	3
20.056	3
20.056	11
20.056	3
20.056	3
20.066	3
20.066	3
20.066	3
20.066	3
20.066	3
20.066	12
20.066	3
20.066	3
20.066	3
20.066	3
20.066	3
20.066	3
20.066	3
20.066	11
20.066	3
20.066	3
20.108	3
20.108	3
20.108	3
20.108	3
20.108	3
20.108	13
20.108	3
20.108	3
20.108	3
20.108	3
20.108	3
20.108	3
20.108	3
20.108	11
20.108	3
20.108	3
20.208	3
20.208	3
20.208	3
20.208	3
20.208	3
20.208	13
20.208	3
20.208	3
20.208	3
20.208	3
20.208	3
20.208	3
20.208	3
20.208	12
20.208	3
20.208	3
20.89	3
20.89	3
20.89	3
20.89	3
20.89	3
20.89	13
20.89	3
20.89	3
20.89	3
20.89	3
20.89	3
20.89	3
20.89	3
20.89	11
20.89	3
20.89	3
27.698	3
27.698	3
27.698	3
27.698	3
27.698	3
27.698	12
27.698	3
27.698	3
27.698	3
27.698	3
27.698	3
27.698	3
27.698	3
27.698	11
27.698	3
27.698	3
28.728	3
28.728	3
28.728	3
28.728	3
28.728	3
28.728	12
28.728	3
28.728	3
28.728	3
28.728	3
28.728	3
28.728	3
28.728	3
28.728	10
28.728	3
28.728	3
29.262	3
29.262	3
29.262	3
29.262	3
29.262	3
29.262	11
29.262	3
29.262	3
29.262	3
29.262	3
29.262	3
29.262	3
29.262	3
29.262	10
29.262	3
29.262	3
31.514	3
31.514	3
31.514	3
31.514	3
31.514	3
31.514	11
31.514	3
31.514	3
31.514	3
31.514	3
31.514	3
31.514	3
31.514	3
31.514	9
31.514	3
31.514	3
31.701	3
31.701	3
31.701	3
31.701	3
31.701	3
31.701	10
31.701	3
31.701	3
31.701	3
31.701	3
31.701	3
31.701	3
31.701	3
31.701	9
31.701	3
31.701	3
32.546	3
32.546	3
32.546	3
32.546	3
32.546	3
32.546	10
32.546	3
32.546	3
32.546	3
32.546	3
32.546	3
32.546	3
32.546	3
32.546	8
32.546	3
32.546	3
36.507	3
36.507	3
36.507	3
36.507	3
36.507	3
36.507	9
36.507	3
36.507	3
36.507	3
36.507	3
36.507	3
36.507	3
36.507	3
36.507	8
36.507	3
36.507	3
41.469	3
41.469	3
41.469	3
41.469	3
41.469	3
41.469	8
41.469	3
41.469	3
41.469	3
41.469	3
41.469	3
41.469	3
41.469	3
41.469	8
41.469	3
41.469	3
42.169	3
42.169	3
42.169	3
42.169	3
42.169	3
42.169	7
42.169	3
42.169	3
42.169	3
42.169	3
42.169	3
42.169	3
42.169	3
42.169	8
42.169	3
42.169	3
43.691	3
43.691	3
43.691	3
43.691	3
43.691	3
43.691	7
43.691	3
43.691	3
43.691	3
43.691	3
43.691	3
43.691	3
43.691	3
43.691	7
43.691	3
43.691	3
44.472	3
44.472	3
44.472	3
44.472	3
44.472	3
44.472	7
44.472	3
44.472	3
44.472	3
44.472	3
44.472	3
44.472	3
44.472	3
44.472	6
44.472	3
44.472	3
45.211	3
45.211	3
45.211	3
45.211	3
45.211	3
45.211	6
45.211	3
45.211	3
45.211	3
45.211	3
45.211	3
45.211	3
45.211	3
45.211	6
45.211	3
45.211	3
45.766	3
45.766	3
45.766	3
45.766	3
45.766	3
45.766	5
45.766	3
45.766	3
45.766	3
45.766	3
45.766	3
45.766	3
45.766	3
45.766	6
45.766	3
45.766	3
53.557	3
53.557	3
53.557	3
53.557	3
53.557	3
53.557	5
53.557	3
53.557	3
53.557	3
53.557	3
53.557	3
53.557	3
53.557	3
53.557	5
53.557	3
53.557	3
54.839	3
54.839	3
54.839	3
54.839	3
54.839	3
54.839	5
54.839	3
54.839	3
54.839	3
54.839	3
54.839	3
54.839	3
54.839	3
54.839	4
54.839	3
54.839	3
55.024	3
55.024	3
55.024	3
55.024	3
55.024	3
55.024	4
55.024	3
55.024	3
55.024	3
55.024	3
55.024	3
55.024	3
55.024	3
55.024	4
55.024	3
55.024	3
55.078	3
55.078	3
55.078	3
55.078	3
55.078	3
55.078	4
55.078	3
55.078	3
55.078	3
55.078	3
55.078	3
55.078	3
55.078	3
55.078	3
55.078	3
55.078	3
56.782	3
56.782	3
56.782	3
56.782	3
56.782	3
56.782	3
56.782	3
56.782	3
56.782	3
56.782	3
56.782	3
56.782	3
56.782	3
56.782	3
56.782	3
56.782	3
