0.001	1
0.002	1
0.003	1
0.004	1
0.005	1
0.006	1
0.007	1
0.008	1
0.009	1
0.01	1
0.02	1.0023598820058996
0.03	1.0086496876501683
0.04	1.0124282982791586
0.05	1.0360592401802962
0.06	1.0241769547325104
0.07	1.0491642084562438
0.08	1.0524842547235829
0.09	1.0629175946547884
0.1	1.1110579224509334
0.2	1.3140801861842801
0.3	1.5728110599078342
0.4	1.3349244232299124
0.5	1.1914202144946375
0.6	1.1894112277498858
0.7	1.2508456471426028
0.8	1.3821210769001933
0.9	1.5109333999750094
1.0	2.009675806135983
2.0	2.6957708516543133
3.0	2.804931550716516
4.0	2.7448704573117717
5.0	2.72392444910808
6.0	2.779643894431115
7.0	2.8367320089461914
8.0	2.862422997946612
9.0	2.8672218366874858
10.0	2.9296356129958716
20.0	2.980421894388529
30.0	2.98828125
40.0	3
