20.0	2.1482977495672246
21.0	3.078125
23.0	3.0625
24.0	3.140625
26.0	3.1953125
27.0	3.15625
29.0	3.140625
37.0	3.125
38.0	3.1015625
39.0	3.0703125
42.0	3.046875
43.0	3.0234375
44.0	3.03125
46.0	3.015625
48.0	3
20.0	1.9018957345971563
21.0	2.34375
22.0	2.34375
23.0	2.328125
24.0	2.3125
28.0	2.2890625
31.0	2.25
32.0	2.2109375
33.0	2.1796875
34.0	2.1484375
35.0	2.109375
36.0	2.078125
37.0	2.0625
38.0	2.03125
41.0	1.984375
44.0	1.953125
47.0	1.9296875
53.0	1.90625
57.0	1.8828125
58.0	1.90625
76.0	1.90625
96.0	1.890625
19.0	1.407488986784141
20.0	2.2701492537313435
21.0	2.7109375
22.0	2.703125
23.0	2.6796875
24.0	2.640625
25.0	2.609375
27.0	2.5859375
30.0	2.5625
32.0	2.5390625
33.0	2.515625
36.0	2.5
37.0	2.484375
42.0	2.46875
46.0	2.453125
48.0	2.4375
