19.746	1
19.753	1
19.815	1
19.827	1
19.827	1
19.834	1
19.898	1
19.9	1
19.922	1
19.962	1
19.979	1
20.009	1
20.037	1
20.044	1
20.047	2
20.086	2
20.093	2
20.1	2
20.104	2
20.2	2
20.225	2
20.248	2
20.269	2
20.28	2
20.318	2
20.361	2
20.416	2
20.428	2
20.5	3
21.174	3
23.18	3
24.058	3
24.407	3
25.61	3
25.728	3
25.831	3
26.021	3
27.297	3
29.073	3
37.101	3
37.62	3
37.821	3
38.578	3
39.268	3
42.357	3
42.898	3
43.408	3
43.639	3
46.48	3
48.064	3
19.746	1
19.753	1
19.815	1
19.827	1
19.827	1
19.834	1
19.898	1
19.9	1
19.922	1
19.962	2
19.979	2
20.009	2
20.037	2
20.044	2
20.047	2
20.086	2
20.093	2
20.1	2
20.104	2
20.2	2
20.225	2
20.248	2
20.269	2
20.28	2
20.318	2
20.361	2
20.416	2
20.428	2
20.5	3
21.174	3
23.18	3
24.058	3
24.407	3
25.61	3
25.728	3
25.831	3
26.021	3
27.297	3
29.073	3
37.101	3
37.62	3
37.821	3
38.578	3
39.268	3
42.357	3
42.898	3
43.408	3
43.639	3
46.48	3
48.064	3
19.657	1
19.717	2
19.73	2
19.746	2
19.753	2
19.815	2
19.827	2
19.827	2
19.834	2
19.898	2
19.9	2
19.922	2
19.962	2
19.979	2
20.009	2
20.037	2
20.044	2
20.047	2
20.086	2
20.093	2
20.1	2
20.104	2
20.2	2
20.225	2
20.248	2
20.269	2
20.28	2
20.318	2
20.361	2
20.416	2
20.428	2
20.5	2
21.174	2
23.18	2
24.058	2
24.407	3
25.61	3
25.728	3
25.831	3
26.021	3
27.297	3
29.073	3
37.101	3
37.62	3
37.821	3
38.578	3
39.268	3
42.357	3
42.898	3
43.408	3
43.639	3
46.48	3
48.064	3
19.827	1
19.827	1
19.834	2
19.898	2
19.9	2
19.922	2
19.962	3
19.979	3
20.009	3
20.037	3
20.044	3
20.047	3
20.086	3
20.093	3
20.1	3
20.104	3
20.2	3
20.225	3
20.248	3
20.269	3
20.28	3
20.318	3
20.361	3
20.416	3
20.428	3
20.5	3
21.174	3
23.18	3
24.058	3
24.407	3
25.61	3
25.728	3
25.831	3
26.021	3
27.297	3
29.073	3
37.101	3
37.62	3
37.821	3
38.578	3
39.268	3
42.357	3
42.898	3
43.408	3
43.639	3
46.48	3
48.064	3
19.746	1
19.753	1
19.815	1
19.827	1
19.827	1
19.834	1
19.898	1
19.9	1
19.922	1
19.962	1
19.979	1
20.009	1
20.037	2
20.044	2
20.047	2
20.086	2
20.093	2
20.1	2
20.104	2
20.2	2
20.225	2
20.248	2
20.269	2
20.28	2
20.318	2
20.361	2
20.416	2
20.428	2
20.5	3
21.174	3
23.18	3
24.058	3
24.407	3
25.61	3
25.728	3
25.831	3
26.021	3
27.297	3
29.073	3
37.101	3
37.62	3
37.821	3
38.578	3
39.268	3
42.357	3
42.898	3
43.408	3
43.639	3
46.48	3
48.064	3
19.657	1
19.717	2
19.73	2
19.746	2
19.753	2
19.815	2
19.827	2
19.827	2
19.834	2
19.898	2
19.9	2
19.922	2
19.962	2
19.979	2
20.009	2
20.037	2
20.044	2
20.047	2
20.086	2
20.093	2
20.1	2
20.104	2
20.2	2
20.225	2
20.248	2
20.269	2
20.28	2
20.318	2
20.361	2
20.416	2
20.428	2
20.5	2
21.174	2
23.18	2
24.058	2
24.407	3
25.61	3
25.728	3
25.831	3
26.021	3
27.297	3
29.073	3
37.101	3
37.62	3
37.821	3
38.578	3
39.268	3
42.357	3
42.898	3
43.408	3
43.639	3
46.48	3
48.064	3
19.657	1
19.717	1
19.73	1
19.746	1
19.753	1
19.815	1
19.827	1
19.827	1
19.834	1
19.898	1
19.9	1
19.922	1
19.962	2
19.979	2
20.009	2
20.037	2
20.044	2
20.047	2
20.086	2
20.093	2
20.1	2
20.104	2
20.2	2
20.225	2
20.248	2
20.269	3
20.28	3
20.318	3
20.361	3
20.416	3
20.428	3
20.5	3
21.174	3
23.18	3
24.058	3
24.407	3
25.61	3
25.728	3
25.831	3
26.021	3
27.297	3
29.073	3
37.101	3
37.62	3
37.821	3
38.578	3
39.268	3
42.357	3
42.898	3
43.408	3
43.639	3
46.48	3
48.064	3
19.746	1
19.753	1
19.815	1
19.827	1
19.827	1
19.834	1
19.898	1
19.9	1
19.922	1
19.962	2
19.979	2
20.009	2
20.037	2
20.044	2
20.047	3
20.086	3
20.093	3
20.1	3
20.104	3
20.2	3
20.225	3
20.248	3
20.269	3
20.28	3
20.318	3
20.361	3
20.416	3
20.428	3
20.5	3
21.174	3
23.18	3
24.058	3
24.407	3
25.61	3
25.728	3
25.831	3
26.021	3
27.297	3
29.073	3
37.101	3
37.62	3
37.821	3
38.578	3
39.268	3
42.357	3
42.898	3
43.408	3
43.639	3
46.48	3
48.064	3
19.834	1
19.898	1
19.9	1
19.922	1
19.962	2
19.979	2
20.009	2
20.037	2
20.044	2
20.047	2
20.086	2
20.093	2
20.1	2
20.104	2
20.2	2
20.225	2
20.248	2
20.269	3
20.28	3
20.318	3
20.361	3
20.416	3
20.428	3
20.5	3
21.174	3
23.18	3
24.058	3
24.407	3
25.61	3
25.728	3
25.831	3
26.021	3
27.297	3
29.073	3
37.101	3
37.62	3
37.821	3
38.578	3
39.268	3
42.357	3
42.898	3
43.408	3
43.639	3
46.48	3
48.064	3
19.827	1
19.827	1
19.834	1
19.898	1
19.9	1
19.922	1
19.962	2
19.979	2
20.009	2
20.037	3
20.044	3
20.047	3
20.086	3
20.093	3
20.1	3
20.104	3
20.2	3
20.225	3
20.248	3
20.269	3
20.28	3
20.318	3
20.361	3
20.416	3
20.428	3
20.5	3
21.174	3
23.18	3
24.058	3
24.407	3
25.61	3
25.728	3
25.831	3
26.021	3
27.297	3
29.073	3
37.101	3
37.62	3
37.821	3
38.578	3
39.268	3
42.357	3
42.898	3
43.408	3
43.639	3
46.48	3
48.064	3
19.746	1
19.753	1
19.815	1
19.827	1
19.827	1
19.834	1
19.898	1
19.9	1
19.922	2
19.962	2
19.979	2
20.009	2
20.037	2
20.044	2
20.047	3
20.086	3
20.093	3
20.1	3
20.104	3
20.2	3
20.225	3
20.248	3
20.269	4
20.28	4
20.318	4
20.361	4
20.416	4
20.428	4
20.5	4
21.174	4
23.18	4
24.058	4
24.407	5
25.61	5
25.728	5
25.831	5
26.021	5
27.297	5
29.073	5
37.101	5
37.62	5
37.821	5
38.578	4
39.268	4
42.357	4
42.898	4
43.408	4
43.639	4
46.48	4
48.064	3
19.827	1
19.827	1
19.834	1
19.898	1
19.9	1
19.922	1
19.962	2
19.979	2
20.009	2
20.037	2
20.044	2
20.047	2
20.086	2
20.093	2
20.1	2
20.104	2
20.2	2
20.225	2
20.248	2
20.269	2
20.28	2
20.318	2
20.361	2
20.416	2
20.428	2
20.5	3
21.174	3
23.18	3
24.058	3
24.407	3
25.61	3
25.728	3
25.831	3
26.021	3
27.297	3
29.073	3
37.101	3
37.62	3
37.821	3
38.578	3
39.268	3
42.357	3
42.898	3
43.408	3
43.639	3
46.48	3
48.064	3
19.657	1
19.717	1
19.73	1
19.746	1
19.753	1
19.815	1
19.827	2
19.827	2
19.834	2
19.898	2
19.9	2
19.922	2
19.962	2
19.979	2
20.009	2
20.037	2
20.044	2
20.047	3
20.086	3
20.093	3
20.1	4
20.104	4
20.2	4
20.225	4
20.248	5
20.269	5
20.28	5
20.318	5
20.361	5
20.416	5
20.428	5
20.5	5
21.174	4
23.18	4
24.058	4
24.407	4
25.61	4
25.728	4
25.831	3
26.021	3
27.297	3
29.073	3
37.101	3
37.62	3
37.821	3
38.578	3
39.268	3
42.357	3
42.898	3
43.408	3
43.639	3
46.48	3
48.064	3
19.746	1
19.753	1
19.815	1
19.827	1
19.827	1
19.834	1
19.898	1
19.9	1
19.922	1
19.962	1
19.979	1
20.009	1
20.037	1
20.044	1
20.047	1
20.086	1
20.093	1
20.1	1
20.104	1
20.2	1
20.225	1
20.248	2
20.269	2
20.28	2
20.318	2
20.361	2
20.416	2
20.428	2
20.5	2
21.174	2
23.18	2
24.058	2
24.407	3
25.61	3
25.728	3
25.831	3
26.021	3
27.297	3
29.073	3
37.101	3
37.62	3
37.821	3
38.578	3
39.268	3
42.357	3
42.898	3
43.408	3
43.639	3
46.48	3
48.064	3
19.746	1
19.753	1
19.815	1
19.827	1
19.827	1
19.834	2
19.898	2
19.9	2
19.922	2
19.962	2
19.979	2
20.009	2
20.037	3
20.044	3
20.047	3
20.086	3
20.093	3
20.1	3
20.104	3
20.2	3
20.225	3
20.248	3
20.269	3
20.28	3
20.318	3
20.361	3
20.416	3
20.428	3
20.5	3
21.174	3
23.18	3
24.058	3
24.407	3
25.61	3
25.728	3
25.831	3
26.021	3
27.297	3
29.073	3
37.101	3
37.62	3
37.821	3
38.578	3
39.268	3
42.357	3
42.898	3
43.408	3
43.639	3
46.48	3
48.064	3
19.962	1
19.979	1
20.009	1
20.037	1
20.044	1
20.047	2
20.086	2
20.093	2
20.1	2
20.104	2
20.2	2
20.225	2
20.248	2
20.269	3
20.28	3
20.318	3
20.361	3
20.416	3
20.428	3
20.5	3
21.174	3
23.18	3
24.058	3
24.407	3
25.61	3
25.728	3
25.831	3
26.021	3
27.297	3
29.073	3
37.101	3
37.62	3
37.821	3
38.578	3
39.268	3
42.357	3
42.898	3
43.408	3
43.639	3
46.48	3
48.064	3
20.037	1
20.044	1
20.047	1
20.086	1
20.093	1
20.1	1
20.104	1
20.2	1
20.225	1
20.248	1
20.269	2
20.28	2
20.318	2
20.361	2
20.416	2
20.428	2
20.5	3
21.174	3
23.18	3
24.058	3
24.407	3
25.61	3
25.728	3
25.831	3
26.021	3
27.297	3
29.073	3
37.101	3
37.62	3
37.821	3
38.578	3
39.268	3
42.357	3
42.898	3
43.408	3
43.639	3
46.48	3
48.064	3
19.717	1
19.73	1
19.746	1
19.753	1
19.815	1
19.827	1
19.827	1
19.834	1
19.898	1
19.9	1
19.922	1
19.962	1
19.979	2
20.009	2
20.037	2
20.044	2
20.047	2
20.086	2
20.093	2
20.1	2
20.104	3
20.2	3
20.225	4
20.248	5
20.269	5
20.28	5
20.318	5
20.361	5
20.416	5
20.428	5
20.5	5
21.174	5
23.18	5
24.058	5
24.407	6
25.61	6
25.728	5
25.831	5
26.021	5
27.297	5
29.073	5
37.101	5
37.62	5
37.821	5
38.578	5
39.268	4
42.357	4
42.898	4
43.408	3
43.639	3
46.48	3
48.064	3
19.834	1
19.898	1
19.9	1
19.922	1
19.962	1
19.979	1
20.009	1
20.037	2
20.044	2
20.047	2
20.086	2
20.093	2
20.1	2
20.104	2
20.2	2
20.225	2
20.248	2
20.269	3
20.28	3
20.318	3
20.361	3
20.416	3
20.428	3
20.5	3
21.174	3
23.18	3
24.058	3
24.407	3
25.61	3
25.728	3
25.831	3
26.021	3
27.297	3
29.073	3
37.101	3
37.62	3
37.821	3
38.578	3
39.268	3
42.357	3
42.898	3
43.408	3
43.639	3
46.48	3
48.064	3
19.717	1
19.73	1
19.746	1
19.753	1
19.815	1
19.827	1
19.827	1
19.834	1
19.898	1
19.9	1
19.922	1
19.962	1
19.979	1
20.009	1
20.037	1
20.044	1
20.047	2
20.086	2
20.093	3
20.1	3
20.104	3
20.2	3
20.225	3
20.248	3
20.269	3
20.28	3
20.318	3
20.361	3
20.416	3
20.428	3
20.5	3
21.174	3
23.18	3
24.058	3
24.407	3
25.61	3
25.728	3
25.831	3
26.021	3
27.297	3
29.073	3
37.101	3
37.62	3
37.821	3
38.578	3
39.268	3
42.357	3
42.898	3
43.408	3
43.639	3
46.48	3
48.064	3
19.746	1
19.753	1
19.815	1
19.827	1
19.827	1
19.834	2
19.898	2
19.9	2
19.922	2
19.962	2
19.979	2
20.009	2
20.037	2
20.044	2
20.047	2
20.086	2
20.093	2
20.1	2
20.104	2
20.2	2
20.225	2
20.248	2
20.269	2
20.28	2
20.318	2
20.361	2
20.416	2
20.428	2
20.5	3
21.174	3
23.18	3
24.058	3
24.407	3
25.61	3
25.728	3
25.831	3
26.021	3
27.297	3
29.073	3
37.101	3
37.62	3
37.821	3
38.578	3
39.268	3
42.357	3
42.898	3
43.408	3
43.639	3
46.48	3
48.064	3
19.834	1
19.898	1
19.9	1
19.922	1
19.962	1
19.979	1
20.009	1
20.037	1
20.044	1
20.047	1
20.086	1
20.093	1
20.1	1
20.104	1
20.2	1
20.225	1
20.248	1
20.269	2
20.28	2
20.318	2
20.361	2
20.416	3
20.428	3
20.5	4
21.174	4
23.18	4
24.058	4
24.407	4
25.61	4
25.728	4
25.831	4
26.021	4
27.297	4
29.073	4
37.101	4
37.62	3
37.821	3
38.578	3
39.268	3
42.357	3
42.898	3
43.408	3
43.639	3
46.48	3
48.064	3
20.047	1
20.086	1
20.093	2
20.1	2
20.104	2
20.2	2
20.225	2
20.248	2
20.269	2
20.28	2
20.318	2
20.361	2
20.416	2
20.428	2
20.5	2
21.174	2
23.18	2
24.058	2
24.407	3
25.61	3
25.728	3
25.831	3
26.021	3
27.297	3
29.073	3
37.101	3
37.62	3
37.821	3
38.578	3
39.268	3
42.357	3
42.898	3
43.408	3
43.639	3
46.48	3
48.064	3
19.717	1
19.73	1
19.746	1
19.753	1
19.815	1
19.827	1
19.827	1
19.834	1
19.898	1
19.9	1
19.922	1
19.962	2
19.979	2
20.009	2
20.037	2
20.044	2
20.047	3
20.086	3
20.093	3
20.1	3
20.104	3
20.2	3
20.225	3
20.248	3
20.269	3
20.28	3
20.318	3
20.361	3
20.416	3
20.428	3
20.5	3
21.174	3
23.18	3
24.058	3
24.407	3
25.61	3
25.728	3
25.831	3
26.021	3
27.297	3
29.073	3
37.101	3
37.62	3
37.821	3
38.578	3
39.268	3
42.357	3
42.898	3
43.408	3
43.639	3
46.48	3
48.064	3
19.834	1
19.898	1
19.9	1
19.922	1
19.962	1
19.979	1
20.009	1
20.037	2
20.044	2
20.047	2
20.086	2
20.093	2
20.1	2
20.104	2
20.2	3
20.225	3
20.248	3
20.269	3
20.28	3
20.318	3
20.361	3
20.416	3
20.428	4
20.5	4
21.174	4
23.18	4
24.058	4
24.407	4
25.61	4
25.728	4
25.831	4
26.021	4
27.297	4
29.073	3
37.101	3
37.62	3
37.821	3
38.578	3
39.268	3
42.357	3
42.898	3
43.408	3
43.639	3
46.48	3
48.064	3
19.717	1
19.73	2
19.746	2
19.753	2
19.815	2
19.827	2
19.827	2
19.834	2
19.898	2
19.9	2
19.922	2
19.962	2
19.979	2
20.009	2
20.037	2
20.044	2
20.047	2
20.086	2
20.093	2
20.1	2
20.104	2
20.2	2
20.225	2
20.248	3
20.269	3
20.28	3
20.318	3
20.361	3
20.416	3
20.428	3
20.5	3
21.174	3
23.18	3
24.058	3
24.407	3
25.61	3
25.728	3
25.831	3
26.021	3
27.297	3
29.073	3
37.101	3
37.62	3
37.821	3
38.578	3
39.268	3
42.357	3
42.898	3
43.408	3
43.639	3
46.48	3
48.064	3
19.746	1
19.753	1
19.815	1
19.827	2
19.827	2
19.834	3
19.898	3
19.9	3
19.922	3
19.962	3
19.979	3
20.009	3
20.037	3
20.044	3
20.047	3
20.086	3
20.093	3
20.1	3
20.104	3
20.2	3
20.225	3
20.248	3
20.269	3
20.28	3
20.318	3
20.361	3
20.416	3
20.428	3
20.5	3
21.174	3
23.18	3
24.058	3
24.407	3
25.61	3
25.728	3
25.831	3
26.021	3
27.297	3
29.073	3
37.101	3
37.62	3
37.821	3
38.578	3
39.268	3
42.357	3
42.898	3
43.408	3
43.639	3
46.48	3
48.064	3
19.717	1
19.73	2
19.746	2
19.753	2
19.815	2
19.827	2
19.827	2
19.834	2
19.898	2
19.9	2
19.922	2
19.962	2
19.979	2
20.009	2
20.037	2
20.044	2
20.047	2
20.086	2
20.093	2
20.1	2
20.104	2
20.2	2
20.225	2
20.248	3
20.269	3
20.28	3
20.318	3
20.361	3
20.416	3
20.428	3
20.5	3
21.174	3
23.18	3
24.058	3
24.407	3
25.61	3
25.728	3
25.831	3
26.021	3
27.297	3
29.073	3
37.101	3
37.62	3
37.821	3
38.578	3
39.268	3
42.357	3
42.898	3
43.408	3
43.639	3
46.48	3
48.064	3
19.827	1
19.827	1
19.834	1
19.898	1
19.9	1
19.922	1
19.962	2
19.979	2
20.009	2
20.037	2
20.044	2
20.047	2
20.086	2
20.093	2
20.1	2
20.104	2
20.2	2
20.225	2
20.248	2
20.269	3
20.28	3
20.318	3
20.361	3
20.416	3
20.428	3
20.5	3
21.174	3
23.18	3
24.058	3
24.407	3
25.61	3
25.728	3
25.831	3
26.021	3
27.297	3
29.073	3
37.101	3
37.62	3
37.821	3
38.578	3
39.268	3
42.357	3
42.898	3
43.408	3
43.639	3
46.48	3
48.064	3
19.827	1
20.037	1
20.044	2
20.047	2
20.086	2
20.093	2
20.1	2
20.104	2
20.2	2
20.225	2
20.248	2
20.269	2
20.28	3
20.318	3
20.361	3
20.416	3
20.428	3
20.5	3
21.174	3
23.18	3
24.058	3
24.407	4
25.61	4
25.728	4
25.831	4
26.021	4
27.297	3
29.073	3
37.101	3
37.62	3
37.821	3
38.578	3
39.268	3
42.357	3
42.898	3
43.408	3
43.639	3
46.48	3
48.064	3
19.746	1
19.753	1
19.815	1
19.827	2
19.827	2
19.834	2
19.898	2
19.9	2
19.922	2
19.962	3
19.979	3
20.009	3
20.037	3
20.044	3
20.047	3
20.086	3
20.093	3
20.1	3
20.104	3
20.2	3
20.225	3
20.248	3
20.269	3
20.28	3
20.318	3
20.361	3
20.416	3
20.428	3
20.5	3
21.174	3
23.18	3
24.058	3
24.407	3
25.61	3
25.728	3
25.831	3
26.021	3
27.297	3
29.073	3
37.101	3
37.62	3
37.821	3
38.578	3
39.268	3
42.357	3
42.898	3
43.408	3
43.639	3
46.48	3
48.064	3
19.827	1
19.827	1
19.834	2
19.898	2
19.9	2
19.922	2
19.962	2
19.979	2
20.009	2
20.037	2
20.044	2
20.047	2
20.086	2
20.093	2
20.1	2
20.104	2
20.2	2
20.225	2
20.248	2
20.269	3
20.28	3
20.318	3
20.361	3
20.416	3
20.428	3
20.5	3
21.174	3
23.18	3
24.058	3
24.407	3
25.61	3
25.728	3
25.831	3
26.021	3
27.297	3
29.073	3
37.101	3
37.62	3
37.821	3
38.578	3
39.268	3
42.357	3
42.898	3
43.408	3
43.639	3
46.48	3
48.064	3
19.827	1
19.827	1
19.834	2
19.898	2
19.9	2
19.922	2
19.962	2
19.979	2
20.009	2
20.037	2
20.044	2
20.047	2
20.086	2
20.093	2
20.1	2
20.104	2
20.2	2
20.225	2
20.248	2
20.269	3
20.28	3
20.318	3
20.361	3
20.416	3
20.428	3
20.5	3
21.174	3
23.18	3
24.058	3
24.407	3
25.61	3
25.728	3
25.831	3
26.021	3
27.297	3
29.073	3
37.101	3
37.62	3
37.821	3
38.578	3
39.268	3
42.357	3
42.898	3
43.408	3
43.639	3
46.48	3
48.064	3
19.73	1
19.746	1
19.753	1
19.815	1
19.827	1
19.827	1
19.834	2
19.898	2
19.9	2
19.922	2
19.962	2
19.979	2
20.009	2
20.037	2
20.044	2
20.047	2
20.086	2
20.093	2
20.1	2
20.104	2
20.2	2
20.225	2
20.248	2
20.269	3
20.28	3
20.318	3
20.361	3
20.416	3
20.428	3
20.5	3
21.174	3
23.18	3
24.058	3
24.407	3
25.61	3
25.728	3
25.831	3
26.021	3
27.297	3
29.073	3
37.101	3
37.62	3
37.821	3
38.578	3
39.268	3
42.357	3
42.898	3
43.408	3
43.639	3
46.48	3
48.064	3
19.73	1
19.746	1
19.753	1
19.815	1
19.827	1
19.827	1
19.834	1
19.898	1
19.9	1
19.922	1
19.962	1
19.979	1
20.009	1
20.037	1
20.044	1
20.047	2
20.086	2
20.093	3
20.1	3
20.104	3
20.2	3
20.225	3
20.248	3
20.269	3
20.28	3
20.318	4
20.361	4
20.416	4
20.428	4
20.5	4
21.174	4
23.18	4
24.058	3
24.407	3
25.61	3
25.728	3
25.831	3
26.021	3
27.297	3
29.073	3
37.101	3
37.62	3
37.821	3
38.578	3
39.268	3
42.357	3
42.898	3
43.408	3
43.639	3
46.48	3
48.064	3
20.093	1
20.1	1
20.104	1
20.2	1
20.225	1
20.248	2
20.269	2
20.28	2
20.318	2
20.361	2
20.416	2
20.428	2
20.5	2
21.174	2
23.18	2
24.058	2
24.407	3
25.61	3
25.728	3
25.831	3
26.021	3
27.297	3
29.073	3
37.101	3
37.62	3
37.821	3
38.578	3
39.268	3
42.357	3
42.898	3
43.408	3
43.639	3
46.48	3
48.064	3
19.657	1
19.717	2
19.73	2
19.746	2
19.753	2
19.815	2
19.827	2
19.827	2
19.834	2
19.898	2
19.9	2
19.922	2
19.962	2
19.979	2
20.009	2
20.037	2
20.044	2
20.047	2
20.086	2
20.093	3
20.1	3
20.104	3
20.2	3
20.225	3
20.248	3
20.269	3
20.28	3
20.318	3
20.361	3
20.416	3
20.428	3
20.5	3
21.174	3
23.18	3
24.058	3
24.407	3
25.61	3
25.728	3
25.831	3
26.021	3
27.297	3
29.073	3
37.101	3
37.62	3
37.821	3
38.578	3
39.268	3
42.357	3
42.898	3
43.408	3
43.639	3
46.48	3
48.064	3
20.047	1
20.086	1
20.093	2
20.1	2
20.104	2
20.2	2
20.225	2
20.248	3
20.269	3
20.28	3
20.318	3
20.361	3
20.416	3
20.428	3
20.5	3
21.174	3
23.18	3
24.058	3
24.407	3
25.61	3
25.728	3
25.831	3
26.021	3
27.297	3
29.073	3
37.101	3
37.62	3
37.821	3
38.578	3
39.268	3
42.357	3
42.898	3
43.408	3
43.639	3
46.48	3
48.064	3
19.657	1
19.717	1
19.73	1
19.746	1
19.753	1
19.815	1
19.827	1
19.827	1
19.834	1
19.898	1
19.9	1
19.922	1
19.962	2
19.979	2
20.009	2
20.037	3
20.044	3
20.047	3
20.086	3
20.093	4
20.1	4
20.104	4
20.2	4
20.225	4
20.248	5
20.269	5
20.28	5
20.318	5
20.361	5
20.416	5
20.428	5
20.5	5
21.174	5
23.18	5
24.058	5
24.407	5
25.61	4
25.728	4
25.831	4
26.021	3
27.297	3
29.073	3
37.101	3
37.62	3
37.821	3
38.578	3
39.268	3
42.357	3
42.898	3
43.408	3
43.639	3
46.48	3
48.064	3
19.717	1
19.73	1
19.746	1
19.753	1
19.815	1
19.827	1
19.827	1
19.834	1
19.898	1
19.9	1
19.922	1
19.962	1
19.979	1
20.009	1
20.037	1
20.044	1
20.047	1
20.086	1
20.093	1
20.1	1
20.104	1
20.2	1
20.225	1
20.248	2
20.269	2
20.28	2
20.318	2
20.361	2
20.416	2
20.428	2
20.5	3
21.174	3
23.18	3
24.058	3
24.407	3
25.61	3
25.728	3
25.831	3
26.021	3
27.297	3
29.073	3
37.101	3
37.62	3
37.821	3
38.578	3
39.268	3
42.357	3
42.898	3
43.408	3
43.639	3
46.48	3
48.064	3
19.834	1
19.898	1
19.9	1
19.922	1
19.962	1
19.979	1
20.009	1
20.037	2
20.044	2
20.047	2
20.086	2
20.093	2
20.1	2
20.104	2
20.2	2
20.225	2
20.248	2
20.269	3
20.28	3
20.318	3
20.361	3
20.416	3
20.428	3
20.5	3
21.174	3
23.18	3
24.058	3
24.407	3
25.61	3
25.728	3
25.831	3
26.021	3
27.297	3
29.073	3
37.101	3
37.62	3
37.821	3
38.578	3
39.268	3
42.357	3
42.898	3
43.408	3
43.639	3
46.48	3
48.064	3
19.962	1
19.979	1
20.009	1
20.037	1
20.044	1
20.047	1
20.086	1
20.093	2
20.1	2
20.104	2
20.2	2
20.225	2
20.248	2
20.269	3
20.28	3
20.318	3
20.361	3
20.416	3
20.428	3
20.5	3
21.174	3
23.18	3
24.058	3
24.407	3
25.61	3
25.728	3
25.831	3
26.021	3
27.297	3
29.073	3
37.101	3
37.62	3
37.821	3
38.578	3
39.268	3
42.357	3
42.898	3
43.408	3
43.639	3
46.48	3
48.064	3
19.746	1
19.753	1
19.815	1
19.827	1
19.827	1
19.834	1
19.898	1
19.9	1
19.922	1
19.962	2
19.979	2
20.009	2
20.037	3
20.044	3
20.047	3
20.086	3
20.093	3
20.1	3
20.104	3
20.2	3
20.225	3
20.248	3
20.269	3
20.28	3
20.318	3
20.361	3
20.416	3
20.428	3
20.5	3
21.174	3
23.18	3
24.058	3
24.407	3
25.61	3
25.728	3
25.831	3
26.021	3
27.297	3
29.073	3
37.101	3
37.62	3
37.821	3
38.578	3
39.268	3
42.357	3
42.898	3
43.408	3
43.639	3
46.48	3
48.064	3
19.717	1
19.73	1
19.746	1
19.753	1
19.815	1
19.827	2
19.827	2
19.834	2
19.898	2
19.9	2
19.922	2
19.962	2
19.979	2
20.009	2
20.037	2
20.044	2
20.047	2
20.086	2
20.093	2
20.1	2
20.104	2
20.2	2
20.225	2
20.248	2
20.269	3
20.28	3
20.318	3
20.361	3
20.416	3
20.428	3
20.5	3
21.174	3
23.18	3
24.058	3
24.407	3
25.61	3
25.728	3
25.831	3
26.021	3
27.297	3
29.073	3
37.101	3
37.62	3
37.821	3
38.578	3
39.268	3
42.357	3
42.898	3
43.408	3
43.639	3
46.48	3
48.064	3
19.73	1
19.746	2
19.753	2
19.815	2
19.827	3
19.827	3
19.834	3
19.898	3
19.9	3
19.922	3
19.962	3
19.979	3
20.009	3
20.037	3
20.044	3
20.047	3
20.086	3
20.093	3
20.1	3
20.104	3
20.2	3
20.225	3
20.248	3
20.269	3
20.28	3
20.318	3
20.361	3
20.416	3
20.428	3
20.5	3
21.174	3
23.18	3
24.058	3
24.407	3
25.61	3
25.728	3
25.831	3
26.021	3
27.297	3
29.073	3
37.101	3
37.62	3
37.821	3
38.578	3
39.268	3
42.357	3
42.898	3
43.408	3
43.639	3
46.48	3
48.064	3
19.753	1
19.815	1
19.827	1
19.827	1
19.834	2
19.898	3
19.9	3
19.922	3
19.962	3
19.979	3
20.009	3
20.037	3
20.044	3
20.047	3
20.086	3
20.093	4
20.1	4
20.104	4
20.2	4
20.225	4
20.248	4
20.269	5
20.28	5
20.318	5
20.361	5
20.416	5
20.428	5
20.5	5
21.174	5
23.18	5
24.058	5
24.407	5
25.61	5
25.728	5
25.831	5
26.021	5
27.297	5
29.073	5
37.101	4
37.62	4
37.821	4
38.578	4
39.268	4
42.357	4
42.898	4
43.408	4
43.639	4
46.48	3
48.064	3
19.717	1
19.73	1
19.746	1
19.753	1
19.815	1
19.827	1
19.827	1
19.834	1
19.898	1
19.9	1
19.922	1
19.962	1
19.979	1
20.009	1
20.037	1
20.044	1
20.047	1
20.086	1
20.093	2
20.1	2
20.104	2
20.2	2
20.225	2
20.248	2
20.269	2
20.28	2
20.318	2
20.361	2
20.416	2
20.428	2
20.5	2
21.174	2
23.18	2
24.058	2
24.407	3
25.61	3
25.728	3
25.831	3
26.021	3
27.297	3
29.073	3
37.101	3
37.62	3
37.821	3
38.578	3
39.268	3
42.357	3
42.898	3
43.408	3
43.639	3
46.48	3
48.064	3
19.657	1
19.717	2
19.73	2
19.746	2
19.753	2
19.815	2
19.827	2
19.827	2
19.834	2
19.898	2
19.9	2
19.922	2
19.962	2
19.979	2
20.009	2
20.037	3
20.044	3
20.047	3
20.086	3
20.093	3
20.1	3
20.104	3
20.2	3
20.225	3
20.248	3
20.269	3
20.28	3
20.318	3
20.361	3
20.416	3
20.428	3
20.5	3
21.174	3
23.18	3
24.058	3
24.407	3
25.61	3
25.728	3
25.831	3
26.021	3
27.297	3
29.073	3
37.101	3
37.62	3
37.821	3
38.578	3
39.268	3
42.357	3
42.898	3
43.408	3
43.639	3
46.48	3
48.064	3
20.047	1
20.086	1
20.093	2
20.1	2
20.104	2
20.2	2
20.225	2
20.248	3
20.269	3
20.28	3
20.318	3
20.361	3
20.416	3
20.428	3
20.5	3
21.174	3
23.18	3
24.058	3
24.407	3
25.61	3
25.728	3
25.831	3
26.021	3
27.297	3
29.073	3
37.101	3
37.62	3
37.821	3
38.578	3
39.268	3
42.357	3
42.898	3
43.408	3
43.639	3
46.48	3
48.064	3
19.73	1
19.746	2
19.753	2
19.815	2
19.827	2
19.827	2
19.834	2
19.898	2
19.9	2
19.922	2
19.962	2
19.979	2
20.009	2
20.037	2
20.044	2
20.047	2
20.086	2
20.093	2
20.1	2
20.104	2
20.2	2
20.225	2
20.248	2
20.269	2
20.28	2
20.318	2
20.361	2
20.416	2
20.428	2
20.5	3
21.174	3
23.18	3
24.058	3
24.407	3
25.61	3
25.728	3
25.831	3
26.021	3
27.297	3
29.073	3
37.101	3
37.62	3
37.821	3
38.578	3
39.268	3
42.357	3
42.898	3
43.408	3
43.639	3
46.48	3
48.064	3
19.657	1
19.717	1
19.73	2
19.746	2
19.753	2
19.815	2
19.827	2
19.827	2
19.834	2
19.898	2
19.9	2
19.922	2
19.962	2
19.979	2
20.009	2
20.037	2
20.044	2
20.047	2
20.086	2
20.093	2
20.1	2
20.104	2
20.2	2
20.225	2
20.248	2
20.269	2
20.28	2
20.318	2
20.361	2
20.416	2
20.428	2
20.5	3
21.174	3
23.18	3
24.058	3
24.407	3
25.61	3
25.728	3
25.831	3
26.021	3
27.297	3
29.073	3
37.101	3
37.62	3
37.821	3
38.578	3
39.268	3
42.357	3
42.898	3
43.408	3
43.639	3
46.48	3
48.064	3
19.73	1
19.746	1
19.753	1
19.815	1
19.827	1
19.827	1
19.834	1
19.898	1
19.9	1
19.922	1
19.962	1
19.979	1
20.009	1
20.037	2
20.044	2
20.047	2
20.086	2
20.093	3
20.1	3
20.104	3
20.2	3
20.225	3
20.248	3
20.269	3
20.28	3
20.318	3
20.361	3
20.416	3
20.428	3
20.5	3
21.174	3
23.18	3
24.058	3
24.407	3
25.61	3
25.728	3
25.831	3
26.021	3
27.297	3
29.073	3
37.101	3
37.62	3
37.821	3
38.578	3
39.268	3
42.357	3
42.898	3
43.408	3
43.639	3
46.48	3
48.064	3
19.657	1
19.717	2
19.73	2
19.746	2
19.753	2
19.815	2
19.827	2
19.827	2
19.834	2
19.898	2
19.9	2
19.922	2
19.962	2
19.979	2
20.009	2
20.037	2
20.044	2
20.047	2
20.086	2
20.093	2
20.1	2
20.104	2
20.2	2
20.225	2
20.248	3
20.269	3
20.28	3
20.318	3
20.361	3
20.416	3
20.428	3
20.5	3
21.174	3
23.18	3
24.058	3
24.407	3
25.61	3
25.728	3
25.831	3
26.021	3
27.297	3
29.073	3
37.101	3
37.62	3
37.821	3
38.578	3
39.268	3
42.357	3
42.898	3
43.408	3
43.639	3
46.48	3
48.064	3
19.657	1
19.717	1
19.73	1
19.746	1
19.753	1
19.815	1
19.827	1
19.827	1
19.834	1
19.898	1
19.9	2
19.922	2
19.962	2
19.979	2
20.009	2
20.037	2
20.044	2
20.047	2
20.086	2
20.093	2
20.1	2
20.104	2
20.2	2
20.225	2
20.248	2
20.269	2
20.28	3
20.318	3
20.361	4
20.416	4
20.428	4
20.5	4
21.174	4
23.18	4
24.058	4
24.407	5
25.61	5
25.728	5
25.831	5
26.021	5
27.297	5
29.073	5
37.101	5
37.62	5
37.821	4
38.578	4
39.268	4
42.357	3
42.898	2
43.408	2
43.639	3
46.48	3
48.064	3
19.657	1
19.717	2
19.73	2
19.746	2
19.753	2
19.815	2
19.827	2
19.827	2
19.834	2
19.898	2
19.9	2
19.922	2
19.962	2
19.979	2
20.009	2
20.037	2
20.044	2
20.047	2
20.086	2
20.093	3
20.1	3
20.104	3
20.2	3
20.225	3
20.248	3
20.269	3
20.28	3
20.318	3
20.361	3
20.416	3
20.428	3
20.5	3
21.174	3
23.18	3
24.058	3
24.407	3
25.61	3
25.728	3
25.831	3
26.021	3
27.297	3
29.073	3
37.101	3
37.62	3
37.821	3
38.578	3
39.268	3
42.357	3
42.898	3
43.408	3
43.639	3
46.48	3
48.064	3
19.746	1
19.753	1
19.815	1
19.827	1
19.827	1
19.834	1
19.898	1
19.9	1
19.922	1
19.962	1
19.979	1
20.009	1
20.037	1
20.044	1
20.047	2
20.086	2
20.093	2
20.1	2
20.104	2
20.2	2
20.225	2
20.248	2
20.269	2
20.28	2
20.318	2
20.361	2
20.416	2
20.428	2
20.5	2
21.174	2
23.18	2
24.058	2
24.407	3
25.61	3
25.728	3
25.831	3
26.021	3
27.297	3
29.073	3
37.101	3
37.62	3
37.821	3
38.578	3
39.268	3
42.357	3
42.898	3
43.408	3
43.639	3
46.48	3
48.064	3
20.047	1
20.086	1
20.093	2
20.1	2
20.104	2
20.2	2
20.225	2
20.248	2
20.269	2
20.28	2
20.318	2
20.361	2
20.416	2
20.428	2
20.5	2
21.174	2
23.18	2
24.058	2
24.407	3
25.61	3
25.728	3
25.831	3
26.021	3
27.297	3
29.073	3
37.101	3
37.62	3
37.821	3
38.578	3
39.268	3
42.357	3
42.898	3
43.408	3
43.639	3
46.48	3
48.064	3
19.815	1
19.827	1
19.827	1
19.834	1
19.898	1
19.9	1
19.922	1
19.962	1
19.979	1
20.009	2
20.037	3
20.044	3
20.047	3
20.086	4
20.093	4
20.1	4
20.104	4
20.2	4
20.225	4
20.248	4
20.269	4
20.28	4
20.318	4
20.361	4
20.416	4
20.428	4
20.5	4
21.174	4
23.18	3
24.058	3
24.407	3
25.61	3
25.728	3
25.831	3
26.021	3
27.297	3
29.073	3
37.101	3
37.62	3
37.821	3
38.578	3
39.268	3
42.357	3
42.898	3
43.408	3
43.639	3
46.48	3
48.064	3
19.962	1
19.979	1
20.009	1
20.037	2
20.044	2
20.047	2
20.086	2
20.093	2
20.1	2
20.104	2
20.2	2
20.225	2
20.248	2
20.269	3
20.28	3
20.318	3
20.361	3
20.416	3
20.428	3
20.5	3
21.174	3
23.18	3
24.058	3
24.407	3
25.61	3
25.728	3
25.831	3
26.021	3
27.297	3
29.073	3
37.101	3
37.62	3
37.821	3
38.578	3
39.268	3
42.357	3
42.898	3
43.408	3
43.639	3
46.48	3
48.064	3
19.827	1
19.827	1
19.834	1
19.898	1
19.9	1
19.922	1
19.962	1
19.979	1
20.009	1
20.037	2
20.044	2
20.047	3
20.086	3
20.093	3
20.1	3
20.104	3
20.2	3
20.225	3
20.248	3
20.269	3
20.28	3
20.318	3
20.361	3
20.416	3
20.428	3
20.5	3
21.174	3
23.18	3
24.058	3
24.407	3
25.61	3
25.728	3
25.831	3
26.021	3
27.297	3
29.073	3
37.101	3
37.62	3
37.821	3
38.578	3
39.268	3
42.357	3
42.898	3
43.408	3
43.639	3
46.48	3
48.064	3
19.717	1
19.73	1
19.746	1
19.753	1
19.815	1
19.827	1
19.827	1
19.834	1
19.898	1
19.9	1
19.922	1
19.962	1
19.979	1
20.009	1
20.037	1
20.044	1
20.047	2
20.086	2
20.093	3
20.1	3
20.104	3
20.2	3
20.225	3
20.248	3
20.269	3
20.28	3
20.318	3
20.361	3
20.416	3
20.428	3
20.5	3
21.174	3
23.18	3
24.058	3
24.407	3
25.61	3
25.728	3
25.831	3
26.021	3
27.297	3
29.073	3
37.101	3
37.62	3
37.821	3
38.578	3
39.268	3
42.357	3
42.898	3
43.408	3
43.639	3
46.48	3
48.064	3
19.657	1
19.717	1
19.73	2
19.746	2
19.753	2
19.815	2
19.827	3
19.827	3
19.834	3
19.898	3
19.9	3
19.922	3
19.962	3
19.979	3
20.009	3
20.037	3
20.044	3
20.047	3
20.086	3
20.093	3
20.1	3
20.104	3
20.2	3
20.225	3
20.248	3
20.269	3
20.28	3
20.318	3
20.361	3
20.416	3
20.428	3
20.5	3
21.174	3
23.18	3
24.058	3
24.407	3
25.61	3
25.728	3
25.831	3
26.021	3
27.297	3
29.073	3
37.101	3
37.62	3
37.821	3
38.578	3
39.268	3
42.357	3
42.898	3
43.408	3
43.639	3
46.48	3
48.064	3
20.047	1
20.086	1
20.093	2
20.1	2
20.104	2
20.2	2
20.225	2
20.248	3
20.269	3
20.28	3
20.318	3
20.361	3
20.416	3
20.428	3
20.5	3
21.174	3
23.18	3
24.058	3
24.407	3
25.61	3
25.728	3
25.831	3
26.021	3
27.297	3
29.073	3
37.101	3
37.62	3
37.821	3
38.578	3
39.268	3
42.357	3
42.898	3
43.408	3
43.639	3
46.48	3
48.064	3
19.657	1
19.717	1
19.73	2
19.746	2
19.753	2
19.815	2
19.827	2
19.827	2
19.834	2
19.898	2
19.9	2
19.922	2
19.962	2
19.979	2
20.009	2
20.037	2
20.044	2
20.047	2
20.086	2
20.093	2
20.1	2
20.104	2
20.2	2
20.225	2
20.248	3
20.269	3
20.28	3
20.318	3
20.361	3
20.416	3
20.428	3
20.5	3
21.174	3
23.18	3
24.058	3
24.407	3
25.61	3
25.728	3
25.831	3
26.021	3
27.297	3
29.073	3
37.101	3
37.62	3
37.821	3
38.578	3
39.268	3
42.357	3
42.898	3
43.408	3
43.639	3
46.48	3
48.064	3
19.964	1
19.983	2
19.987	2
20.003	2
20.014	2
20.016	2
20.022	2
20.028	2
20.038	2
20.04	2
20.04	2
20.116	2
20.12	2
20.133	2
20.135	2
20.157	2
20.157	2
20.17	2
20.189	2
20.193	2
20.207	2
20.208	2
20.227	2
20.256	2
20.257	2
20.267	2
20.268	2
20.273	2
20.278	2
20.301	2
20.31	2
20.315	2
20.358	2
20.376	2
20.417	2
20.606	2
20.719	2
20.752	2
21.835	2
22.63	2
24.364	2
27.687	2
28.0	2
30.791	2
31.033	2
31.241	2
31.625	2
32.411	2
32.511	2
32.735	2
33.537	2
34.317	2
34.546	2
34.826	2
35.426	2
36.166	2
36.509	2
37.775	2
37.978	2
38.169	2
40.522	2
40.669	2
40.864	2
43.614	2
46.525	2
46.899	2
53.029	2
56.886	2
57.394	2
58.167	2
58.278	2
58.308	2
76.403	2
96.231	2
20.116	1
20.12	1
20.133	1
20.135	1
20.157	1
20.157	1
20.17	1
20.189	1
20.193	1
20.207	1
20.208	1
20.227	1
20.256	2
20.257	2
20.267	2
20.268	2
20.273	2
20.278	2
20.301	2
20.31	2
20.315	2
20.358	2
20.376	2
20.417	2
20.606	2
20.719	2
20.752	2
21.835	2
22.63	2
24.364	2
27.687	2
28.0	2
30.791	2
31.033	2
31.241	2
31.625	2
32.411	2
32.511	2
32.735	2
33.537	2
34.317	2
34.546	2
34.826	2
35.426	2
36.166	2
36.509	2
37.775	2
37.978	2
38.169	2
40.522	2
40.669	2
40.864	2
43.614	2
46.525	2
46.899	2
53.029	2
56.886	2
57.394	2
58.167	2
58.278	2
58.308	2
76.403	2
96.231	2
20.022	1
20.028	1
20.038	1
20.04	1
20.04	1
20.116	1
20.12	2
20.133	2
20.135	2
20.157	3
20.157	3
20.17	3
20.189	3
20.193	3
20.207	3
20.208	4
20.227	4
20.256	4
20.257	5
20.267	5
20.268	5
20.273	5
20.278	5
20.301	5
20.31	5
20.315	6
20.358	6
20.376	6
20.417	6
20.606	6
20.719	6
20.752	6
21.835	6
22.63	6
24.364	6
27.687	6
28.0	6
30.791	5
31.033	5
31.241	5
31.625	5
32.411	5
32.511	5
32.735	5
33.537	5
34.317	5
34.546	5
34.826	5
35.426	5
36.166	5
36.509	5
37.775	5
37.978	5
38.169	5
40.522	5
40.669	5
40.864	5
43.614	4
46.525	3
46.899	3
53.029	2
56.886	2
57.394	2
58.167	2
58.278	2
58.308	2
76.403	2
96.231	2
19.962	1
19.964	1
19.983	2
19.987	2
20.003	2
20.014	2
20.016	2
20.022	2
20.028	2
20.038	2
20.04	2
20.04	2
20.116	2
20.12	2
20.133	2
20.135	2
20.157	2
20.157	2
20.17	2
20.189	2
20.193	2
20.207	2
20.208	2
20.227	2
20.256	2
20.257	2
20.267	2
20.268	2
20.273	2
20.278	2
20.301	2
20.31	2
20.315	2
20.358	2
20.376	2
20.417	2
20.606	2
20.719	2
20.752	2
21.835	2
22.63	2
24.364	2
27.687	2
28.0	2
30.791	2
31.033	2
31.241	2
31.625	2
32.411	2
32.511	2
32.735	2
33.537	2
34.317	2
34.546	2
34.826	2
35.426	2
36.166	2
36.509	2
37.775	2
37.978	2
38.169	2
40.522	2
40.669	2
40.864	2
43.614	2
46.525	2
46.899	2
53.029	2
56.886	2
57.394	2
58.167	2
58.278	2
58.308	2
76.403	2
96.231	2
19.987	1
20.003	1
20.014	1
20.016	1
20.022	1
20.028	1
20.038	1
20.04	1
20.04	1
20.116	1
20.12	1
20.133	1
20.135	1
20.157	1
20.157	1
20.17	1
20.189	1
20.193	1
20.207	1
20.208	1
20.227	1
20.256	1
20.257	1
20.267	1
20.268	1
20.273	1
20.278	1
20.301	1
20.31	1
20.315	1
20.358	1
20.376	1
20.417	1
20.606	1
20.719	1
20.752	1
21.835	1
22.63	1
24.364	1
27.687	1
28.0	1
30.791	1
31.033	1
31.241	1
31.625	1
32.411	1
32.511	1
32.735	1
33.537	1
34.317	1
34.546	1
34.826	1
35.426	1
36.166	1
36.509	1
37.775	1
37.978	1
38.169	1
40.522	1
40.669	1
40.864	1
43.614	1
46.525	1
46.899	1
53.029	1
56.886	1
57.394	1
58.167	1
58.278	1
58.308	1
76.403	1
96.231	1
19.962	1
19.964	1
19.983	1
19.987	1
20.003	1
20.014	1
20.016	1
20.022	2
20.028	2
20.038	2
20.04	2
20.04	2
20.116	2
20.12	2
20.133	2
20.135	2
20.157	2
20.157	2
20.17	2
20.189	2
20.193	2
20.207	2
20.208	2
20.227	2
20.256	2
20.257	2
20.267	2
20.268	2
20.273	2
20.278	2
20.301	2
20.31	2
20.315	2
20.358	2
20.376	2
20.417	2
20.606	2
20.719	2
20.752	2
21.835	2
22.63	2
24.364	2
27.687	2
28.0	2
30.791	2
31.033	2
31.241	2
31.625	2
32.411	2
32.511	2
32.735	2
33.537	2
34.317	2
34.546	2
34.826	2
35.426	2
36.166	2
36.509	2
37.775	2
37.978	2
38.169	2
40.522	2
40.669	2
40.864	2
43.614	2
46.525	2
46.899	2
53.029	2
56.886	2
57.394	2
58.167	2
58.278	2
58.308	2
76.403	2
96.231	2
19.962	1
19.964	1
19.983	1
19.987	1
20.003	2
20.014	2
20.016	2
20.022	2
20.028	2
20.038	2
20.04	2
20.04	2
20.116	2
20.12	2
20.133	2
20.135	2
20.157	2
20.157	2
20.17	2
20.189	2
20.193	2
20.207	2
20.208	2
20.227	2
20.256	2
20.257	2
20.267	2
20.268	2
20.273	2
20.278	3
20.301	3
20.31	3
20.315	3
20.358	3
20.376	3
20.417	3
20.606	3
20.719	3
20.752	3
21.835	3
22.63	3
24.364	3
27.687	3
28.0	3
30.791	3
31.033	3
31.241	3
31.625	3
32.411	3
32.511	3
32.735	3
33.537	2
34.317	2
34.546	2
34.826	2
35.426	2
36.166	2
36.509	2
37.775	2
37.978	2
38.169	2
40.522	2
40.669	2
40.864	2
43.614	2
46.525	2
46.899	2
53.029	2
56.886	2
57.394	2
58.167	2
58.278	2
58.308	2
76.403	2
96.231	2
20.116	1
20.12	1
20.133	1
20.135	1
20.157	1
20.157	1
20.17	1
20.189	1
20.193	1
20.207	1
20.208	1
20.227	1
20.256	1
20.257	1
20.267	1
20.268	1
20.273	1
20.278	1
20.301	1
20.31	1
20.315	1
20.358	1
20.376	1
20.417	1
20.606	1
20.719	1
20.752	1
21.835	1
22.63	1
24.364	1
27.687	1
28.0	1
30.791	1
31.033	1
31.241	1
31.625	1
32.411	1
32.511	1
32.735	1
33.537	1
34.317	1
34.546	1
34.826	1
35.426	1
36.166	1
36.509	1
37.775	1
37.978	1
38.169	1
40.522	1
40.669	1
40.864	1
43.614	1
46.525	1
46.899	1
53.029	1
56.886	1
57.394	1
58.167	1
58.278	1
58.308	1
76.403	1
96.231	1
19.836	1
19.85	1
19.962	1
19.964	2
19.983	2
19.987	2
20.003	2
20.014	2
20.016	2
20.022	2
20.028	2
20.038	2
20.04	2
20.04	2
20.116	2
20.12	2
20.133	2
20.135	2
20.157	2
20.157	2
20.17	2
20.189	2
20.193	2
20.207	2
20.208	2
20.227	2
20.256	2
20.257	2
20.267	2
20.268	2
20.273	2
20.278	2
20.301	2
20.31	2
20.315	2
20.358	2
20.376	2
20.417	2
20.606	2
20.719	2
20.752	2
21.835	2
22.63	2
24.364	2
27.687	2
28.0	2
30.791	2
31.033	2
31.241	2
31.625	2
32.411	2
32.511	2
32.735	2
33.537	2
34.317	2
34.546	2
34.826	2
35.426	2
36.166	2
36.509	2
37.775	2
37.978	2
38.169	2
40.522	2
40.669	2
40.864	2
43.614	2
46.525	2
46.899	2
53.029	2
56.886	2
57.394	2
58.167	2
58.278	2
58.308	2
76.403	2
96.231	2
19.983	1
19.987	1
20.003	2
20.014	2
20.016	2
20.022	2
20.028	2
20.038	2
20.04	2
20.04	2
20.116	2
20.12	2
20.133	2
20.135	2
20.157	2
20.157	2
20.17	2
20.189	2
20.193	2
20.207	2
20.208	2
20.227	2
20.256	2
20.257	2
20.267	2
20.268	2
20.273	2
20.278	2
20.301	2
20.31	2
20.315	2
20.358	2
20.376	2
20.417	2
20.606	2
20.719	2
20.752	2
21.835	2
22.63	2
24.364	2
27.687	2
28.0	2
30.791	2
31.033	2
31.241	2
31.625	2
32.411	2
32.511	2
32.735	2
33.537	2
34.317	2
34.546	2
34.826	2
35.426	2
36.166	2
36.509	2
37.775	2
37.978	2
38.169	2
40.522	2
40.669	2
40.864	2
43.614	2
46.525	2
46.899	2
53.029	2
56.886	2
57.394	2
58.167	2
58.278	2
58.308	2
76.403	2
96.231	2
19.836	1
19.85	1
19.962	1
19.964	1
19.983	1
19.987	1
20.003	1
20.014	1
20.016	1
20.022	2
20.028	2
20.038	2
20.04	2
20.04	2
20.116	2
20.12	2
20.133	2
20.135	2
20.157	2
20.157	2
20.17	2
20.189	2
20.193	2
20.207	2
20.208	2
20.227	2
20.256	2
20.257	2
20.267	2
20.268	2
20.273	2
20.278	2
20.301	2
20.31	2
20.315	2
20.358	2
20.376	2
20.417	2
20.606	2
20.719	2
20.752	2
21.835	2
22.63	2
24.364	2
27.687	2
28.0	2
30.791	2
31.033	2
31.241	2
31.625	2
32.411	2
32.511	2
32.735	2
33.537	2
34.317	2
34.546	2
34.826	2
35.426	2
36.166	2
36.509	2
37.775	2
37.978	2
38.169	2
40.522	2
40.669	2
40.864	2
43.614	2
46.525	2
46.899	2
53.029	2
56.886	2
57.394	2
58.167	2
58.278	2
58.308	2
76.403	2
96.231	2
19.962	1
19.964	1
19.983	1
19.987	1
20.003	1
20.014	1
20.016	1
20.022	1
20.028	1
20.038	1
20.04	1
20.04	1
20.116	1
20.12	1
20.133	1
20.135	1
20.157	1
20.157	1
20.17	1
20.189	1
20.193	1
20.207	1
20.208	1
20.227	1
20.256	1
20.257	1
20.267	1
20.268	1
20.273	1
20.278	1
20.301	1
20.31	1
20.315	1
20.358	1
20.376	1
20.417	1
20.606	1
20.719	1
20.752	1
21.835	1
22.63	1
24.364	1
27.687	1
28.0	1
30.791	1
31.033	1
31.241	1
31.625	1
32.411	1
32.511	1
32.735	1
33.537	1
34.317	1
34.546	1
34.826	1
35.426	1
36.166	1
36.509	1
37.775	1
37.978	1
38.169	1
40.522	1
40.669	1
40.864	1
43.614	1
46.525	1
46.899	1
53.029	1
56.886	1
57.394	1
58.167	1
58.278	1
58.308	1
76.403	1
96.231	1
20.003	1
20.014	1
20.016	1
20.022	1
20.028	1
20.038	1
20.04	1
20.04	1
20.116	1
20.12	1
20.133	1
20.135	1
20.157	1
20.157	1
20.17	1
20.189	1
20.193	2
20.207	2
20.208	2
20.227	2
20.256	2
20.257	2
20.267	2
20.268	2
20.273	2
20.278	2
20.301	2
20.31	2
20.315	2
20.358	2
20.376	2
20.417	2
20.606	2
20.719	3
20.752	4
21.835	3
22.63	3
24.364	2
27.687	2
28.0	2
30.791	2
31.033	2
31.241	2
31.625	2
32.411	2
32.511	2
32.735	2
33.537	2
34.317	2
34.546	2
34.826	2
35.426	2
36.166	2
36.509	2
37.775	2
37.978	2
38.169	2
40.522	2
40.669	2
40.864	2
43.614	2
46.525	2
46.899	2
53.029	2
56.886	2
57.394	2
58.167	2
58.278	2
58.308	2
76.403	2
96.231	2
19.836	1
19.85	1
19.962	1
19.964	1
19.983	1
19.987	1
20.003	1
20.014	2
20.016	2
20.022	2
20.028	2
20.038	2
20.04	2
20.04	2
20.116	2
20.12	2
20.133	2
20.135	2
20.157	2
20.157	2
20.17	2
20.189	2
20.193	2
20.207	2
20.208	2
20.227	2
20.256	2
20.257	2
20.267	2
20.268	2
20.273	2
20.278	2
20.301	2
20.31	2
20.315	2
20.358	2
20.376	2
20.417	2
20.606	2
20.719	2
20.752	2
21.835	2
22.63	2
24.364	2
27.687	2
28.0	2
30.791	2
31.033	2
31.241	2
31.625	2
32.411	2
32.511	2
32.735	2
33.537	2
34.317	2
34.546	2
34.826	2
35.426	2
36.166	2
36.509	2
37.775	2
37.978	2
38.169	2
40.522	2
40.669	2
40.864	2
43.614	2
46.525	2
46.899	2
53.029	2
56.886	2
57.394	2
58.167	2
58.278	2
58.308	2
76.403	2
96.231	2
19.964	1
19.983	1
19.987	1
20.003	1
20.014	1
20.016	1
20.022	1
20.028	1
20.038	1
20.04	1
20.04	1
20.116	2
20.12	2
20.133	2
20.135	2
20.157	2
20.157	2
20.17	2
20.189	2
20.193	2
20.207	2
20.208	2
20.227	2
20.256	2
20.257	2
20.267	2
20.268	2
20.273	2
20.278	2
20.301	2
20.31	2
20.315	2
20.358	2
20.376	2
20.417	2
20.606	2
20.719	2
20.752	2
21.835	2
22.63	2
24.364	2
27.687	2
28.0	2
30.791	2
31.033	2
31.241	2
31.625	2
32.411	2
32.511	2
32.735	2
33.537	2
34.317	2
34.546	2
34.826	2
35.426	2
36.166	2
36.509	2
37.775	2
37.978	2
38.169	2
40.522	2
40.669	2
40.864	2
43.614	2
46.525	2
46.899	2
53.029	2
56.886	2
57.394	2
58.167	2
58.278	2
58.308	2
76.403	2
96.231	2
19.983	1
19.987	1
20.003	1
20.014	1
20.016	1
20.022	1
20.028	1
20.038	1
20.04	1
20.04	1
20.116	1
20.12	1
20.133	1
20.135	1
20.157	1
20.157	1
20.17	1
20.189	1
20.193	1
20.207	1
20.208	1
20.227	1
20.256	2
20.257	2
20.267	2
20.268	2
20.273	2
20.278	2
20.301	2
20.31	2
20.315	2
20.358	2
20.376	2
20.417	2
20.606	2
20.719	2
20.752	2
21.835	2
22.63	2
24.364	2
27.687	2
28.0	2
30.791	2
31.033	2
31.241	2
31.625	2
32.411	2
32.511	2
32.735	2
33.537	2
34.317	2
34.546	2
34.826	2
35.426	2
36.166	2
36.509	2
37.775	2
37.978	2
38.169	2
40.522	2
40.669	2
40.864	2
43.614	2
46.525	2
46.899	2
53.029	2
56.886	2
57.394	2
58.167	2
58.278	2
58.308	2
76.403	2
96.231	2
20.003	1
20.014	1
20.016	1
20.022	2
20.028	2
20.038	3
20.04	3
20.04	3
20.116	3
20.12	3
20.133	3
20.135	3
20.157	3
20.157	3
20.17	3
20.189	3
20.193	3
20.207	4
20.208	4
20.227	4
20.256	4
20.257	4
20.267	5
20.268	5
20.273	5
20.278	5
20.301	5
20.31	5
20.315	5
20.358	5
20.376	5
20.417	5
20.606	5
20.719	5
20.752	5
21.835	5
22.63	5
24.364	5
27.687	5
28.0	5
30.791	5
31.033	5
31.241	5
31.625	5
32.411	5
32.511	5
32.735	5
33.537	5
34.317	5
34.546	4
34.826	4
35.426	4
36.166	4
36.509	3
37.775	3
37.978	3
38.169	3
40.522	3
40.669	3
40.864	3
43.614	3
46.525	3
46.899	2
53.029	2
56.886	2
57.394	2
58.167	2
58.278	2
58.308	2
76.403	2
96.231	2
19.964	1
19.983	1
19.987	1
20.003	1
20.014	2
20.016	2
20.022	2
20.028	2
20.038	2
20.04	2
20.04	2
20.116	2
20.12	2
20.133	2
20.135	2
20.157	2
20.157	2
20.17	2
20.189	2
20.193	2
20.207	2
20.208	2
20.227	2
20.256	2
20.257	2
20.267	2
20.268	2
20.273	2
20.278	2
20.301	2
20.31	2
20.315	2
20.358	2
20.376	2
20.417	2
20.606	2
20.719	2
20.752	2
21.835	2
22.63	2
24.364	2
27.687	2
28.0	2
30.791	2
31.033	2
31.241	2
31.625	2
32.411	2
32.511	2
32.735	2
33.537	2
34.317	2
34.546	2
34.826	2
35.426	2
36.166	2
36.509	2
37.775	2
37.978	2
38.169	2
40.522	2
40.669	2
40.864	2
43.614	2
46.525	2
46.899	2
53.029	2
56.886	2
57.394	2
58.167	2
58.278	2
58.308	2
76.403	2
96.231	2
19.962	1
19.964	1
19.983	1
19.987	1
20.003	1
20.014	1
20.016	1
20.022	1
20.028	1
20.038	1
20.04	1
20.04	1
20.116	1
20.12	1
20.133	1
20.135	2
20.157	2
20.157	2
20.17	2
20.189	2
20.193	2
20.207	2
20.208	2
20.227	2
20.256	2
20.257	2
20.267	2
20.268	2
20.273	2
20.278	2
20.301	2
20.31	2
20.315	2
20.358	2
20.376	2
20.417	2
20.606	2
20.719	2
20.752	2
21.835	2
22.63	2
24.364	2
27.687	2
28.0	2
30.791	2
31.033	2
31.241	2
31.625	2
32.411	2
32.511	2
32.735	2
33.537	2
34.317	2
34.546	2
34.826	2
35.426	2
36.166	2
36.509	2
37.775	2
37.978	2
38.169	2
40.522	2
40.669	2
40.864	2
43.614	2
46.525	2
46.899	2
53.029	2
56.886	2
57.394	2
58.167	2
58.278	2
58.308	2
76.403	2
96.231	2
19.836	1
19.85	1
19.962	1
19.964	1
19.983	1
19.987	1
20.003	1
20.014	1
20.016	1
20.022	1
20.028	1
20.038	1
20.04	1
20.04	1
20.116	2
20.12	2
20.133	2
20.135	2
20.157	2
20.157	3
20.17	3
20.189	4
20.193	4
20.207	4
20.208	4
20.227	4
20.256	4
20.257	4
20.267	4
20.268	4
20.273	4
20.278	4
20.301	4
20.31	4
20.315	4
20.358	4
20.376	4
20.417	4
20.606	4
20.719	4
20.752	4
21.835	4
22.63	4
24.364	4
27.687	4
28.0	4
30.791	4
31.033	4
31.241	4
31.625	4
32.411	4
32.511	4
32.735	4
33.537	4
34.317	4
34.546	4
34.826	4
35.426	4
36.166	4
36.509	4
37.775	3
37.978	3
38.169	3
40.522	2
40.669	2
40.864	2
43.614	2
46.525	2
46.899	2
53.029	2
56.886	2
57.394	2
58.167	2
58.278	2
58.308	2
76.403	2
96.231	2
19.983	1
19.987	1
20.003	1
20.014	1
20.016	1
20.022	1
20.028	1
20.038	1
20.04	1
20.04	1
20.116	1
20.12	1
20.133	1
20.135	1
20.157	1
20.157	1
20.17	1
20.189	1
20.193	1
20.207	1
20.208	1
20.227	1
20.256	2
20.257	2
20.267	2
20.268	2
20.273	2
20.278	2
20.301	2
20.31	2
20.315	2
20.358	2
20.376	2
20.417	2
20.606	2
20.719	2
20.752	2
21.835	2
22.63	2
24.364	2
27.687	2
28.0	2
30.791	2
31.033	2
31.241	2
31.625	2
32.411	2
32.511	2
32.735	2
33.537	2
34.317	2
34.546	2
34.826	2
35.426	2
36.166	2
36.509	2
37.775	2
37.978	2
38.169	2
40.522	2
40.669	2
40.864	2
43.614	2
46.525	2
46.899	2
53.029	2
56.886	2
57.394	2
58.167	2
58.278	2
58.308	2
76.403	2
96.231	2
19.964	1
19.983	1
19.987	1
20.003	1
20.014	1
20.016	1
20.022	1
20.028	2
20.038	2
20.04	2
20.04	2
20.116	2
20.12	2
20.133	2
20.135	2
20.157	2
20.157	2
20.17	2
20.189	2
20.193	2
20.207	2
20.208	2
20.227	2
20.256	2
20.257	2
20.267	2
20.268	2
20.273	2
20.278	2
20.301	2
20.31	2
20.315	2
20.358	2
20.376	2
20.417	2
20.606	2
20.719	2
20.752	2
21.835	2
22.63	2
24.364	2
27.687	2
28.0	2
30.791	2
31.033	2
31.241	2
31.625	2
32.411	2
32.511	2
32.735	2
33.537	2
34.317	2
34.546	2
34.826	2
35.426	2
36.166	2
36.509	2
37.775	2
37.978	2
38.169	2
40.522	2
40.669	2
40.864	2
43.614	2
46.525	2
46.899	2
53.029	2
56.886	2
57.394	2
58.167	2
58.278	2
58.308	2
76.403	2
96.231	2
19.983	1
19.987	1
20.003	1
20.014	1
20.016	1
20.022	1
20.028	1
20.038	1
20.04	1
20.04	1
20.116	1
20.12	1
20.133	1
20.135	1
20.157	1
20.157	1
20.17	1
20.189	1
20.193	1
20.207	1
20.208	1
20.227	1
20.256	1
20.257	1
20.267	1
20.268	1
20.273	1
20.278	1
20.301	1
20.31	1
20.315	1
20.358	1
20.376	1
20.417	1
20.606	1
20.719	1
20.752	1
21.835	1
22.63	1
24.364	1
27.687	1
28.0	1
30.791	1
31.033	1
31.241	1
31.625	1
32.411	1
32.511	1
32.735	1
33.537	1
34.317	1
34.546	1
34.826	1
35.426	1
36.166	1
36.509	1
37.775	1
37.978	1
38.169	1
40.522	1
40.669	1
40.864	1
43.614	1
46.525	1
46.899	1
53.029	1
56.886	1
57.394	1
58.167	1
58.278	1
58.308	1
76.403	1
96.231	1
19.962	1
19.964	1
19.983	1
19.987	2
20.003	2
20.014	3
20.016	3
20.022	3
20.028	3
20.038	3
20.04	3
20.04	3
20.116	3
20.12	3
20.133	3
20.135	3
20.157	3
20.157	3
20.17	3
20.189	3
20.193	3
20.207	3
20.208	3
20.227	3
20.256	3
20.257	3
20.267	3
20.268	3
20.273	3
20.278	3
20.301	3
20.31	3
20.315	3
20.358	3
20.376	3
20.417	3
20.606	3
20.719	3
20.752	3
21.835	3
22.63	3
24.364	3
27.687	3
28.0	3
30.791	3
31.033	3
31.241	3
31.625	3
32.411	3
32.511	3
32.735	3
33.537	3
34.317	3
34.546	3
34.826	3
35.426	3
36.166	3
36.509	3
37.775	3
37.978	3
38.169	3
40.522	3
40.669	3
40.864	3
43.614	3
46.525	3
46.899	3
53.029	3
56.886	3
57.394	3
58.167	3
58.278	3
58.308	3
76.403	3
96.231	3
19.983	1
19.987	2
20.003	2
20.014	2
20.016	2
20.022	2
20.028	2
20.038	2
20.04	2
20.04	2
20.116	2
20.12	2
20.133	2
20.135	3
20.157	3
20.157	3
20.17	3
20.189	3
20.193	3
20.207	3
20.208	3
20.227	3
20.256	3
20.257	3
20.267	3
20.268	3
20.273	3
20.278	3
20.301	3
20.31	3
20.315	3
20.358	3
20.376	3
20.417	3
20.606	3
20.719	3
20.752	3
21.835	3
22.63	3
24.364	3
27.687	3
28.0	3
30.791	3
31.033	3
31.241	3
31.625	3
32.411	3
32.511	3
32.735	3
33.537	3
34.317	3
34.546	3
34.826	3
35.426	3
36.166	3
36.509	3
37.775	3
37.978	3
38.169	3
40.522	3
40.669	3
40.864	3
43.614	3
46.525	3
46.899	3
53.029	3
56.886	3
57.394	3
58.167	3
58.278	3
58.308	3
76.403	3
96.231	3
19.987	1
20.003	1
20.014	1
20.016	1
20.022	1
20.028	2
20.038	2
20.04	2
20.04	2
20.116	2
20.12	2
20.133	2
20.135	3
20.157	3
20.157	3
20.17	3
20.189	3
20.193	3
20.207	3
20.208	3
20.227	3
20.256	3
20.257	3
20.267	3
20.268	3
20.273	3
20.278	3
20.301	3
20.31	3
20.315	3
20.358	3
20.376	3
20.417	3
20.606	3
20.719	3
20.752	3
21.835	3
22.63	3
24.364	3
27.687	3
28.0	3
30.791	3
31.033	3
31.241	3
31.625	3
32.411	3
32.511	3
32.735	3
33.537	3
34.317	3
34.546	3
34.826	3
35.426	3
36.166	3
36.509	3
37.775	3
37.978	3
38.169	3
40.522	3
40.669	3
40.864	3
43.614	3
46.525	3
46.899	3
53.029	3
56.886	3
57.394	3
58.167	3
58.278	3
58.308	3
76.403	3
96.231	3
19.85	1
19.962	1
19.964	2
19.983	2
19.987	3
20.003	3
20.014	3
20.016	4
20.022	4
20.028	4
20.038	4
20.04	4
20.04	4
20.116	4
20.12	4
20.133	4
20.135	4
20.157	4
20.157	4
20.17	4
20.189	4
20.193	4
20.207	4
20.208	4
20.227	4
20.256	5
20.257	5
20.267	5
20.268	5
20.273	5
20.278	5
20.301	5
20.31	5
20.315	5
20.358	5
20.376	5
20.417	5
20.606	5
20.719	5
20.752	5
21.835	5
22.63	4
24.364	4
27.687	4
28.0	4
30.791	4
31.033	4
31.241	4
31.625	4
32.411	4
32.511	4
32.735	4
33.537	4
34.317	3
34.546	3
34.826	3
35.426	3
36.166	3
36.509	3
37.775	3
37.978	3
38.169	2
40.522	2
40.669	2
40.864	2
43.614	2
46.525	2
46.899	2
53.029	2
56.886	2
57.394	2
58.167	2
58.278	2
58.308	2
76.403	2
96.231	2
19.836	1
19.85	1
19.962	1
19.964	1
19.983	2
19.987	2
20.003	2
20.014	2
20.016	2
20.022	3
20.028	4
20.038	4
20.04	4
20.04	4
20.116	4
20.12	4
20.133	4
20.135	5
20.157	5
20.157	5
20.17	5
20.189	5
20.193	5
20.207	5
20.208	5
20.227	5
20.256	5
20.257	5
20.267	5
20.268	5
20.273	6
20.278	6
20.301	6
20.31	6
20.315	6
20.358	6
20.376	6
20.417	6
20.606	6
20.719	6
20.752	6
21.835	6
22.63	6
24.364	6
27.687	6
28.0	5
30.791	5
31.033	4
31.241	4
31.625	4
32.411	3
32.511	2
32.735	2
33.537	2
34.317	2
34.546	2
34.826	2
35.426	2
36.166	2
36.509	2
37.775	2
37.978	2
38.169	2
40.522	2
40.669	2
40.864	2
43.614	2
46.525	2
46.899	2
53.029	2
56.886	2
57.394	2
58.167	2
58.278	2
58.308	2
76.403	2
96.231	2
20.014	1
20.016	1
20.022	2
20.028	2
20.038	2
20.04	2
20.04	2
20.116	2
20.12	2
20.133	2
20.135	2
20.157	2
20.157	2
20.17	2
20.189	2
20.193	2
20.207	2
20.208	2
20.227	2
20.256	2
20.257	2
20.267	2
20.268	2
20.273	2
20.278	2
20.301	2
20.31	2
20.315	2
20.358	2
20.376	2
20.417	2
20.606	2
20.719	2
20.752	2
21.835	2
22.63	2
24.364	2
27.687	2
28.0	2
30.791	2
31.033	2
31.241	2
31.625	2
32.411	2
32.511	2
32.735	2
33.537	2
34.317	2
34.546	2
34.826	2
35.426	2
36.166	2
36.509	2
37.775	2
37.978	2
38.169	2
40.522	2
40.669	2
40.864	2
43.614	2
46.525	2
46.899	2
53.029	2
56.886	2
57.394	2
58.167	2
58.278	2
58.308	2
76.403	2
96.231	2
19.964	1
19.983	1
19.987	2
20.003	2
20.014	2
20.016	2
20.022	2
20.028	2
20.038	2
20.04	2
20.04	2
20.116	2
20.12	2
20.133	2
20.135	2
20.157	2
20.157	2
20.17	2
20.189	2
20.193	2
20.207	2
20.208	2
20.227	2
20.256	2
20.257	2
20.267	2
20.268	2
20.273	2
20.278	2
20.301	2
20.31	2
20.315	2
20.358	2
20.376	2
20.417	2
20.606	2
20.719	2
20.752	2
21.835	2
22.63	2
24.364	2
27.687	2
28.0	2
30.791	2
31.033	2
31.241	2
31.625	2
32.411	2
32.511	2
32.735	2
33.537	2
34.317	2
34.546	2
34.826	2
35.426	2
36.166	2
36.509	2
37.775	2
37.978	2
38.169	2
40.522	2
40.669	2
40.864	2
43.614	2
46.525	2
46.899	2
53.029	2
56.886	2
57.394	2
58.167	2
58.278	2
58.308	2
76.403	2
96.231	2
19.836	1
19.85	1
19.962	1
19.964	1
19.983	1
19.987	1
20.003	1
20.014	1
20.016	1
20.022	1
20.028	1
20.038	1
20.04	1
20.04	1
20.116	1
20.12	1
20.133	1
20.135	1
20.157	1
20.157	1
20.17	1
20.189	1
20.193	1
20.207	1
20.208	1
20.227	1
20.256	1
20.257	1
20.267	1
20.268	1
20.273	1
20.278	1
20.301	1
20.31	1
20.315	1
20.358	1
20.376	1
20.417	1
20.606	1
20.719	1
20.752	1
21.835	1
22.63	1
24.364	1
27.687	1
28.0	1
30.791	1
31.033	1
31.241	1
31.625	1
32.411	1
32.511	1
32.735	1
33.537	1
34.317	1
34.546	1
34.826	1
35.426	1
36.166	1
36.509	1
37.775	1
37.978	1
38.169	1
40.522	1
40.669	1
40.864	1
43.614	1
46.525	1
46.899	1
53.029	1
56.886	1
57.394	1
58.167	1
58.278	1
58.308	1
76.403	1
96.231	1
19.836	1
19.85	1
19.962	1
19.964	1
19.983	1
19.987	1
20.003	1
20.014	1
20.016	1
20.022	2
20.028	2
20.038	2
20.04	2
20.04	2
20.116	2
20.12	2
20.133	2
20.135	2
20.157	2
20.157	2
20.17	2
20.189	2
20.193	2
20.207	2
20.208	2
20.227	2
20.256	2
20.257	2
20.267	2
20.268	2
20.273	2
20.278	2
20.301	2
20.31	2
20.315	2
20.358	2
20.376	2
20.417	2
20.606	2
20.719	2
20.752	2
21.835	2
22.63	2
24.364	2
27.687	2
28.0	2
30.791	2
31.033	2
31.241	2
31.625	2
32.411	2
32.511	2
32.735	2
33.537	2
34.317	2
34.546	2
34.826	2
35.426	2
36.166	2
36.509	2
37.775	2
37.978	2
38.169	2
40.522	2
40.669	2
40.864	2
43.614	2
46.525	2
46.899	2
53.029	2
56.886	2
57.394	2
58.167	2
58.278	2
58.308	2
76.403	2
96.231	2
19.983	1
19.987	1
20.003	1
20.014	1
20.016	1
20.022	1
20.028	1
20.038	1
20.04	2
20.04	2
20.116	2
20.12	2
20.133	2
20.135	2
20.157	2
20.157	2
20.17	3
20.189	3
20.193	3
20.207	3
20.208	3
20.227	4
20.256	4
20.257	4
20.267	4
20.268	4
20.273	4
20.278	4
20.301	4
20.31	4
20.315	4
20.358	4
20.376	4
20.417	4
20.606	5
20.719	5
20.752	5
21.835	5
22.63	5
24.364	5
27.687	5
28.0	5
30.791	5
31.033	5
31.241	5
31.625	5
32.411	5
32.511	5
32.735	5
33.537	5
34.317	5
34.546	5
34.826	5
35.426	5
36.166	5
36.509	5
37.775	5
37.978	4
38.169	4
40.522	4
40.669	4
40.864	3
43.614	3
46.525	3
46.899	3
53.029	3
56.886	2
57.394	1
58.167	2
58.278	3
58.308	4
76.403	3
96.231	2
19.836	1
19.85	1
19.962	1
19.964	1
19.983	1
19.987	1
20.003	2
20.014	2
20.016	2
20.022	2
20.028	2
20.038	2
20.04	2
20.04	2
20.116	2
20.12	2
20.133	2
20.135	2
20.157	2
20.157	2
20.17	2
20.189	2
20.193	2
20.207	2
20.208	2
20.227	2
20.256	2
20.257	2
20.267	2
20.268	2
20.273	2
20.278	2
20.301	2
20.31	2
20.315	2
20.358	2
20.376	2
20.417	2
20.606	2
20.719	2
20.752	2
21.835	2
22.63	2
24.364	2
27.687	2
28.0	2
30.791	2
31.033	2
31.241	2
31.625	2
32.411	2
32.511	2
32.735	2
33.537	2
34.317	2
34.546	2
34.826	2
35.426	2
36.166	2
36.509	2
37.775	2
37.978	2
38.169	2
40.522	2
40.669	2
40.864	2
43.614	2
46.525	2
46.899	2
53.029	2
56.886	2
57.394	2
58.167	2
58.278	2
58.308	2
76.403	2
96.231	2
19.987	1
20.003	1
20.014	1
20.016	1
20.022	2
20.028	2
20.038	2
20.04	2
20.04	2
20.116	2
20.12	2
20.133	2
20.135	2
20.157	2
20.157	2
20.17	2
20.189	2
20.193	2
20.207	2
20.208	2
20.227	2
20.256	3
20.257	3
20.267	3
20.268	3
20.273	3
20.278	3
20.301	3
20.31	3
20.315	3
20.358	3
20.376	3
20.417	3
20.606	3
20.719	3
20.752	3
21.835	3
22.63	3
24.364	3
27.687	3
28.0	3
30.791	3
31.033	3
31.241	3
31.625	3
32.411	3
32.511	3
32.735	3
33.537	3
34.317	3
34.546	3
34.826	3
35.426	3
36.166	3
36.509	3
37.775	3
37.978	3
38.169	3
40.522	3
40.669	3
40.864	3
43.614	3
46.525	3
46.899	3
53.029	3
56.886	3
57.394	3
58.167	3
58.278	3
58.308	3
76.403	3
96.231	3
20.256	1
20.257	1
20.267	1
20.268	1
20.273	1
20.278	1
20.301	1
20.31	1
20.315	1
20.358	1
20.376	1
20.417	1
20.606	1
20.719	1
20.752	1
21.835	1
22.63	1
24.364	1
27.687	1
28.0	1
30.791	1
31.033	1
31.241	1
31.625	1
32.411	1
32.511	1
32.735	1
33.537	1
34.317	1
34.546	1
34.826	1
35.426	1
36.166	1
36.509	1
37.775	1
37.978	1
38.169	1
40.522	1
40.669	1
40.864	1
43.614	1
46.525	1
46.899	1
53.029	1
56.886	1
57.394	1
58.167	1
58.278	1
58.308	1
76.403	1
96.231	1
20.028	1
20.038	1
20.04	1
20.04	1
20.116	1
20.12	1
20.133	1
20.135	1
20.157	1
20.157	1
20.17	1
20.189	1
20.193	1
20.207	1
20.208	1
20.227	1
20.256	1
20.257	1
20.267	1
20.268	1
20.273	1
20.278	1
20.301	1
20.31	1
20.315	1
20.358	1
20.376	1
20.417	1
20.606	1
20.719	1
20.752	1
21.835	1
22.63	1
24.364	1
27.687	1
28.0	1
30.791	1
31.033	1
31.241	1
31.625	1
32.411	1
32.511	1
32.735	1
33.537	1
34.317	1
34.546	1
34.826	1
35.426	1
36.166	1
36.509	1
37.775	1
37.978	1
38.169	1
40.522	1
40.669	1
40.864	1
43.614	1
46.525	1
46.899	1
53.029	1
56.886	1
57.394	1
58.167	1
58.278	1
58.308	1
76.403	1
96.231	1
20.135	1
20.157	1
20.157	1
20.17	1
20.189	1
20.193	1
20.207	1
20.208	1
20.227	1
20.256	1
20.257	1
20.267	1
20.268	1
20.273	1
20.278	1
20.301	1
20.31	1
20.315	1
20.358	1
20.376	1
20.417	1
20.606	1
20.719	1
20.752	1
21.835	1
22.63	1
24.364	1
27.687	1
28.0	1
30.791	1
31.033	1
31.241	1
31.625	1
32.411	1
32.511	1
32.735	1
33.537	1
34.317	1
34.546	1
34.826	1
35.426	1
36.166	1
36.509	1
37.775	1
37.978	1
38.169	1
40.522	1
40.669	1
40.864	1
43.614	1
46.525	1
46.899	1
53.029	1
56.886	1
57.394	1
58.167	1
58.278	1
58.308	1
76.403	1
96.231	1
19.987	1
20.003	1
20.014	1
20.016	1
20.022	1
20.028	1
20.038	1
20.04	1
20.04	1
20.116	1
20.12	1
20.133	1
20.135	1
20.157	1
20.157	1
20.17	1
20.189	1
20.193	1
20.207	1
20.208	1
20.227	1
20.256	1
20.257	1
20.267	1
20.268	1
20.273	1
20.278	1
20.301	1
20.31	1
20.315	1
20.358	1
20.376	1
20.417	1
20.606	1
20.719	1
20.752	1
21.835	1
22.63	1
24.364	1
27.687	1
28.0	1
30.791	1
31.033	1
31.241	1
31.625	1
32.411	1
32.511	1
32.735	1
33.537	1
34.317	1
34.546	1
34.826	1
35.426	1
36.166	1
36.509	1
37.775	1
37.978	1
38.169	1
40.522	1
40.669	1
40.864	1
43.614	1
46.525	1
46.899	1
53.029	1
56.886	1
57.394	1
58.167	1
58.278	1
58.308	1
76.403	1
96.231	1
19.962	1
19.964	1
19.983	1
19.987	1
20.003	1
20.014	1
20.016	1
20.022	1
20.028	1
20.038	1
20.04	1
20.04	1
20.116	1
20.12	1
20.133	1
20.135	1
20.157	1
20.157	1
20.17	1
20.189	1
20.193	1
20.207	1
20.208	1
20.227	1
20.256	1
20.257	1
20.267	1
20.268	1
20.273	1
20.278	1
20.301	1
20.31	1
20.315	1
20.358	1
20.376	1
20.417	1
20.606	1
20.719	1
20.752	1
21.835	1
22.63	1
24.364	1
27.687	1
28.0	1
30.791	1
31.033	1
31.241	1
31.625	1
32.411	1
32.511	1
32.735	1
33.537	1
34.317	1
34.546	1
34.826	1
35.426	1
36.166	1
36.509	1
37.775	1
37.978	1
38.169	1
40.522	1
40.669	1
40.864	1
43.614	1
46.525	1
46.899	1
53.029	1
56.886	1
57.394	1
58.167	1
58.278	1
58.308	1
76.403	1
96.231	1
19.962	1
19.964	1
19.983	1
19.987	1
20.003	1
20.014	1
20.016	1
20.022	1
20.028	1
20.038	1
20.04	1
20.04	1
20.116	1
20.12	1
20.133	1
20.135	1
20.157	1
20.157	1
20.17	1
20.189	1
20.193	1
20.207	1
20.208	1
20.227	1
20.256	1
20.257	1
20.267	1
20.268	1
20.273	1
20.278	1
20.301	1
20.31	1
20.315	1
20.358	1
20.376	1
20.417	1
20.606	1
20.719	1
20.752	1
21.835	1
22.63	1
24.364	1
27.687	1
28.0	1
30.791	1
31.033	1
31.241	1
31.625	1
32.411	1
32.511	1
32.735	1
33.537	1
34.317	1
34.546	1
34.826	1
35.426	1
36.166	1
36.509	1
37.775	1
37.978	1
38.169	1
40.522	1
40.669	1
40.864	1
43.614	1
46.525	1
46.899	1
53.029	1
56.886	1
57.394	1
58.167	1
58.278	1
58.308	1
76.403	1
96.231	1
20.003	1
20.014	1
20.016	1
20.022	1
20.028	1
20.038	1
20.04	1
20.04	1
20.116	2
20.12	2
20.133	2
20.135	2
20.157	2
20.157	2
20.17	2
20.189	2
20.193	2
20.207	2
20.208	2
20.227	2
20.256	2
20.257	2
20.267	2
20.268	2
20.273	2
20.278	2
20.301	2
20.31	2
20.315	2
20.358	2
20.376	2
20.417	2
20.606	2
20.719	2
20.752	2
21.835	2
22.63	2
24.364	2
27.687	2
28.0	2
30.791	2
31.033	2
31.241	2
31.625	2
32.411	2
32.511	2
32.735	2
33.537	2
34.317	2
34.546	2
34.826	2
35.426	2
36.166	2
36.509	2
37.775	2
37.978	2
38.169	2
40.522	2
40.669	2
40.864	2
43.614	2
46.525	2
46.899	2
53.029	2
56.886	2
57.394	2
58.167	2
58.278	2
58.308	2
76.403	2
96.231	2
19.983	1
19.987	1
20.003	2
20.014	2
20.016	2
20.022	2
20.028	2
20.038	2
20.04	2
20.04	2
20.116	2
20.12	2
20.133	2
20.135	2
20.157	2
20.157	2
20.17	2
20.189	2
20.193	2
20.207	2
20.208	2
20.227	2
20.256	3
20.257	3
20.267	3
20.268	3
20.273	3
20.278	3
20.301	3
20.31	3
20.315	3
20.358	3
20.376	3
20.417	3
20.606	3
20.719	3
20.752	3
21.835	3
22.63	3
24.364	3
27.687	3
28.0	3
30.791	3
31.033	3
31.241	3
31.625	3
32.411	3
32.511	3
32.735	3
33.537	3
34.317	3
34.546	3
34.826	3
35.426	3
36.166	3
36.509	3
37.775	3
37.978	3
38.169	3
40.522	3
40.669	3
40.864	3
43.614	3
46.525	3
46.899	3
53.029	3
56.886	3
57.394	3
58.167	3
58.278	3
58.308	3
76.403	3
96.231	3
20.028	1
20.038	1
20.04	1
20.04	1
20.116	1
20.12	1
20.133	1
20.135	2
20.157	2
20.157	2
20.17	2
20.189	2
20.193	2
20.207	2
20.208	2
20.227	2
20.256	2
20.257	2
20.267	2
20.268	2
20.273	2
20.278	2
20.301	2
20.31	2
20.315	2
20.358	2
20.376	2
20.417	2
20.606	2
20.719	2
20.752	2
21.835	2
22.63	2
24.364	2
27.687	2
28.0	2
30.791	2
31.033	2
31.241	2
31.625	2
32.411	2
32.511	2
32.735	2
33.537	2
34.317	2
34.546	2
34.826	2
35.426	2
36.166	2
36.509	2
37.775	2
37.978	2
38.169	2
40.522	2
40.669	2
40.864	2
43.614	2
46.525	2
46.899	2
53.029	2
56.886	2
57.394	2
58.167	2
58.278	2
58.308	2
76.403	2
96.231	2
19.964	1
19.983	1
19.987	1
20.003	2
20.014	2
20.016	2
20.022	2
20.028	2
20.038	2
20.04	2
20.04	2
20.116	2
20.12	2
20.133	2
20.135	2
20.157	2
20.157	2
20.17	2
20.189	2
20.193	2
20.207	2
20.208	2
20.227	2
20.256	2
20.257	2
20.267	2
20.268	2
20.273	2
20.278	2
20.301	2
20.31	2
20.315	2
20.358	2
20.376	2
20.417	2
20.606	2
20.719	2
20.752	2
21.835	2
22.63	2
24.364	2
27.687	2
28.0	2
30.791	2
31.033	2
31.241	2
31.625	2
32.411	2
32.511	2
32.735	2
33.537	2
34.317	2
34.546	2
34.826	2
35.426	2
36.166	2
36.509	2
37.775	2
37.978	2
38.169	2
40.522	2
40.669	2
40.864	2
43.614	2
46.525	2
46.899	2
53.029	2
56.886	2
57.394	2
58.167	2
58.278	2
58.308	2
76.403	2
96.231	2
20.135	1
20.157	1
20.157	1
20.17	1
20.189	1
20.193	1
20.207	1
20.208	1
20.227	1
20.256	1
20.257	1
20.267	1
20.268	1
20.273	1
20.278	1
20.301	1
20.31	1
20.315	1
20.358	1
20.376	1
20.417	1
20.606	1
20.719	1
20.752	1
21.835	1
22.63	1
24.364	1
27.687	1
28.0	1
30.791	1
31.033	1
31.241	1
31.625	1
32.411	1
32.511	1
32.735	1
33.537	1
34.317	1
34.546	1
34.826	1
35.426	1
36.166	1
36.509	1
37.775	1
37.978	1
38.169	1
40.522	1
40.669	1
40.864	1
43.614	1
46.525	1
46.899	1
53.029	1
56.886	1
57.394	1
58.167	1
58.278	1
58.308	1
76.403	1
96.231	1
20.003	1
20.014	1
20.016	1
20.022	2
20.028	2
20.038	2
20.04	2
20.04	2
20.116	2
20.12	2
20.133	2
20.135	2
20.157	2
20.157	2
20.17	2
20.189	2
20.193	2
20.207	2
20.208	2
20.227	2
20.256	2
20.257	2
20.267	2
20.268	2
20.273	2
20.278	2
20.301	2
20.31	2
20.315	2
20.358	2
20.376	2
20.417	2
20.606	2
20.719	2
20.752	2
21.835	2
22.63	2
24.364	2
27.687	2
28.0	2
30.791	2
31.033	2
31.241	2
31.625	2
32.411	2
32.511	2
32.735	2
33.537	2
34.317	2
34.546	2
34.826	2
35.426	2
36.166	2
36.509	2
37.775	2
37.978	2
38.169	2
40.522	2
40.669	2
40.864	2
43.614	2
46.525	2
46.899	2
53.029	2
56.886	2
57.394	2
58.167	2
58.278	2
58.308	2
76.403	2
96.231	2
19.987	1
20.003	1
20.014	1
20.016	1
20.022	1
20.028	1
20.038	1
20.04	1
20.04	1
20.116	1
20.12	1
20.133	1
20.135	1
20.157	1
20.157	1
20.17	1
20.189	1
20.193	1
20.207	1
20.208	1
20.227	1
20.256	1
20.257	1
20.267	1
20.268	1
20.273	1
20.278	1
20.301	1
20.31	1
20.315	1
20.358	1
20.376	1
20.417	1
20.606	1
20.719	1
20.752	1
21.835	1
22.63	1
24.364	1
27.687	1
28.0	1
30.791	1
31.033	1
31.241	1
31.625	1
32.411	1
32.511	1
32.735	1
33.537	1
34.317	1
34.546	1
34.826	1
35.426	1
36.166	1
36.509	1
37.775	1
37.978	1
38.169	1
40.522	1
40.669	1
40.864	1
43.614	1
46.525	1
46.899	1
53.029	1
56.886	1
57.394	1
58.167	1
58.278	1
58.308	1
76.403	1
96.231	1
20.028	1
20.038	1
20.04	1
20.04	1
20.116	2
20.12	2
20.133	2
20.135	3
20.157	3
20.157	3
20.17	3
20.189	3
20.193	3
20.207	3
20.208	3
20.227	3
20.256	3
20.257	3
20.267	3
20.268	3
20.273	3
20.278	3
20.301	3
20.31	3
20.315	3
20.358	3
20.376	3
20.417	3
20.606	3
20.719	3
20.752	3
21.835	3
22.63	3
24.364	3
27.687	3
28.0	3
30.791	3
31.033	3
31.241	3
31.625	3
32.411	3
32.511	3
32.735	3
33.537	3
34.317	3
34.546	3
34.826	3
35.426	3
36.166	3
36.509	3
37.775	3
37.978	3
38.169	3
40.522	3
40.669	3
40.864	3
43.614	3
46.525	3
46.899	3
53.029	3
56.886	3
57.394	3
58.167	3
58.278	3
58.308	3
76.403	3
96.231	3
19.836	1
19.85	1
19.962	2
19.964	2
19.983	2
19.987	2
20.003	2
20.014	2
20.016	2
20.022	2
20.028	2
20.038	2
20.04	2
20.04	2
20.116	2
20.12	2
20.133	2
20.135	2
20.157	2
20.157	2
20.17	2
20.189	2
20.193	2
20.207	2
20.208	2
20.227	2
20.256	2
20.257	2
20.267	2
20.268	2
20.273	2
20.278	2
20.301	2
20.31	2
20.315	2
20.358	2
20.376	2
20.417	2
20.606	2
20.719	2
20.752	2
21.835	2
22.63	2
24.364	2
27.687	2
28.0	2
30.791	2
31.033	2
31.241	2
31.625	2
32.411	2
32.511	2
32.735	2
33.537	2
34.317	2
34.546	2
34.826	2
35.426	2
36.166	2
36.509	2
37.775	2
37.978	2
38.169	2
40.522	2
40.669	2
40.864	2
43.614	2
46.525	2
46.899	2
53.029	2
56.886	2
57.394	2
58.167	2
58.278	2
58.308	2
76.403	2
96.231	2
19.983	1
19.987	1
20.003	1
20.014	1
20.016	1
20.022	1
20.028	1
20.038	1
20.04	1
20.04	1
20.116	1
20.12	1
20.133	1
20.135	1
20.157	1
20.157	1
20.17	1
20.189	1
20.193	1
20.207	1
20.208	1
20.227	1
20.256	2
20.257	2
20.267	2
20.268	2
20.273	2
20.278	2
20.301	2
20.31	2
20.315	2
20.358	2
20.376	2
20.417	2
20.606	2
20.719	2
20.752	2
21.835	2
22.63	2
24.364	2
27.687	2
28.0	2
30.791	2
31.033	2
31.241	2
31.625	2
32.411	2
32.511	2
32.735	2
33.537	2
34.317	2
34.546	2
34.826	2
35.426	2
36.166	2
36.509	2
37.775	2
37.978	2
38.169	2
40.522	2
40.669	2
40.864	2
43.614	2
46.525	2
46.899	2
53.029	2
56.886	2
57.394	2
58.167	2
58.278	2
58.308	2
76.403	2
96.231	2
20.014	1
20.016	1
20.022	1
20.028	1
20.038	1
20.04	1
20.04	1
20.116	1
20.12	1
20.133	1
20.135	1
20.157	1
20.157	1
20.17	1
20.189	1
20.193	1
20.207	1
20.208	1
20.227	1
20.256	1
20.257	1
20.267	1
20.268	1
20.273	1
20.278	1
20.301	1
20.31	1
20.315	1
20.358	1
20.376	1
20.417	1
20.606	1
20.719	1
20.752	1
21.835	1
22.63	1
24.364	1
27.687	1
28.0	1
30.791	1
31.033	1
31.241	1
31.625	1
32.411	1
32.511	1
32.735	1
33.537	1
34.317	1
34.546	1
34.826	1
35.426	1
36.166	1
36.509	1
37.775	1
37.978	1
38.169	1
40.522	1
40.669	1
40.864	1
43.614	1
46.525	1
46.899	1
53.029	1
56.886	1
57.394	1
58.167	1
58.278	1
58.308	1
76.403	1
96.231	1
19.964	1
19.983	2
19.987	2
20.003	2
20.014	2
20.016	2
20.022	3
20.028	3
20.038	3
20.04	3
20.04	3
20.116	3
20.12	3
20.133	3
20.135	3
20.157	3
20.157	3
20.17	3
20.189	3
20.193	3
20.207	3
20.208	3
20.227	3
20.256	3
20.257	3
20.267	3
20.268	3
20.273	3
20.278	3
20.301	4
20.31	4
20.315	4
20.358	5
20.376	5
20.417	5
20.606	5
20.719	5
20.752	5
21.835	5
22.63	5
24.364	5
27.687	5
28.0	5
30.791	5
31.033	5
31.241	5
31.625	4
32.411	4
32.511	4
32.735	4
33.537	4
34.317	4
34.546	4
34.826	3
35.426	2
36.166	2
36.509	2
37.775	2
37.978	2
38.169	2
40.522	2
40.669	2
40.864	2
43.614	2
46.525	2
46.899	2
53.029	2
56.886	2
57.394	2
58.167	2
58.278	2
58.308	2
76.403	2
96.231	2
19.836	1
19.85	1
19.962	1
19.964	2
19.983	2
19.987	2
20.003	2
20.014	2
20.016	2
20.022	2
20.028	2
20.038	2
20.04	2
20.04	2
20.116	2
20.12	2
20.133	2
20.135	2
20.157	2
20.157	2
20.17	2
20.189	2
20.193	2
20.207	2
20.208	2
20.227	2
20.256	2
20.257	2
20.267	2
20.268	2
20.273	2
20.278	2
20.301	2
20.31	2
20.315	2
20.358	2
20.376	2
20.417	2
20.606	2
20.719	2
20.752	2
21.835	2
22.63	2
24.364	2
27.687	2
28.0	2
30.791	2
31.033	2
31.241	2
31.625	2
32.411	2
32.511	2
32.735	2
33.537	2
34.317	2
34.546	2
34.826	2
35.426	2
36.166	2
36.509	2
37.775	2
37.978	2
38.169	2
40.522	2
40.669	2
40.864	2
43.614	2
46.525	2
46.899	2
53.029	2
56.886	2
57.394	2
58.167	2
58.278	2
58.308	2
76.403	2
96.231	2
20.014	1
20.016	1
20.022	1
20.028	2
20.038	2
20.04	2
20.04	2
20.116	2
20.12	2
20.133	2
20.135	2
20.157	2
20.157	2
20.17	2
20.189	2
20.193	2
20.207	2
20.208	2
20.227	2
20.256	3
20.257	3
20.267	3
20.268	3
20.273	3
20.278	3
20.301	3
20.31	3
20.315	3
20.358	3
20.376	3
20.417	3
20.606	3
20.719	3
20.752	3
21.835	3
22.63	3
24.364	3
27.687	3
28.0	3
30.791	3
31.033	3
31.241	3
31.625	3
32.411	3
32.511	3
32.735	3
33.537	3
34.317	3
34.546	3
34.826	3
35.426	3
36.166	3
36.509	3
37.775	3
37.978	3
38.169	3
40.522	3
40.669	3
40.864	3
43.614	3
46.525	3
46.899	3
53.029	3
56.886	3
57.394	3
58.167	3
58.278	3
58.308	3
76.403	3
96.231	3
19.983	1
19.987	1
20.003	1
20.014	1
20.016	1
20.022	1
20.028	2
20.038	2
20.04	2
20.04	2
20.116	2
20.12	2
20.133	2
20.135	3
20.157	3
20.157	3
20.17	3
20.189	3
20.193	3
20.207	3
20.208	3
20.227	3
20.256	3
20.257	3
20.267	3
20.268	3
20.273	3
20.278	3
20.301	3
20.31	3
20.315	3
20.358	3
20.376	3
20.417	3
20.606	3
20.719	3
20.752	3
21.835	3
22.63	3
24.364	3
27.687	3
28.0	3
30.791	3
31.033	3
31.241	3
31.625	3
32.411	3
32.511	3
32.735	3
33.537	3
34.317	3
34.546	3
34.826	3
35.426	3
36.166	3
36.509	3
37.775	3
37.978	3
38.169	3
40.522	3
40.669	3
40.864	3
43.614	3
46.525	3
46.899	3
53.029	3
56.886	3
57.394	3
58.167	3
58.278	3
58.308	3
76.403	3
96.231	3
19.983	1
19.987	1
20.003	1
20.014	1
20.016	1
20.022	1
20.028	2
20.038	2
20.04	2
20.04	2
20.116	2
20.12	2
20.133	2
20.135	3
20.157	3
20.157	3
20.17	3
20.189	3
20.193	3
20.207	3
20.208	3
20.227	3
20.256	3
20.257	3
20.267	3
20.268	3
20.273	3
20.278	3
20.301	3
20.31	3
20.315	3
20.358	3
20.376	3
20.417	3
20.606	3
20.719	3
20.752	3
21.835	3
22.63	3
24.364	3
27.687	3
28.0	3
30.791	3
31.033	3
31.241	3
31.625	3
32.411	3
32.511	3
32.735	3
33.537	3
34.317	3
34.546	3
34.826	3
35.426	3
36.166	3
36.509	3
37.775	3
37.978	3
38.169	3
40.522	3
40.669	3
40.864	3
43.614	3
46.525	3
46.899	3
53.029	3
56.886	3
57.394	3
58.167	3
58.278	3
58.308	3
76.403	3
96.231	3
19.964	1
19.983	1
19.987	1
20.003	1
20.014	2
20.016	2
20.022	2
20.028	2
20.038	2
20.04	2
20.04	2
20.116	2
20.12	2
20.133	2
20.135	2
20.157	2
20.157	2
20.17	2
20.189	2
20.193	2
20.207	2
20.208	2
20.227	2
20.256	2
20.257	2
20.267	2
20.268	2
20.273	2
20.278	2
20.301	2
20.31	2
20.315	2
20.358	2
20.376	2
20.417	2
20.606	2
20.719	2
20.752	2
21.835	2
22.63	2
24.364	2
27.687	2
28.0	2
30.791	2
31.033	2
31.241	2
31.625	2
32.411	2
32.511	2
32.735	2
33.537	2
34.317	2
34.546	2
34.826	2
35.426	2
36.166	2
36.509	2
37.775	2
37.978	2
38.169	2
40.522	2
40.669	2
40.864	2
43.614	2
46.525	2
46.899	2
53.029	2
56.886	2
57.394	2
58.167	2
58.278	2
58.308	2
76.403	2
96.231	2
19.962	1
19.964	1
19.983	1
19.987	1
20.003	1
20.014	1
20.016	1
20.022	1
20.028	1
20.038	1
20.04	1
20.04	1
20.116	1
20.12	1
20.133	1
20.135	1
20.157	1
20.157	1
20.17	1
20.189	1
20.193	1
20.207	1
20.208	1
20.227	1
20.256	1
20.257	1
20.267	1
20.268	1
20.273	1
20.278	1
20.301	1
20.31	1
20.315	1
20.358	1
20.376	1
20.417	1
20.606	1
20.719	1
20.752	1
21.835	1
22.63	1
24.364	1
27.687	1
28.0	1
30.791	1
31.033	1
31.241	1
31.625	1
32.411	1
32.511	1
32.735	1
33.537	1
34.317	1
34.546	1
34.826	1
35.426	1
36.166	1
36.509	1
37.775	1
37.978	1
38.169	1
40.522	1
40.669	1
40.864	1
43.614	1
46.525	1
46.899	1
53.029	1
56.886	1
57.394	1
58.167	1
58.278	1
58.308	1
76.403	1
96.231	1
20.116	1
20.12	1
20.133	1
20.135	2
20.157	2
20.157	2
20.17	2
20.189	2
20.193	2
20.207	2
20.208	2
20.227	2
20.256	2
20.257	2
20.267	2
20.268	2
20.273	2
20.278	2
20.301	2
20.31	2
20.315	2
20.358	2
20.376	2
20.417	2
20.606	2
20.719	2
20.752	2
21.835	2
22.63	2
24.364	2
27.687	2
28.0	2
30.791	2
31.033	2
31.241	2
31.625	2
32.411	2
32.511	2
32.735	2
33.537	2
34.317	2
34.546	2
34.826	2
35.426	2
36.166	2
36.509	2
37.775	2
37.978	2
38.169	2
40.522	2
40.669	2
40.864	2
43.614	2
46.525	2
46.899	2
53.029	2
56.886	2
57.394	2
58.167	2
58.278	2
58.308	2
76.403	2
96.231	2
20.003	1
20.014	1
20.016	1
20.022	1
20.028	1
20.038	1
20.04	1
20.04	2
20.116	2
20.12	2
20.133	2
20.135	2
20.157	2
20.157	2
20.17	2
20.189	2
20.193	2
20.207	2
20.208	2
20.227	2
20.256	2
20.257	2
20.267	2
20.268	3
20.273	3
20.278	3
20.301	3
20.31	3
20.315	3
20.358	3
20.376	4
20.417	5
20.606	5
20.719	5
20.752	5
21.835	5
22.63	5
24.364	5
27.687	4
28.0	4
30.791	4
31.033	4
31.241	3
31.625	3
32.411	3
32.511	3
32.735	2
33.537	2
34.317	2
34.546	2
34.826	2
35.426	2
36.166	2
36.509	2
37.775	2
37.978	2
38.169	2
40.522	2
40.669	2
40.864	2
43.614	2
46.525	2
46.899	2
53.029	2
56.886	2
57.394	2
58.167	2
58.278	2
58.308	2
76.403	2
96.231	2
20.028	1
20.038	1
20.04	1
20.04	1
20.116	1
20.12	1
20.133	1
20.135	2
20.157	2
20.157	2
20.17	2
20.189	2
20.193	2
20.207	2
20.208	2
20.227	2
20.256	2
20.257	2
20.267	2
20.268	2
20.273	2
20.278	2
20.301	2
20.31	2
20.315	2
20.358	2
20.376	2
20.417	2
20.606	2
20.719	2
20.752	2
21.835	2
22.63	2
24.364	2
27.687	2
28.0	2
30.791	2
31.033	2
31.241	2
31.625	2
32.411	2
32.511	2
32.735	2
33.537	2
34.317	2
34.546	2
34.826	2
35.426	2
36.166	2
36.509	2
37.775	2
37.978	2
38.169	2
40.522	2
40.669	2
40.864	2
43.614	2
46.525	2
46.899	2
53.029	2
56.886	2
57.394	2
58.167	2
58.278	2
58.308	2
76.403	2
96.231	2
19.987	1
20.003	1
20.014	1
20.016	1
20.022	1
20.028	1
20.038	1
20.04	1
20.04	1
20.116	1
20.12	1
20.133	1
20.135	1
20.157	1
20.157	1
20.17	1
20.189	1
20.193	1
20.207	1
20.208	1
20.227	1
20.256	1
20.257	1
20.267	1
20.268	1
20.273	1
20.278	1
20.301	1
20.31	1
20.315	1
20.358	1
20.376	1
20.417	1
20.606	1
20.719	1
20.752	1
21.835	1
22.63	1
24.364	1
27.687	1
28.0	1
30.791	1
31.033	1
31.241	1
31.625	1
32.411	1
32.511	1
32.735	1
33.537	1
34.317	1
34.546	1
34.826	1
35.426	1
36.166	1
36.509	1
37.775	1
37.978	1
38.169	1
40.522	1
40.669	1
40.864	1
43.614	1
46.525	1
46.899	1
53.029	1
56.886	1
57.394	1
58.167	1
58.278	1
58.308	1
76.403	1
96.231	1
20.014	1
20.016	1
20.022	1
20.028	2
20.038	2
20.04	2
20.04	2
20.116	2
20.12	2
20.133	3
20.135	3
20.157	3
20.157	3
20.17	3
20.189	3
20.193	3
20.207	3
20.208	3
20.227	3
20.256	3
20.257	3
20.267	3
20.268	3
20.273	3
20.278	3
20.301	3
20.31	4
20.315	4
20.358	4
20.376	4
20.417	4
20.606	4
20.719	4
20.752	4
21.835	4
22.63	4
24.364	4
27.687	4
28.0	4
30.791	4
31.033	4
31.241	4
31.625	4
32.411	4
32.511	4
32.735	4
33.537	4
34.317	4
34.546	4
34.826	4
35.426	4
36.166	3
36.509	3
37.775	3
37.978	3
38.169	3
40.522	3
40.669	2
40.864	2
43.614	2
46.525	2
46.899	2
53.029	2
56.886	2
57.394	2
58.167	2
58.278	2
58.308	2
76.403	2
96.231	2
19.371	1
19.376	1
19.421	1
19.431	1
19.457	1
19.47	1
19.53	2
19.58	2
19.598	2
19.655	2
19.677	2
19.681	2
19.699	2
19.743	2
19.772	2
19.821	2
19.846	2
19.852	2
19.864	2
19.894	2
19.963	2
19.988	2
20.065	2
20.108	2
20.179	2
20.292	2
20.309	2
20.538	2
20.615	2
22.485	2
22.522	2
22.604	2
23.642	2
23.788	2
23.905	2
24.661	2
26.857	2
26.879	2
30.407	2
31.813	2
31.882	2
32.76	2
35.989	2
36.636	2
41.52	2
46.274	2
47.824	2
19.219	1
19.29	2
19.32	2
19.335	2
19.371	3
19.376	3
19.421	3
19.431	3
19.457	3
19.47	3
19.53	3
19.58	3
19.598	3
19.655	3
19.677	4
19.681	4
19.699	4
19.743	4
19.772	4
19.821	4
19.846	4
19.852	4
19.864	4
19.894	4
19.963	4
19.988	4
20.065	4
20.108	4
20.179	4
20.292	4
20.309	4
20.538	4
20.615	4
22.485	4
22.522	4
22.604	4
23.642	4
23.788	4
23.905	3
24.661	3
26.857	3
26.879	3
30.407	3
31.813	3
31.882	3
32.76	3
35.989	3
36.636	3
41.52	3
46.274	3
47.824	3
19.53	1
19.58	1
19.598	1
19.655	1
19.677	2
19.681	2
19.699	2
19.743	3
19.772	3
19.821	3
19.846	3
19.852	3
19.864	3
19.894	3
19.963	3
19.988	3
20.065	3
20.108	3
20.179	3
20.292	3
20.309	3
20.538	3
20.615	3
22.485	3
22.522	3
22.604	3
23.642	3
23.788	3
23.905	3
24.661	3
26.857	3
26.879	3
30.407	3
31.813	3
31.882	3
32.76	3
35.989	3
36.636	3
41.52	3
46.274	3
47.824	3
19.421	1
19.431	1
19.457	1
19.47	1
19.53	1
19.58	1
19.598	1
19.655	1
19.677	2
19.681	2
19.699	2
19.743	3
19.772	3
19.821	3
19.846	3
19.852	3
19.864	3
19.894	3
19.963	3
19.988	3
20.065	3
20.108	3
20.179	4
20.292	4
20.309	4
20.538	4
20.615	4
22.485	4
22.522	4
22.604	4
23.642	4
23.788	4
23.905	4
24.661	4
26.857	3
26.879	3
30.407	3
31.813	3
31.882	3
32.76	3
35.989	3
36.636	3
41.52	3
46.274	3
47.824	2
19.29	1
19.32	1
19.335	1
19.371	1
19.376	1
19.421	1
19.431	1
19.457	1
19.47	1
19.53	1
19.58	1
19.598	1
19.655	1
19.677	2
19.681	2
19.699	2
19.743	2
19.772	2
19.821	2
19.846	2
19.852	2
19.864	2
19.894	2
19.963	2
19.988	2
20.065	2
20.108	2
20.179	2
20.292	2
20.309	2
20.538	2
20.615	2
22.485	2
22.522	2
22.604	2
23.642	2
23.788	2
23.905	2
24.661	2
26.857	2
26.879	2
30.407	2
31.813	2
31.882	2
32.76	2
35.989	2
36.636	2
41.52	2
46.274	2
47.824	2
19.32	1
19.335	1
19.371	1
19.376	1
19.421	1
19.431	1
19.457	2
19.47	2
19.53	2
19.58	2
19.598	2
19.655	2
19.677	2
19.681	2
19.699	2
19.743	2
19.772	2
19.821	2
19.846	2
19.852	2
19.864	2
19.894	2
19.963	2
19.988	2
20.065	2
20.108	2
20.179	3
20.292	3
20.309	3
20.538	3
20.615	3
22.485	3
22.522	3
22.604	3
23.642	3
23.788	3
23.905	3
24.661	3
26.857	3
26.879	3
30.407	3
31.813	3
31.882	3
32.76	3
35.989	3
36.636	3
41.52	3
46.274	3
47.824	3
19.29	1
19.32	1
19.335	1
19.371	1
19.376	1
19.421	1
19.431	2
19.457	2
19.47	2
19.53	2
19.58	2
19.598	2
19.655	2
19.677	2
19.681	2
19.699	2
19.743	2
19.772	2
19.821	2
19.846	2
19.852	2
19.864	2
19.894	2
19.963	2
19.988	2
20.065	2
20.108	2
20.179	2
20.292	2
20.309	2
20.538	2
20.615	2
22.485	2
22.522	2
22.604	2
23.642	2
23.788	2
23.905	2
24.661	2
26.857	2
26.879	2
30.407	2
31.813	2
31.882	2
32.76	2
35.989	2
36.636	2
41.52	2
46.274	2
47.824	2
19.53	1
19.58	1
19.598	1
19.655	2
19.677	2
19.681	2
19.699	2
19.743	2
19.772	2
19.821	2
19.846	2
19.852	2
19.864	2
19.894	2
19.963	2
19.988	2
20.065	2
20.108	2
20.179	3
20.292	3
20.309	3
20.538	3
20.615	3
22.485	3
22.522	3
22.604	3
23.642	3
23.788	3
23.905	3
24.661	3
26.857	3
26.879	3
30.407	3
31.813	3
31.882	3
32.76	3
35.989	3
36.636	3
41.52	3
46.274	3
47.824	3
19.53	1
19.58	1
19.598	1
19.655	1
19.677	2
19.681	2
19.699	2
19.743	2
19.772	2
19.821	2
19.846	2
19.852	2
19.864	2
19.894	2
19.963	2
19.988	2
20.065	2
20.108	2
20.179	3
20.292	3
20.309	3
20.538	3
20.615	3
22.485	3
22.522	3
22.604	3
23.642	3
23.788	3
23.905	3
24.661	3
26.857	3
26.879	3
30.407	3
31.813	3
31.882	3
32.76	3
35.989	3
36.636	3
41.52	3
46.274	3
47.824	3
19.371	1
19.376	1
19.421	1
19.431	1
19.457	1
19.47	1
19.53	2
19.58	2
19.598	2
19.655	2
19.677	2
19.681	2
19.699	2
19.743	2
19.772	2
19.821	2
19.846	2
19.852	2
19.864	2
19.894	2
19.963	2
19.988	2
20.065	2
20.108	2
20.179	2
20.292	2
20.309	2
20.538	2
20.615	2
22.485	2
22.522	2
22.604	2
23.642	2
23.788	2
23.905	2
24.661	2
26.857	2
26.879	2
30.407	2
31.813	2
31.882	2
32.76	2
35.989	2
36.636	2
41.52	2
46.274	2
47.824	2
19.457	1
19.47	1
19.53	1
19.58	1
19.598	1
19.655	1
19.677	1
19.681	1
19.699	1
19.743	1
19.772	1
19.821	2
19.846	2
19.852	2
19.864	3
19.894	3
19.963	3
19.988	3
20.065	3
20.108	3
20.179	4
20.292	5
20.309	5
20.538	5
20.615	5
22.485	5
22.522	5
22.604	4
23.642	4
23.788	4
23.905	4
24.661	4
26.857	4
26.879	4
30.407	4
31.813	4
31.882	4
32.76	4
35.989	3
36.636	3
41.52	3
46.274	3
47.824	3
19.169	1
19.219	1
19.29	1
19.32	2
19.335	2
19.371	2
19.376	2
19.421	2
19.431	2
19.457	2
19.47	2
19.53	2
19.58	2
19.598	2
19.655	2
19.677	2
19.681	2
19.699	2
19.743	2
19.772	2
19.821	2
19.846	2
19.852	2
19.864	2
19.894	2
19.963	2
19.988	2
20.065	2
20.108	2
20.179	3
20.292	3
20.309	3
20.538	3
20.615	3
22.485	3
22.522	3
22.604	3
23.642	3
23.788	3
23.905	3
24.661	3
26.857	3
26.879	3
30.407	3
31.813	3
31.882	3
32.76	3
35.989	3
36.636	3
41.52	3
46.274	3
47.824	3
19.169	1
19.219	1
19.29	1
19.32	1
19.335	1
19.371	1
19.376	1
19.421	1
19.431	1
19.457	2
19.47	2
19.53	2
19.58	2
19.598	2
19.655	2
19.677	2
19.681	2
19.699	2
19.743	2
19.772	2
19.821	2
19.846	2
19.852	2
19.864	2
19.894	2
19.963	2
19.988	2
20.065	2
20.108	2
20.179	2
20.292	2
20.309	2
20.538	2
20.615	2
22.485	2
22.522	2
22.604	2
23.642	2
23.788	2
23.905	2
24.661	2
26.857	2
26.879	2
30.407	2
31.813	2
31.882	2
32.76	2
35.989	2
36.636	2
41.52	2
46.274	2
47.824	2
19.431	1
19.457	2
19.47	2
19.53	2
19.58	2
19.598	2
19.655	2
19.677	2
19.681	2
19.699	2
19.743	2
19.772	2
19.821	2
19.846	2
19.852	2
19.864	2
19.894	2
19.963	2
19.988	2
20.065	2
20.108	2
20.179	3
20.292	3
20.309	3
20.538	3
20.615	3
22.485	3
22.522	3
22.604	3
23.642	3
23.788	3
23.905	3
24.661	3
26.857	3
26.879	3
30.407	3
31.813	3
31.882	3
32.76	3
35.989	3
36.636	3
41.52	3
46.274	3
47.824	3
19.219	1
19.29	1
19.32	2
19.335	2
19.371	2
19.376	2
19.421	2
19.431	3
19.457	3
19.47	3
19.53	3
19.58	3
19.598	3
19.655	3
19.677	3
19.681	3
19.699	3
19.743	3
19.772	3
19.821	3
19.846	3
19.852	3
19.864	3
19.894	3
19.963	3
19.988	3
20.065	3
20.108	3
20.179	3
20.292	3
20.309	3
20.538	3
20.615	3
22.485	3
22.522	3
22.604	3
23.642	3
23.788	3
23.905	3
24.661	3
26.857	3
26.879	3
30.407	3
31.813	3
31.882	3
32.76	3
35.989	3
36.636	3
41.52	3
46.274	3
47.824	3
19.431	1
19.457	1
19.47	1
19.53	2
19.58	2
19.598	2
19.655	2
19.677	2
19.681	2
19.699	2
19.743	2
19.772	2
19.821	2
19.846	2
19.852	2
19.864	2
19.894	2
19.963	2
19.988	2
20.065	2
20.108	2
20.179	3
20.292	3
20.309	3
20.538	3
20.615	3
22.485	2
22.522	2
22.604	2
23.642	2
23.788	2
23.905	2
24.661	2
26.857	2
26.879	2
30.407	2
31.813	2
31.882	2
32.76	2
35.989	2
36.636	2
41.52	2
46.274	2
47.824	2
19.29	1
19.32	1
19.335	1
19.371	1
19.376	1
19.421	1
19.431	1
19.457	2
19.47	2
19.53	2
19.58	2
19.598	2
19.655	2
19.677	2
19.681	2
19.699	2
19.743	2
19.772	2
19.821	2
19.846	2
19.852	2
19.864	2
19.894	2
19.963	2
19.988	2
20.065	2
20.108	2
20.179	2
20.292	2
20.309	2
20.538	2
20.615	2
22.485	2
22.522	2
22.604	2
23.642	2
23.788	2
23.905	2
24.661	2
26.857	2
26.879	2
30.407	2
31.813	2
31.882	2
32.76	2
35.989	2
36.636	2
41.52	2
46.274	2
47.824	2
19.29	1
19.32	1
19.335	1
19.371	1
19.376	1
19.421	1
19.431	1
19.457	1
19.47	1
19.53	1
19.58	1
19.598	1
19.655	1
19.677	1
19.681	1
19.699	1
19.743	2
19.772	2
19.821	2
19.846	2
19.852	2
19.864	2
19.894	2
19.963	2
19.988	2
20.065	2
20.108	2
20.179	2
20.292	2
20.309	2
20.538	2
20.615	2
22.485	2
22.522	2
22.604	2
23.642	2
23.788	2
23.905	2
24.661	2
26.857	2
26.879	2
30.407	2
31.813	2
31.882	2
32.76	2
35.989	2
36.636	2
41.52	2
46.274	2
47.824	2
19.169	1
19.219	1
19.29	1
19.32	1
19.335	1
19.371	1
19.376	1
19.421	1
19.431	1
19.457	1
19.47	1
19.53	1
19.58	1
19.598	1
19.655	1
19.677	1
19.681	1
19.699	1
19.743	1
19.772	1
19.821	1
19.846	1
19.852	1
19.864	1
19.894	1
19.963	1
19.988	1
20.065	1
20.108	1
20.179	2
20.292	2
20.309	2
20.538	2
20.615	2
22.485	2
22.522	2
22.604	2
23.642	2
23.788	2
23.905	2
24.661	2
26.857	2
26.879	2
30.407	2
31.813	2
31.882	2
32.76	2
35.989	2
36.636	2
41.52	2
46.274	2
47.824	2
19.29	1
19.32	1
19.335	1
19.371	1
19.376	1
19.421	1
19.431	1
19.457	1
19.47	1
19.53	1
19.58	1
19.598	1
19.655	2
19.677	2
19.681	2
19.699	2
19.743	2
19.772	2
19.821	2
19.846	2
19.852	2
19.864	2
19.894	2
19.963	2
19.988	2
20.065	2
20.108	2
20.179	2
20.292	2
20.309	2
20.538	2
20.615	2
22.485	2
22.522	2
22.604	2
23.642	2
23.788	2
23.905	2
24.661	2
26.857	2
26.879	2
30.407	2
31.813	2
31.882	2
32.76	2
35.989	2
36.636	2
41.52	2
46.274	2
47.824	2
19.29	1
19.32	1
19.335	1
19.371	1
19.376	1
19.421	1
19.431	2
19.457	2
19.47	2
19.53	2
19.58	2
19.598	2
19.655	2
19.677	2
19.681	2
19.699	2
19.743	2
19.772	2
19.821	2
19.846	2
19.852	2
19.864	2
19.894	2
19.963	2
19.988	2
20.065	2
20.108	2
20.179	2
20.292	2
20.309	2
20.538	2
20.615	2
22.485	2
22.522	2
22.604	2
23.642	2
23.788	2
23.905	2
24.661	2
26.857	2
26.879	2
30.407	2
31.813	2
31.882	2
32.76	2
35.989	2
36.636	2
41.52	2
46.274	2
47.824	2
19.431	1
19.457	1
19.47	1
19.53	2
19.58	2
19.598	2
19.655	3
19.677	3
19.681	3
19.699	3
19.743	3
19.772	3
19.821	3
19.846	3
19.852	3
19.864	3
19.894	3
19.963	3
19.988	3
20.065	3
20.108	3
20.179	3
20.292	3
20.309	3
20.538	3
20.615	3
22.485	3
22.522	3
22.604	3
23.642	3
23.788	3
23.905	3
24.661	3
26.857	3
26.879	3
30.407	3
31.813	3
31.882	3
32.76	3
35.989	3
36.636	3
41.52	3
46.274	3
47.824	3
19.29	1
19.32	1
19.335	1
19.371	1
19.376	1
19.421	1
19.431	1
19.457	1
19.47	1
19.53	1
19.58	1
19.598	1
19.655	2
19.677	2
19.681	2
19.699	2
19.743	2
19.772	2
19.821	2
19.846	2
19.852	2
19.864	2
19.894	2
19.963	2
19.988	2
20.065	2
20.108	2
20.179	2
20.292	2
20.309	2
20.538	2
20.615	2
22.485	2
22.522	2
22.604	2
23.642	2
23.788	2
23.905	2
24.661	2
26.857	2
26.879	2
30.407	2
31.813	2
31.882	2
32.76	2
35.989	2
36.636	2
41.52	2
46.274	2
47.824	2
19.169	1
19.219	1
19.29	1
19.32	1
19.335	1
19.371	1
19.376	1
19.421	1
19.431	1
19.457	2
19.47	2
19.53	2
19.58	2
19.598	2
19.655	2
19.677	2
19.681	2
19.699	2
19.743	2
19.772	2
19.821	2
19.846	2
19.852	2
19.864	2
19.894	2
19.963	2
19.988	2
20.065	2
20.108	2
20.179	2
20.292	2
20.309	2
20.538	2
20.615	2
22.485	2
22.522	2
22.604	2
23.642	2
23.788	2
23.905	2
24.661	2
26.857	2
26.879	2
30.407	2
31.813	2
31.882	2
32.76	2
35.989	2
36.636	2
41.52	2
46.274	2
47.824	2
19.169	1
19.219	1
19.29	1
19.32	1
19.335	1
19.371	1
19.376	1
19.421	1
19.431	1
19.457	1
19.47	1
19.53	1
19.58	1
19.598	1
19.655	1
19.677	2
19.681	2
19.699	2
19.743	2
19.772	2
19.821	2
19.846	2
19.852	2
19.864	2
19.894	2
19.963	2
19.988	2
20.065	2
20.108	2
20.179	2
20.292	2
20.309	2
20.538	2
20.615	2
22.485	2
22.522	2
22.604	2
23.642	2
23.788	2
23.905	2
24.661	2
26.857	2
26.879	2
30.407	2
31.813	2
31.882	2
32.76	2
35.989	2
36.636	2
41.52	2
46.274	2
47.824	2
19.219	1
19.29	1
19.32	2
19.335	2
19.371	2
19.376	2
19.421	2
19.431	2
19.457	2
19.47	2
19.53	3
19.58	3
19.598	3
19.655	3
19.677	3
19.681	3
19.699	3
19.743	3
19.772	3
19.821	3
19.846	3
19.852	3
19.864	3
19.894	3
19.963	3
19.988	3
20.065	3
20.108	3
20.179	3
20.292	3
20.309	3
20.538	3
20.615	3
22.485	3
22.522	3
22.604	3
23.642	3
23.788	3
23.905	3
24.661	3
26.857	3
26.879	3
30.407	3
31.813	3
31.882	3
32.76	3
35.989	3
36.636	3
41.52	3
46.274	3
47.824	3
19.32	1
19.335	1
19.371	1
19.376	1
19.421	1
19.431	2
19.457	2
19.47	2
19.53	2
19.58	2
19.598	2
19.655	3
19.677	3
19.681	3
19.699	3
19.743	3
19.772	3
19.821	3
19.846	3
19.852	3
19.864	3
19.894	3
19.963	3
19.988	3
20.065	3
20.108	3
20.179	3
20.292	3
20.309	3
20.538	3
20.615	3
22.485	3
22.522	3
22.604	3
23.642	3
23.788	3
23.905	3
24.661	3
26.857	3
26.879	3
30.407	3
31.813	3
31.882	3
32.76	3
35.989	3
36.636	3
41.52	3
46.274	3
47.824	3
19.53	1
19.58	1
19.598	1
19.655	1
19.677	1
19.681	1
19.699	1
19.743	1
19.772	1
19.821	1
19.846	1
19.852	1
19.864	1
19.894	1
19.963	1
19.988	1
20.065	1
20.108	1
20.179	1
20.292	1
20.309	1
20.538	1
20.615	1
22.485	1
22.522	1
22.604	1
23.642	1
23.788	1
23.905	1
24.661	1
26.857	1
26.879	1
30.407	1
31.813	1
31.882	1
32.76	1
35.989	1
36.636	1
41.52	1
46.274	1
47.824	1
19.32	1
19.335	1
19.371	1
19.376	1
19.421	1
19.431	1
19.457	2
19.47	2
19.53	2
19.58	2
19.598	2
19.655	2
19.677	2
19.681	2
19.699	2
19.743	3
19.772	3
19.821	3
19.846	3
19.852	3
19.864	3
19.894	3
19.963	3
19.988	3
20.065	3
20.108	3
20.179	3
20.292	3
20.309	3
20.538	3
20.615	3
22.485	3
22.522	3
22.604	3
23.642	3
23.788	3
23.905	3
24.661	3
26.857	3
26.879	3
30.407	3
31.813	3
31.882	3
32.76	3
35.989	3
36.636	3
41.52	3
46.274	3
47.824	3
19.371	1
19.376	1
19.421	1
19.431	1
19.457	1
19.47	1
19.53	2
19.58	2
19.598	2
19.655	2
19.677	2
19.681	2
19.699	2
19.743	2
19.772	2
19.821	2
19.846	2
19.852	2
19.864	2
19.894	2
19.963	2
19.988	2
20.065	2
20.108	2
20.179	2
20.292	2
20.309	2
20.538	2
20.615	2
22.485	2
22.522	2
22.604	2
23.642	2
23.788	2
23.905	2
24.661	2
26.857	2
26.879	2
30.407	2
31.813	2
31.882	2
32.76	2
35.989	2
36.636	2
41.52	2
46.274	2
47.824	2
19.32	1
19.335	1
19.371	1
19.376	1
19.421	1
19.431	1
19.457	1
19.47	1
19.53	1
19.58	1
19.598	1
19.655	1
19.677	2
19.681	2
19.699	2
19.743	2
19.772	2
19.821	2
19.846	2
19.852	2
19.864	2
19.894	2
19.963	2
19.988	2
20.065	2
20.108	2
20.179	2
20.292	2
20.309	2
20.538	2
20.615	2
22.485	2
22.522	2
22.604	2
23.642	2
23.788	2
23.905	2
24.661	2
26.857	2
26.879	2
30.407	2
31.813	2
31.882	2
32.76	2
35.989	2
36.636	2
41.52	2
46.274	2
47.824	2
19.32	1
19.335	1
19.371	1
19.376	1
19.421	1
19.431	1
19.457	1
19.47	1
19.53	1
19.58	1
19.598	1
19.655	1
19.677	1
19.681	1
19.699	1
19.743	2
19.772	2
19.821	2
19.846	2
19.852	2
19.864	2
19.894	2
19.963	3
19.988	3
20.065	3
20.108	3
20.179	3
20.292	3
20.309	3
20.538	4
20.615	5
22.485	5
22.522	5
22.604	5
23.642	4
23.788	4
23.905	4
24.661	4
26.857	4
26.879	4
30.407	3
31.813	3
31.882	3
32.76	3
35.989	3
36.636	3
41.52	3
46.274	3
47.824	3
19.371	1
19.376	1
19.421	1
19.431	1
19.457	1
19.47	1
19.53	1
19.58	1
19.598	1
19.655	2
19.677	2
19.681	2
19.699	2
19.743	2
19.772	2
19.821	2
19.846	2
19.852	2
19.864	2
19.894	2
19.963	2
19.988	2
20.065	2
20.108	2
20.179	2
20.292	2
20.309	2
20.538	2
20.615	2
22.485	2
22.522	2
22.604	2
23.642	2
23.788	2
23.905	2
24.661	2
26.857	2
26.879	2
30.407	2
31.813	2
31.882	2
32.76	2
35.989	2
36.636	2
41.52	2
46.274	2
47.824	2
19.29	1
19.32	1
19.335	1
19.371	2
19.376	2
19.421	2
19.431	2
19.457	2
19.47	2
19.53	2
19.58	2
19.598	2
19.655	3
19.677	3
19.681	3
19.699	3
19.743	3
19.772	3
19.821	3
19.846	3
19.852	3
19.864	3
19.894	3
19.963	3
19.988	3
20.065	3
20.108	3
20.179	3
20.292	3
20.309	3
20.538	3
20.615	3
22.485	3
22.522	3
22.604	3
23.642	3
23.788	3
23.905	3
24.661	3
26.857	3
26.879	3
30.407	3
31.813	3
31.882	3
32.76	3
35.989	3
36.636	3
41.52	3
46.274	3
47.824	3
19.431	1
19.457	1
19.47	1
19.53	1
19.58	1
19.598	1
19.655	1
19.677	1
19.681	1
19.699	1
19.743	2
19.772	2
19.821	2
19.846	2
19.852	2
19.864	2
19.894	2
19.963	2
19.988	2
20.065	2
20.108	2
20.179	3
20.292	3
20.309	3
20.538	3
20.615	3
22.485	3
22.522	3
22.604	3
23.642	3
23.788	3
23.905	3
24.661	3
26.857	3
26.879	3
30.407	3
31.813	3
31.882	3
32.76	3
35.989	3
36.636	3
41.52	3
46.274	3
47.824	3
19.219	1
19.29	1
19.32	1
19.335	1
19.371	1
19.376	1
19.421	1
19.431	1
19.457	2
19.47	2
19.53	2
19.58	2
19.598	2
19.655	2
19.677	2
19.681	2
19.699	2
19.743	2
19.772	2
19.821	2
19.846	2
19.852	2
19.864	2
19.894	2
19.963	2
19.988	2
20.065	2
20.108	2
20.179	2
20.292	2
20.309	2
20.538	2
20.615	2
22.485	2
22.522	2
22.604	2
23.642	2
23.788	2
23.905	2
24.661	2
26.857	2
26.879	2
30.407	2
31.813	2
31.882	2
32.76	2
35.989	2
36.636	2
41.52	2
46.274	2
47.824	2
19.169	1
19.219	1
19.29	1
19.32	2
19.335	2
19.371	3
19.376	3
19.421	3
19.431	3
19.457	3
19.47	3
19.53	3
19.58	3
19.598	3
19.655	3
19.677	3
19.681	3
19.699	4
19.743	4
19.772	4
19.821	4
19.846	4
19.852	4
19.864	4
19.894	4
19.963	4
19.988	4
20.065	4
20.108	4
20.179	4
20.292	4
20.309	4
20.538	4
20.615	4
22.485	4
22.522	3
22.604	3
23.642	3
23.788	3
23.905	3
24.661	3
26.857	3
26.879	3
30.407	3
31.813	3
31.882	3
32.76	3
35.989	3
36.636	3
41.52	3
46.274	3
47.824	3
19.53	1
19.58	1
19.598	1
19.655	2
19.677	3
19.681	3
19.699	3
19.743	3
19.772	3
19.821	3
19.846	3
19.852	3
19.864	3
19.894	3
19.963	3
19.988	3
20.065	3
20.108	3
20.179	3
20.292	3
20.309	3
20.538	3
20.615	3
22.485	3
22.522	3
22.604	3
23.642	3
23.788	3
23.905	3
24.661	3
26.857	3
26.879	3
30.407	3
31.813	3
31.882	3
32.76	3
35.989	3
36.636	3
41.52	3
46.274	3
47.824	3
19.169	1
19.219	1
19.29	1
19.32	1
19.335	1
19.371	1
19.376	1
19.421	1
19.431	1
19.457	1
19.47	1
19.53	1
19.58	1
19.598	1
19.655	1
19.677	2
19.681	2
19.699	2
19.743	2
19.772	2
19.821	2
19.846	2
19.852	2
19.864	2
19.894	2
19.963	2
19.988	2
20.065	2
20.108	2
20.179	2
20.292	2
20.309	2
20.538	2
20.615	2
22.485	2
22.522	2
22.604	2
23.642	2
23.788	2
23.905	2
24.661	2
26.857	2
26.879	2
30.407	2
31.813	2
31.882	2
32.76	2
35.989	2
36.636	2
41.52	2
46.274	2
47.824	2
19.169	1
19.219	2
19.29	2
19.32	2
19.335	2
19.371	2
19.376	2
19.421	2
19.431	2
19.457	2
19.47	2
19.53	2
19.58	2
19.598	2
19.655	2
19.677	2
19.681	2
19.699	2
19.743	2
19.772	2
19.821	2
19.846	2
19.852	2
19.864	2
19.894	2
19.963	2
19.988	2
20.065	2
20.108	2
20.179	2
20.292	2
20.309	2
20.538	2
20.615	2
22.485	2
22.522	2
22.604	2
23.642	2
23.788	2
23.905	2
24.661	2
26.857	2
26.879	2
30.407	2
31.813	2
31.882	2
32.76	2
35.989	2
36.636	2
41.52	2
46.274	2
47.824	2
19.169	1
19.219	2
19.29	3
19.32	3
19.335	3
19.371	3
19.376	3
19.421	3
19.431	3
19.457	3
19.47	3
19.53	3
19.58	3
19.598	3
19.655	3
19.677	3
19.681	3
19.699	3
19.743	3
19.772	3
19.821	3
19.846	3
19.852	3
19.864	3
19.894	3
19.963	3
19.988	3
20.065	3
20.108	3
20.179	3
20.292	3
20.309	3
20.538	3
20.615	3
22.485	3
22.522	3
22.604	3
23.642	3
23.788	3
23.905	3
24.661	3
26.857	3
26.879	3
30.407	3
31.813	3
31.882	3
32.76	3
35.989	3
36.636	3
41.52	3
46.274	3
47.824	3
19.32	1
19.335	1
19.371	1
19.376	1
19.421	1
19.431	2
19.457	2
19.47	2
19.53	2
19.58	2
19.598	2
19.655	2
19.677	2
19.681	2
19.699	2
19.743	2
19.772	2
19.821	2
19.846	2
19.852	2
19.864	2
19.894	2
19.963	2
19.988	2
20.065	2
20.108	2
20.179	2
20.292	2
20.309	2
20.538	2
20.615	2
22.485	2
22.522	2
22.604	2
23.642	2
23.788	2
23.905	2
24.661	2
26.857	2
26.879	2
30.407	2
31.813	2
31.882	2
32.76	2
35.989	2
36.636	2
41.52	2
46.274	2
47.824	2
19.431	1
19.457	1
19.47	1
19.53	1
19.58	1
19.598	1
19.655	1
19.677	2
19.681	2
19.699	2
19.743	3
19.772	3
19.821	3
19.846	3
19.852	3
19.864	3
19.894	3
19.963	3
19.988	3
20.065	3
20.108	3
20.179	3
20.292	3
20.309	3
20.538	3
20.615	3
22.485	3
22.522	3
22.604	3
23.642	3
23.788	3
23.905	3
24.661	3
26.857	3
26.879	3
30.407	3
31.813	3
31.882	3
32.76	3
35.989	3
36.636	3
41.52	3
46.274	3
47.824	3
19.219	1
19.29	1
19.32	1
19.335	1
19.371	1
19.376	1
19.421	1
19.431	1
19.457	1
19.47	1
19.53	2
19.58	2
19.598	2
19.655	2
19.677	2
19.681	2
19.699	2
19.743	2
19.772	2
19.821	2
19.846	2
19.852	2
19.864	2
19.894	2
19.963	2
19.988	2
20.065	2
20.108	2
20.179	2
20.292	2
20.309	2
20.538	2
20.615	2
22.485	2
22.522	2
22.604	2
23.642	2
23.788	2
23.905	2
24.661	2
26.857	2
26.879	2
30.407	2
31.813	2
31.882	2
32.76	2
35.989	2
36.636	2
41.52	2
46.274	2
47.824	2
19.457	1
19.47	1
19.53	2
19.58	2
19.598	2
19.655	2
19.677	2
19.681	2
19.699	2
19.743	2
19.772	2
19.821	2
19.846	2
19.852	2
19.864	2
19.894	2
19.963	2
19.988	2
20.065	2
20.108	2
20.179	2
20.292	2
20.309	2
20.538	2
20.615	2
22.485	2
22.522	2
22.604	2
23.642	2
23.788	2
23.905	2
24.661	2
26.857	2
26.879	2
30.407	2
31.813	2
31.882	2
32.76	2
35.989	2
36.636	2
41.52	2
46.274	2
47.824	2
19.29	1
19.32	1
19.335	1
19.371	2
19.376	2
19.421	2
19.431	2
19.457	3
19.47	3
19.53	3
19.58	3
19.598	3
19.655	3
19.677	3
19.681	3
19.699	3
19.743	3
19.772	3
19.821	3
19.846	3
19.852	3
19.864	3
19.894	3
19.963	3
19.988	3
20.065	3
20.108	3
20.179	3
20.292	3
20.309	3
20.538	3
20.615	3
22.485	3
22.522	3
22.604	3
23.642	3
23.788	3
23.905	3
24.661	3
26.857	3
26.879	3
30.407	3
31.813	3
31.882	3
32.76	3
35.989	3
36.636	3
41.52	3
46.274	3
47.824	3
19.371	1
19.376	1
19.421	1
19.431	1
19.457	1
19.47	1
19.53	1
19.58	1
19.598	1
19.655	2
19.677	2
19.681	2
19.699	2
19.743	2
19.772	2
19.821	2
19.846	2
19.852	2
19.864	2
19.894	2
19.963	2
19.988	2
20.065	2
20.108	2
20.179	2
20.292	2
20.309	2
20.538	2
20.615	2
22.485	2
22.522	2
22.604	2
23.642	2
23.788	2
23.905	2
24.661	2
26.857	2
26.879	2
30.407	2
31.813	2
31.882	2
32.76	2
35.989	2
36.636	2
41.52	2
46.274	2
47.824	2
19.32	1
19.335	1
19.371	1
19.376	1
19.421	1
19.431	2
19.457	2
19.47	2
19.53	2
19.58	2
19.598	2
19.655	2
19.677	2
19.681	2
19.699	2
19.743	2
19.772	2
19.821	2
19.846	2
19.852	2
19.864	2
19.894	2
19.963	2
19.988	2
20.065	2
20.108	2
20.179	3
20.292	3
20.309	3
20.538	3
20.615	3
22.485	3
22.522	3
22.604	3
23.642	3
23.788	3
23.905	3
24.661	3
26.857	3
26.879	3
30.407	3
31.813	3
31.882	3
32.76	3
35.989	3
36.636	3
41.52	3
46.274	3
47.824	3
19.457	1
19.47	1
19.53	1
19.58	1
19.598	1
19.655	2
19.677	2
19.681	2
19.699	2
19.743	2
19.772	2
19.821	2
19.846	2
19.852	2
19.864	2
19.894	2
19.963	2
19.988	2
20.065	2
20.108	3
20.179	3
20.292	3
20.309	3
20.538	3
20.615	3
22.485	3
22.522	3
22.604	3
23.642	3
23.788	2
23.905	2
24.661	2
26.857	2
26.879	2
30.407	2
31.813	2
31.882	2
32.76	2
35.989	2
36.636	2
41.52	2
46.274	2
47.824	2
19.169	1
19.219	1
19.29	1
19.32	2
19.335	2
19.371	2
19.376	2
19.421	2
19.431	3
19.457	3
19.47	3
19.53	3
19.58	3
19.598	3
19.655	3
19.677	3
19.681	3
19.699	3
19.743	3
19.772	3
19.821	3
19.846	3
19.852	3
19.864	3
19.894	3
19.963	3
19.988	3
20.065	3
20.108	3
20.179	3
20.292	3
20.309	3
20.538	3
20.615	3
22.485	3
22.522	3
22.604	3
23.642	3
23.788	3
23.905	3
24.661	3
26.857	3
26.879	3
30.407	3
31.813	3
31.882	3
32.76	3
35.989	3
36.636	3
41.52	3
46.274	3
47.824	3
19.169	1
19.219	1
19.29	1
19.32	1
19.335	1
19.371	1
19.376	1
19.421	1
19.431	1
19.457	1
19.47	1
19.53	1
19.58	1
19.598	1
19.655	1
19.677	2
19.681	2
19.699	2
19.743	2
19.772	2
19.821	2
19.846	2
19.852	2
19.864	2
19.894	2
19.963	2
19.988	2
20.065	2
20.108	2
20.179	2
20.292	2
20.309	2
20.538	2
20.615	2
22.485	2
22.522	2
22.604	2
23.642	2
23.788	2
23.905	2
24.661	2
26.857	2
26.879	2
30.407	2
31.813	2
31.882	2
32.76	2
35.989	2
36.636	2
41.52	2
46.274	2
47.824	2
19.219	1
19.29	1
19.32	2
19.335	2
19.371	2
19.376	2
19.421	2
19.431	3
19.457	3
19.47	3
19.53	3
19.58	3
19.598	3
19.655	3
19.677	3
19.681	3
19.699	3
19.743	3
19.772	3
19.821	3
19.846	3
19.852	3
19.864	3
19.894	3
19.963	3
19.988	3
20.065	3
20.108	3
20.179	3
20.292	3
20.309	3
20.538	3
20.615	3
22.485	3
22.522	3
22.604	3
23.642	3
23.788	3
23.905	3
24.661	3
26.857	3
26.879	3
30.407	3
31.813	3
31.882	3
32.76	3
35.989	3
36.636	3
41.52	3
46.274	3
47.824	3
19.169	1
19.219	1
19.29	1
19.32	1
19.335	1
19.371	1
19.376	1
19.421	1
19.431	1
19.457	1
19.47	1
19.53	1
19.58	1
19.598	1
19.655	1
19.677	1
19.681	1
19.699	1
19.743	1
19.772	1
19.821	1
19.846	1
19.852	1
19.864	1
19.894	2
19.963	2
19.988	2
20.065	3
20.108	3
20.179	4
20.292	4
20.309	5
20.538	5
20.615	5
22.485	5
22.522	5
22.604	5
23.642	5
23.788	5
23.905	5
24.661	5
26.857	5
26.879	5
30.407	5
31.813	4
31.882	4
32.76	4
35.989	4
36.636	4
41.52	3
46.274	2
47.824	2
19.219	1
19.29	1
19.32	1
19.335	2
19.371	2
19.376	2
19.421	2
19.431	2
19.457	2
19.47	2
19.53	2
19.58	2
19.598	2
19.655	2
19.677	2
19.681	2
19.699	2
19.743	2
19.772	2
19.821	2
19.846	3
19.852	3
19.864	3
19.894	3
19.963	3
19.988	3
20.065	3
20.108	3
20.179	4
20.292	4
20.309	4
20.538	4
20.615	4
22.485	4
22.522	4
22.604	4
23.642	4
23.788	4
23.905	4
24.661	3
26.857	3
26.879	3
30.407	3
31.813	3
31.882	3
32.76	3
35.989	3
36.636	3
41.52	3
46.274	3
47.824	3
19.371	1
19.376	1
19.421	1
19.431	1
19.457	1
19.47	1
19.53	1
19.58	1
19.598	1
19.655	1
19.677	1
19.681	1
19.699	1
19.743	2
19.772	2
19.821	2
19.846	2
19.852	2
19.864	2
19.894	2
19.963	2
19.988	2
20.065	2
20.108	2
20.179	2
20.292	2
20.309	2
20.538	2
20.615	2
22.485	2
22.522	2
22.604	2
23.642	2
23.788	2
23.905	2
24.661	2
26.857	2
26.879	2
30.407	2
31.813	2
31.882	2
32.76	2
35.989	2
36.636	2
41.52	2
46.274	2
47.824	2
19.371	1
19.376	2
19.421	2
19.431	2
19.457	3
19.47	3
19.53	3
19.58	4
19.598	4
19.655	4
19.677	4
19.681	4
19.699	4
19.743	4
19.772	5
19.821	5
19.846	5
19.852	5
19.864	5
19.894	5
19.963	5
19.988	4
20.065	4
20.108	4
20.179	4
20.292	4
20.309	4
20.538	4
20.615	4
22.485	4
22.522	4
22.604	4
23.642	4
23.788	4
23.905	4
24.661	4
26.857	4
26.879	4
30.407	4
31.813	4
31.882	3
32.76	3
35.989	3
36.636	3
41.52	3
46.274	3
47.824	3
19.677	1
19.681	1
19.699	1
19.743	2
19.772	2
19.821	2
19.846	2
19.852	2
19.864	2
19.894	2
19.963	2
19.988	2
20.065	2
20.108	2
20.179	2
20.292	2
20.309	2
20.538	2
20.615	2
22.485	2
22.522	2
22.604	2
23.642	2
23.788	2
23.905	2
24.661	2
26.857	2
26.879	2
30.407	2
31.813	2
31.882	2
32.76	2
35.989	2
36.636	2
41.52	2
46.274	2
47.824	2
19.47	1
19.53	1
19.58	1
19.598	2
19.655	2
19.677	3
19.681	3
19.699	3
19.743	4
19.772	4
19.821	4
19.846	4
19.852	4
19.864	4
19.894	4
19.963	4
19.988	4
20.065	4
20.108	4
20.179	4
20.292	4
20.309	4
20.538	4
20.615	4
22.485	4
22.522	4
22.604	4
23.642	4
23.788	4
23.905	4
24.661	4
26.857	4
26.879	3
30.407	3
31.813	3
31.882	3
32.76	3
35.989	3
36.636	3
41.52	3
46.274	3
47.824	3
19.371	1
19.376	1
19.421	1
19.431	1
19.457	2
19.47	2
19.53	2
19.58	2
19.598	2
19.655	2
19.677	3
19.681	3
19.699	3
19.743	3
19.772	3
19.821	3
19.846	3
19.852	3
19.864	3
19.894	3
19.963	3
19.988	3
20.065	3
20.108	3
20.179	3
20.292	3
20.309	3
20.538	3
20.615	3
22.485	3
22.522	3
22.604	3
23.642	3
23.788	3
23.905	3
24.661	3
26.857	3
26.879	3
30.407	3
31.813	3
31.882	3
32.76	3
35.989	3
36.636	3
41.52	3
46.274	3
47.824	3
19.169	1
19.219	2
19.29	2
19.32	2
19.335	2
19.371	2
19.376	2
19.421	2
19.431	2
19.457	2
19.47	2
19.53	2
19.58	2
19.598	2
19.655	2
19.677	2
19.681	2
19.699	2
19.743	2
19.772	2
19.821	2
19.846	2
19.852	2
19.864	2
19.894	2
19.963	2
19.988	2
20.065	2
20.108	2
20.179	2
20.292	2
20.309	2
20.538	2
20.615	2
22.485	2
22.522	2
22.604	2
23.642	2
23.788	2
23.905	2
24.661	2
26.857	2
26.879	2
30.407	2
31.813	2
31.882	2
32.76	2
35.989	2
36.636	2
41.52	2
46.274	2
47.824	2
19.431	1
19.457	1
19.47	1
19.53	1
19.58	1
19.598	1
19.655	1
19.677	1
19.681	1
19.699	1
19.743	2
19.772	2
19.821	2
19.846	2
19.852	2
19.864	2
19.894	2
19.963	2
19.988	2
20.065	2
20.108	2
20.179	3
20.292	3
20.309	3
20.538	3
20.615	3
22.485	3
22.522	3
22.604	3
23.642	3
23.788	3
23.905	3
24.661	3
26.857	3
26.879	3
30.407	3
31.813	3
31.882	3
32.76	3
35.989	3
36.636	3
41.52	3
46.274	3
47.824	3
19.371	1
19.376	1
19.421	1
19.431	1
19.457	1
19.47	1
19.53	1
19.58	1
19.598	1
19.655	2
19.677	2
19.681	2
19.699	2
19.743	2
19.772	2
19.821	2
19.846	2
19.852	2
19.864	2
19.894	2
19.963	2
19.988	2
20.065	2
20.108	2
20.179	2
20.292	2
20.309	2
20.538	2
20.615	2
22.485	2
22.522	2
22.604	2
23.642	2
23.788	2
23.905	2
24.661	2
26.857	2
26.879	2
30.407	2
31.813	2
31.882	2
32.76	2
35.989	2
36.636	2
41.52	2
46.274	2
47.824	2
19.169	1
19.219	1
19.29	1
19.32	1
19.335	1
19.371	1
19.376	1
19.421	1
19.431	1
19.457	1
19.47	1
19.53	1
19.58	1
19.598	1
19.655	1
19.677	2
19.681	2
19.699	2
19.743	2
19.772	2
19.821	2
19.846	2
19.852	2
19.864	2
19.894	2
19.963	2
19.988	2
20.065	2
20.108	2
20.179	2
20.292	2
20.309	2
20.538	2
20.615	2
22.485	2
22.522	2
22.604	2
23.642	2
23.788	2
23.905	2
24.661	2
26.857	2
26.879	2
30.407	2
31.813	2
31.882	2
32.76	2
35.989	2
36.636	2
41.52	2
46.274	2
47.824	2
19.219	1
19.29	2
19.32	2
19.335	2
19.371	2
19.376	2
19.421	2
19.431	2
19.457	2
19.47	2
19.53	2
19.58	2
19.598	2
19.655	2
19.677	2
19.681	3
19.699	3
19.743	3
19.772	3
19.821	3
19.846	3
19.852	4
19.864	4
19.894	4
19.963	4
19.988	4
20.065	4
20.108	4
20.179	4
20.292	4
20.309	4
20.538	4
20.615	4
22.485	4
22.522	4
22.604	4
23.642	4
23.788	4
23.905	4
24.661	4
26.857	4
26.879	4
30.407	4
31.813	4
31.882	4
32.76	3
35.989	3
36.636	2
41.52	2
46.274	2
47.824	2
