0.001	1
0.002	1
0.003	1
0.004	1
0.005	1
0.006	1
0.007	1
0.008	1
0.009	1
0.01	1.0015987210231814
0.02	1.0040322580645162
0.03	1.010886469673406
0.04	1.024578313253012
0.05	1.0397435897435898
0.06	1.0526638089406002
0.07	1.0811485642946317
0.08	1.1302847282139776
0.09	1.1477272727272727
0.1	1.2526951272100044
0.2	1.4743186582809225
0.3	1.2056778679026652
0.4	1.3734508399889838
0.5	1.3958017745076823
0.6	1.5798319327731092
0.7	1.7484194867980662
0.8	2.0244763473758534
0.9	1.9612888270746407
1.0	2.445444012812649
2.0	3.2125861131254534
3.0	3.1534223514557906
4.0	2.9716772927905835
5.0	2.9709535256410255
6.0	2.952100510404397
7.0	2.9542927733168622
8.0	2.979219143576826
9.0	2.9845559845559846
10.0	2.9832229580573952
20.0	3
0.001	1
0.002	1
0.003	1
0.004	1
0.005	1
0.006	1
0.007	1
0.008	1
0.009	1
0.01	1
0.02	1
0.03	1
0.04	1.001078167115903
0.05	1.013868613138686
0.06	1.0210280373831775
0.07	1.0412451361867705
0.08	1.0513112884834663
0.09	1.110531803962461
0.1	1.237736660929432
0.2	1.2748735244519394
0.3	1.2538034291234001
0.4	1.3521505376344085
0.5	1.4312037456577555
0.6	1.6909876254961476
0.7	2.0675616518313147
0.8	2.1315862838026205
0.9	2.345252945252945
1.0	2.8872426757994267
2.0	3.3404696337093958
3.0	3.3717230847543904
4.0	3.1251627839675877
5.0	3.017706576728499
6.0	3.0078789788843365
7.0	3.0349060222477946
8.0	3.003616636528029
9.0	3.003780718336484
10.0	2.9956454918032787
20.0	2.9658886894075405
30.0	2.911764705882353
40.0	2.884816753926702
50.0	2.8808290155440415
60.0	2.875
0.001	1
0.002	1
0.003	1
0.004	1
0.005	1
0.006	1
0.007	1
0.008	1
0.009	1
0.01	1
0.02	1.0026427061310783
0.03	1.006924408540104
0.04	1.0245795601552394
0.05	1.0474956822107082
0.06	1.0525451559934318
0.07	1.0644916540212443
0.08	1.0744777475022707
0.09	1.0917347865576748
0.1	1.1841704718417048
0.2	1.5149654643131236
0.3	1.237759336099585
0.4	1.3987975951903808
0.5	1.543605597136349
0.6	1.7103288306726703
0.7	1.9686333084391336
0.8	2.254197022489705
0.9	2.2819501018329937
1.0	2.9669731656971288
2.0	3.447408179213337
3.0	3.2069017708490994
4.0	3.0787037037037037
5.0	3.044832468145352
6.0	3.002197802197802
7.0	3.0516372795969775
8.0	3.0892857142857144
9.0	3.0764055742431524
10.0	3.0648323301805673
20.0	3.0564826700898586
30.0	3.015625
40.0	3.0026041666666665
