0.001	1
0.002	1
0.003	1
0.004	1
0.005	1
0.006	1
0.007	1
0.008	1
0.009	1
0.01	1
0.02	1.0033984706881902
0.03	1.0165172251061823
0.04	1.0384199134199135
0.05	1.0640066500415628
0.06	1.0880929332042595
0.07	1.1195445920303606
0.08	1.1775585696670776
0.09	1.1723044397463003
0.1	1.2817303469477384
0.2	1.4517180837722599
0.3	1.2125922023182296
0.4	1.3812356101304681
0.5	1.5135135135135136
0.6	1.7191027708547133
0.7	1.9051701740711873
0.8	2.177561109585279
0.9	2.3609889276505385
1.0	2.8258112094395282
2.0	3.2606806236603343
3.0	3.1473089435534503
4.0	3.0351355961112056
5.0	2.9750052509976896
6.0	2.9662464416429444
7.0	2.9812353401094605
8.0	2.9984496124031006
9.0	2.997844827586207
10.0	3.0069204152249136
20.0	3
0.001	1
0.002	1
0.003	1
0.004	1
0.005	1
0.006	1
0.007	1
0.008	1
0.009	1
0.01	1.0007251631617113
0.02	1.0076026355803345
0.03	1.0087960417811985
0.04	1.0247268545140886
0.05	1.0239303843364758
0.06	1.0292490118577076
0.07	1.0459501557632398
0.08	1.047808764940239
0.09	1.0718503937007875
0.1	1.1759542763829354
0.2	1.2836682836682836
0.3	1.2243998040176385
0.4	1.3561316051844468
0.5	1.4795321637426901
0.6	1.6544128164783294
0.7	1.8866645649432534
0.8	2.0445893089960885
0.9	2.293990047211943
1.0	2.9060763735779167
2.0	3.2823289697714015
3.0	3.0820231958762885
4.0	2.937868949232586
5.0	2.9275074478649454
6.0	2.9554291133238504
7.0	2.9856895056374673
8.0	2.986915887850467
9.0	2.9904761904761905
10.0	2.99124613800206
20.0	3.0049261083743843
