0.001	1
0.002	1
0.003	1
0.004	1
0.005	1
0.006	1
0.007	1
0.008	1
0.009	1
0.01	1
0.02	1
0.03	1.0020171457387796
0.04	1.0158543746330007
0.05	1.0193602693602695
0.06	1.0467219291635268
0.07	1.0639578630549285
0.08	1.06686626746507
0.09	1.0860617399438728
0.1	1.1474669787660927
0.2	1.3404926404325623
0.3	1.3067877037342686
0.4	1.492175777063237
0.5	1.5330610962776818
0.6	1.7421616110119806
0.7	2.172549019607843
0.8	2.1601087651951376
0.9	2.3074724960708672
1.0	2.9320524550167733
2.0	3.3566317228805835
3.0	3.13918705804548
4.0	2.984271742003701
5.0	2.953133417130544
6.0	2.9711080897348743
7.0	2.981864192323914
8.0	2.9825653798256537
9.0	3.001390820584145
10.0	3.0072115384615383
0.001	1
0.002	1
0.003	1
0.004	1
0.005	1
0.006	1
0.007	1
0.008	1
0.009	1
0.01	1
0.02	1.0023310023310024
0.03	1.006578947368421
0.04	1.0241028387787896
0.05	1.027237354085603
0.06	1.0434201736806947
0.07	1.0595716198125837
0.08	1.0731939163498099
0.09	1.0869565217391304
0.1	1.2137000341646738
0.2	1.448958758677011
0.3	1.3211554800339846
0.4	1.3440881369270117
0.5	1.52183440287995
0.6	1.7638333333333334
0.7	1.929105070735972
0.8	2.0462781586679726
0.9	2.327196272303671
1.0	2.984630833170623
2.0	3.419268408982539
3.0	3.0499720400589703
4.0	2.958590628405376
5.0	2.9492609750716965
6.0	2.9909592061742005
7.0	2.9770594369134513
8.0	2.973248407643312
9.0	2.988388969521045
10.0	2.996006389776358
0.001	1
0.002	1
0.003	1
0.004	1
0.005	1
0.006	1
0.007	1
0.008	1
0.009	1
0.01	1.0017969451931716
0.02	1.002592352559948
0.03	1.0057372346528972
0.04	1.011645569620253
0.05	1.022741241548863
0.06	1.0487963565387117
0.07	1.057840616966581
0.08	1.0714859437751003
0.09	1.094776119402985
0.1	1.213717317165593
0.2	1.4810738702684676
0.3	1.3092153960029607
0.4	1.5596745027124774
0.5	1.6660026560424968
0.6	1.6485714285714286
0.7	1.8764537078991088
0.8	2.1253945480631278
0.9	2.3033117932148626
1.0	2.906076132398705
2.0	3.234639525869614
3.0	3.0773313518390744
4.0	2.9765373211293027
5.0	2.983441910966341
6.0	3.0135135135135136
7.0	3.010355695632598
8.0	3.0254885301614274
9.0	3.005434782608696
10.0	3.0132788559754853
20.0	2.9926739926739927
