0.001	1
0.002	1
0.003	1
0.004	1
0.005	1
0.006	1
0.007	1
0.008	1
0.009	1
0.01	1
0.02	1.0033984706881902
0.03	1.0165172251061823
0.04	1.0384199134199135
0.05	1.0640066500415628
0.06	1.0880929332042595
0.07	1.1195445920303606
0.08	1.1775585696670776
0.09	1.1723044397463003
0.1	1.2817303469477384
0.2	1.4517180837722599
0.3	1.2125922023182296
0.4	1.3812356101304681
0.5	1.5135135135135136
0.6	1.7191027708547133
0.7	1.9051701740711873
0.8	2.177561109585279
0.9	2.3609889276505385
1.0	2.8258112094395282
2.0	3.2606806236603343
3.0	3.1473089435534503
4.0	3.0351355961112056
5.0	2.9750052509976896
6.0	2.9662464416429444
7.0	2.9812353401094605
8.0	2.9984496124031006
9.0	2.997844827586207
10.0	3.0069204152249136
20.0	3
0.001	1
0.002	1
0.003	1
0.004	1
0.005	1
0.006	1
0.007	1
0.008	1
0.009	1
0.01	1.0007251631617113
0.02	1.0076026355803345
0.03	1.0087960417811985
0.04	1.0247268545140886
0.05	1.0239303843364758
0.06	1.0292490118577076
0.07	1.0459501557632398
0.08	1.047808764940239
0.09	1.0718503937007875
0.1	1.1759542763829354
0.2	1.2836682836682836
0.3	1.2243998040176385
0.4	1.3561316051844468
0.5	1.4795321637426901
0.6	1.6544128164783294
0.7	1.8866645649432534
0.8	2.0445893089960885
0.9	2.293990047211943
1.0	2.9060763735779167
2.0	3.2823289697714015
3.0	3.0820231958762885
4.0	2.937868949232586
5.0	2.9275074478649454
6.0	2.9554291133238504
7.0	2.9856895056374673
8.0	2.986915887850467
9.0	2.9904761904761905
10.0	2.99124613800206
20.0	3.0049261083743843
0.001	1
0.002	1
0.003	1
0.004	1
0.005	1
0.006	1
0.007	1
0.008	1
0.009	1
0.01	1.0010593220338984
0.02	1.006838905775076
0.03	1.0120886501007387
0.04	1.0148056755089452
0.05	1.0327214684756585
0.06	1.041075429424944
0.07	1.0613138686131387
0.08	1.0704727921498662
0.09	1.1035031847133758
0.1	1.1814843448009278
0.2	1.377911993097498
0.3	1.2879426644182124
0.4	1.4101838755304101
0.5	1.5177304964539007
0.6	1.6489847715736041
0.7	1.7915880291183608
0.8	1.73413674372848
0.9	1.8011113240084307
1.0	2.4529684510878376
2.0	3.3916858263456855
3.0	3.567478203365644
4.0	3.0840425531914892
5.0	2.9011970999831393
6.0	2.9515836191244706
7.0	2.9374762206721625
8.0	2.970533446232007
9.0	2.940843074743181
10.0	2.9879432624113473
20.0	3
30.0	3.0026041666666665
