0.001	1
0.002	1
0.003	1
0.004	1
0.005	1
0.006	1
0.007	1
0.008	1
0.009	1
0.01	1.0146341463414634
0.02	1.0328767123287672
0.03	1.089820359281437
0.04	1.231833910034602
0.05	1.3835616438356164
0.06	1.5964912280701755
0.07	1.6918238993710693
0.08	1.41
0.09	1.3214285714285714
0.1	1.2829457364341086
0.2	1.6850649350649352
0.3	2.2397504456327986
0.4	2.7748893805309733
0.5	3.1775592828224406
0.6	3.5386710239651418
0.7	4.138972809667674
0.8	4.4862068965517246
0.9	4.760448521916412
1.0	4.999137187230371
2.0	4.99171270718232
3.0	4.8203125
4.0	4.659375
5.0	4.5078125
6.0	4.333333333333333
7.0	4.167987321711569
8.0	4.0559796437659035
9.0	3.953125
10.0	3.640625
20.0	3.1710069444444446
30.0	3
