0.0	3
0.0	3
0.0	2
0.0	3
0.0	3
0.0	3
0.0	3
0.0	2
0.0	3
0.0	2
0.0	3
0.0	3
0.0	3
0.0	3
0.0	3
0.0	3
0.0	3
0.0	2
0.0	3
0.0	2
0.0	3
0.0	2
0.0	3
0.0	3
0.0	3
0.0	3
0.0	3
0.0	3
0.0	3
0.0	2
0.0	2
0.0	2
0.0	3
0.0	3
0.0	2
0.0	3
0.0	3
0.0	3
0.0	3
0.0	3
0.0	3
0.0	3
0.0	3
0.0	3
0.0	3
0.0	3
0.0	3
0.0	3
0.0	3
0.0	3
0.0	3
0.0	2
0.0	3
0.0	3
0.0	3
0.0	3
0.0	3
0.0	3
0.0	3
0.0	3
0.0	3
0.0	3
0.0	3
0.0	3
19.746	3
19.746	3
19.746	2
19.746	3
19.746	3
19.746	3
19.746	3
19.746	2
19.746	3
19.746	2
19.746	3
19.746	3
19.746	3
19.746	3
19.746	3
19.746	3
19.746	3
19.746	2
19.746	3
19.746	2
19.746	3
19.746	2
19.746	3
19.746	3
19.746	3
19.746	3
19.746	3
19.746	3
19.746	3
19.746	3
19.746	2
19.746	2
19.746	3
19.746	3
19.746	2
19.746	3
19.746	3
19.746	3
19.746	3
19.746	3
19.746	3
19.746	3
19.746	3
19.746	3
19.746	3
19.746	3
19.746	3
19.746	3
19.746	3
19.746	3
19.746	3
19.746	2
19.746	3
19.746	3
19.746	3
19.746	3
19.746	3
19.746	3
19.746	3
19.746	3
19.746	3
19.746	3
19.746	3
19.746	3
19.776	3
19.776	3
19.776	2
19.776	3
19.776	3
19.776	3
19.776	3
19.776	2
19.776	3
19.776	3
19.776	3
19.776	3
19.776	3
19.776	3
19.776	3
19.776	3
19.776	3
19.776	2
19.776	3
19.776	2
19.776	3
19.776	2
19.776	3
19.776	3
19.776	3
19.776	3
19.776	3
19.776	3
19.776	3
19.776	3
19.776	2
19.776	2
19.776	3
19.776	3
19.776	2
19.776	3
19.776	3
19.776	3
19.776	3
19.776	3
19.776	3
19.776	3
19.776	3
19.776	3
19.776	3
19.776	3
19.776	3
19.776	3
19.776	3
19.776	3
19.776	3
19.776	2
19.776	3
19.776	3
19.776	3
19.776	3
19.776	3
19.776	3
19.776	3
19.776	3
19.776	3
19.776	3
19.776	3
19.776	3
19.816	3
19.816	3
19.816	2
19.816	3
19.816	3
19.816	3
19.816	3
19.816	2
19.816	3
19.816	3
19.816	3
19.816	3
19.816	3
19.816	3
19.816	3
19.816	3
19.816	3
19.816	2
19.816	3
19.816	2
19.816	3
19.816	2
19.816	3
19.816	3
19.816	3
19.816	3
19.816	3
19.816	3
19.816	3
19.816	3
19.816	2
19.816	2
19.816	3
19.816	3
19.816	2
19.816	3
19.816	3
19.816	3
19.816	3
19.816	3
19.816	3
19.816	3
19.816	3
19.816	3
19.816	3
19.816	3
19.816	3
19.816	3
19.816	3
19.816	3
19.816	3
19.816	3
19.816	3
19.816	3
19.816	3
19.816	3
19.816	3
19.816	3
19.816	3
19.816	3
19.816	3
19.816	3
19.816	3
19.816	3
19.857	3
19.857	3
19.857	2
19.857	3
19.857	3
19.857	3
19.857	3
19.857	2
19.857	3
19.857	3
19.857	3
19.857	3
19.857	3
19.857	3
19.857	3
19.857	3
19.857	3
19.857	2
19.857	3
19.857	3
19.857	3
19.857	2
19.857	3
19.857	3
19.857	3
19.857	3
19.857	3
19.857	3
19.857	3
19.857	3
19.857	2
19.857	2
19.857	3
19.857	3
19.857	2
19.857	3
19.857	3
19.857	3
19.857	3
19.857	3
19.857	3
19.857	3
19.857	3
19.857	3
19.857	3
19.857	3
19.857	3
19.857	3
19.857	3
19.857	3
19.857	3
19.857	3
19.857	3
19.857	3
19.857	3
19.857	3
19.857	3
19.857	3
19.857	3
19.857	3
19.857	3
19.857	3
19.857	3
19.857	3
19.864	3
19.864	3
19.864	2
19.864	3
19.864	3
19.864	3
19.864	3
19.864	3
19.864	3
19.864	3
19.864	3
19.864	3
19.864	3
19.864	3
19.864	3
19.864	3
19.864	3
19.864	2
19.864	3
19.864	3
19.864	3
19.864	2
19.864	3
19.864	3
19.864	3
19.864	3
19.864	3
19.864	3
19.864	3
19.864	3
19.864	2
19.864	2
19.864	3
19.864	3
19.864	2
19.864	3
19.864	3
19.864	3
19.864	3
19.864	3
19.864	3
19.864	3
19.864	3
19.864	3
19.864	3
19.864	3
19.864	3
19.864	3
19.864	3
19.864	3
19.864	3
19.864	3
19.864	3
19.864	3
19.864	3
19.864	3
19.864	3
19.864	3
19.864	3
19.864	3
19.864	3
19.864	3
19.864	3
19.864	3
19.87	3
19.87	3
19.87	2
19.87	3
19.87	3
19.87	3
19.87	3
19.87	3
19.87	3
19.87	3
19.87	3
19.87	3
19.87	3
19.87	3
19.87	3
19.87	3
19.87	3
19.87	2
19.87	3
19.87	3
19.87	3
19.87	2
19.87	3
19.87	3
19.87	3
19.87	3
19.87	3
19.87	3
19.87	3
19.87	3
19.87	3
19.87	2
19.87	3
19.87	3
19.87	2
19.87	3
19.87	3
19.87	3
19.87	3
19.87	3
19.87	3
19.87	3
19.87	3
19.87	3
19.87	3
19.87	3
19.87	3
19.87	3
19.87	3
19.87	3
19.87	3
19.87	3
19.87	3
19.87	3
19.87	3
19.87	3
19.87	3
19.87	3
19.87	3
19.87	3
19.87	3
19.87	3
19.87	3
19.87	3
19.911	3
19.911	3
19.911	2
19.911	3
19.911	3
19.911	3
19.911	3
19.911	3
19.911	3
19.911	3
19.911	3
19.911	3
19.911	3
19.911	3
19.911	3
19.911	3
19.911	3
19.911	3
19.911	3
19.911	3
19.911	3
19.911	2
19.911	3
19.911	3
19.911	3
19.911	3
19.911	3
19.911	3
19.911	3
19.911	3
19.911	3
19.911	2
19.911	3
19.911	3
19.911	2
19.911	3
19.911	3
19.911	3
19.911	3
19.911	3
19.911	3
19.911	3
19.911	3
19.911	3
19.911	3
19.911	3
19.911	3
19.911	3
19.911	3
19.911	3
19.911	3
19.911	3
19.911	3
19.911	3
19.911	3
19.911	3
19.911	3
19.911	3
19.911	3
19.911	3
19.911	3
19.911	3
19.911	3
19.911	3
19.961	3
19.961	3
19.961	2
19.961	3
19.961	3
19.961	3
19.961	3
19.961	3
19.961	3
19.961	3
19.961	3
19.961	3
19.961	3
19.961	3
19.961	3
19.961	3
19.961	3
19.961	3
19.961	3
19.961	3
19.961	3
19.961	2
19.961	3
19.961	3
19.961	3
19.961	3
19.961	3
19.961	3
19.961	3
19.961	4
19.961	3
19.961	2
19.961	3
19.961	3
19.961	2
19.961	3
19.961	3
19.961	3
19.961	3
19.961	3
19.961	3
19.961	3
19.961	3
19.961	3
19.961	3
19.961	3
19.961	3
19.961	3
19.961	3
19.961	3
19.961	3
19.961	3
19.961	3
19.961	3
19.961	3
19.961	3
19.961	3
19.961	3
19.961	3
19.961	3
19.961	3
19.961	3
19.961	3
19.961	3
19.986	3
19.986	3
19.986	3
19.986	3
19.986	3
19.986	3
19.986	3
19.986	3
19.986	3
19.986	3
19.986	3
19.986	3
19.986	3
19.986	3
19.986	3
19.986	3
19.986	3
19.986	3
19.986	3
19.986	3
19.986	3
19.986	2
19.986	3
19.986	3
19.986	3
19.986	3
19.986	3
19.986	3
19.986	3
19.986	4
19.986	3
19.986	2
19.986	3
19.986	3
19.986	2
19.986	3
19.986	3
19.986	3
19.986	3
19.986	3
19.986	3
19.986	3
19.986	3
19.986	3
19.986	3
19.986	3
19.986	3
19.986	3
19.986	3
19.986	3
19.986	3
19.986	3
19.986	3
19.986	3
19.986	3
19.986	3
19.986	3
19.986	3
19.986	3
19.986	3
19.986	3
19.986	3
19.986	3
19.986	3
20.065	3
20.065	3
20.065	3
20.065	3
20.065	3
20.065	3
20.065	3
20.065	3
20.065	3
20.065	3
20.065	3
20.065	3
20.065	3
20.065	3
20.065	3
20.065	3
20.065	3
20.065	3
20.065	3
20.065	3
20.065	3
20.065	2
20.065	3
20.065	3
20.065	3
20.065	3
20.065	3
20.065	3
20.065	3
20.065	4
20.065	3
20.065	3
20.065	3
20.065	3
20.065	2
20.065	3
20.065	3
20.065	3
20.065	3
20.065	3
20.065	3
20.065	3
20.065	3
20.065	3
20.065	3
20.065	3
20.065	3
20.065	3
20.065	3
20.065	3
20.065	3
20.065	3
20.065	3
20.065	3
20.065	3
20.065	3
20.065	3
20.065	3
20.065	3
20.065	3
20.065	3
20.065	3
20.065	3
20.065	3
20.08	3
20.08	3
20.08	3
20.08	3
20.08	3
20.08	3
20.08	3
20.08	3
20.08	3
20.08	3
20.08	3
20.08	3
20.08	3
20.08	3
20.08	3
20.08	3
20.08	3
20.08	3
20.08	3
20.08	3
20.08	3
20.08	2
20.08	3
20.08	3
20.08	3
20.08	3
20.08	3
20.08	3
20.08	3
20.08	4
20.08	3
20.08	4
20.08	3
20.08	3
20.08	2
20.08	3
20.08	3
20.08	3
20.08	3
20.08	3
20.08	3
20.08	3
20.08	3
20.08	3
20.08	3
20.08	3
20.08	3
20.08	3
20.08	3
20.08	3
20.08	3
20.08	3
20.08	3
20.08	3
20.08	3
20.08	3
20.08	3
20.08	3
20.08	3
20.08	3
20.08	3
20.08	3
20.08	3
20.08	3
20.083	3
20.083	3
20.083	3
20.083	3
20.083	3
20.083	3
20.083	3
20.083	3
20.083	3
20.083	3
20.083	3
20.083	3
20.083	3
20.083	3
20.083	3
20.083	3
20.083	3
20.083	3
20.083	3
20.083	3
20.083	3
20.083	2
20.083	3
20.083	3
20.083	3
20.083	3
20.083	3
20.083	3
20.083	3
20.083	4
20.083	3
20.083	4
20.083	3
20.083	3
20.083	3
20.083	3
20.083	3
20.083	3
20.083	3
20.083	3
20.083	3
20.083	3
20.083	3
20.083	3
20.083	3
20.083	3
20.083	3
20.083	3
20.083	3
20.083	3
20.083	3
20.083	3
20.083	3
20.083	3
20.083	3
20.083	3
20.083	3
20.083	3
20.083	3
20.083	3
20.083	3
20.083	3
20.083	3
20.083	3
20.14	3
20.14	3
20.14	3
20.14	3
20.14	3
20.14	3
20.14	3
20.14	3
20.14	3
20.14	3
20.14	3
20.14	3
20.14	3
20.14	3
20.14	3
20.14	3
20.14	3
20.14	3
20.14	3
20.14	3
20.14	3
20.14	2
20.14	3
20.14	3
20.14	3
20.14	3
20.14	3
20.14	3
20.14	3
20.14	4
20.14	3
20.14	5
20.14	3
20.14	3
20.14	3
20.14	3
20.14	3
20.14	3
20.14	3
20.14	3
20.14	3
20.14	3
20.14	3
20.14	3
20.14	3
20.14	3
20.14	3
20.14	3
20.14	3
20.14	3
20.14	3
20.14	3
20.14	3
20.14	3
20.14	3
20.14	3
20.14	3
20.14	3
20.14	3
20.14	3
20.14	3
20.14	3
20.14	3
20.14	3
20.145	3
20.145	3
20.145	4
20.145	3
20.145	3
20.145	3
20.145	3
20.145	3
20.145	3
20.145	3
20.145	3
20.145	3
20.145	3
20.145	3
20.145	3
20.145	3
20.145	3
20.145	3
20.145	3
20.145	3
20.145	3
20.145	2
20.145	3
20.145	3
20.145	3
20.145	3
20.145	3
20.145	3
20.145	3
20.145	4
20.145	3
20.145	5
20.145	3
20.145	3
20.145	3
20.145	3
20.145	3
20.145	3
20.145	3
20.145	3
20.145	3
20.145	3
20.145	3
20.145	3
20.145	3
20.145	3
20.145	3
20.145	3
20.145	3
20.145	3
20.145	3
20.145	3
20.145	3
20.145	3
20.145	3
20.145	3
20.145	3
20.145	3
20.145	3
20.145	3
20.145	3
20.145	3
20.145	3
20.145	3
20.146	3
20.146	3
20.146	4
20.146	3
20.146	3
20.146	3
20.146	3
20.146	3
20.146	3
20.146	3
20.146	3
20.146	3
20.146	3
20.146	3
20.146	3
20.146	3
20.146	3
20.146	3
20.146	3
20.146	3
20.146	3
20.146	3
20.146	3
20.146	3
20.146	3
20.146	3
20.146	3
20.146	3
20.146	3
20.146	4
20.146	3
20.146	5
20.146	3
20.146	3
20.146	3
20.146	3
20.146	3
20.146	3
20.146	3
20.146	3
20.146	3
20.146	3
20.146	3
20.146	3
20.146	3
20.146	3
20.146	3
20.146	3
20.146	3
20.146	3
20.146	3
20.146	3
20.146	3
20.146	3
20.146	3
20.146	3
20.146	3
20.146	3
20.146	3
20.146	3
20.146	3
20.146	3
20.146	3
20.146	3
20.206	3
20.206	3
20.206	4
20.206	3
20.206	3
20.206	3
20.206	3
20.206	3
20.206	3
20.206	3
20.206	3
20.206	3
20.206	3
20.206	3
20.206	3
20.206	3
20.206	3
20.206	3
20.206	3
20.206	3
20.206	3
20.206	4
20.206	3
20.206	3
20.206	3
20.206	3
20.206	3
20.206	3
20.206	3
20.206	4
20.206	3
20.206	5
20.206	3
20.206	3
20.206	3
20.206	3
20.206	3
20.206	3
20.206	3
20.206	3
20.206	3
20.206	3
20.206	3
20.206	3
20.206	3
20.206	3
20.206	3
20.206	3
20.206	3
20.206	3
20.206	3
20.206	3
20.206	3
20.206	3
20.206	3
20.206	3
20.206	3
20.206	3
20.206	3
20.206	3
20.206	3
20.206	3
20.206	3
20.206	3
20.22	3
20.22	3
20.22	4
20.22	3
20.22	3
20.22	3
20.22	3
20.22	4
20.22	3
20.22	3
20.22	3
20.22	3
20.22	3
20.22	3
20.22	3
20.22	3
20.22	3
20.22	3
20.22	3
20.22	3
20.22	3
20.22	4
20.22	3
20.22	3
20.22	3
20.22	3
20.22	3
20.22	3
20.22	3
20.22	4
20.22	3
20.22	5
20.22	3
20.22	3
20.22	3
20.22	3
20.22	3
20.22	3
20.22	3
20.22	3
20.22	3
20.22	3
20.22	3
20.22	3
20.22	3
20.22	3
20.22	3
20.22	3
20.22	3
20.22	3
20.22	3
20.22	3
20.22	3
20.22	3
20.22	3
20.22	3
20.22	3
20.22	3
20.22	3
20.22	3
20.22	3
20.22	3
20.22	3
20.22	3
20.267	3
20.267	3
20.267	4
20.267	3
20.267	3
20.267	3
20.267	3
20.267	4
20.267	3
20.267	3
20.267	3
20.267	3
20.267	3
20.267	3
20.267	3
20.267	3
20.267	3
20.267	3
20.267	3
20.267	3
20.267	3
20.267	5
20.267	3
20.267	3
20.267	3
20.267	3
20.267	3
20.267	3
20.267	3
20.267	4
20.267	3
20.267	5
20.267	3
20.267	3
20.267	3
20.267	3
20.267	3
20.267	3
20.267	3
20.267	3
20.267	3
20.267	3
20.267	3
20.267	3
20.267	3
20.267	3
20.267	3
20.267	3
20.267	3
20.267	3
20.267	3
20.267	3
20.267	3
20.267	3
20.267	3
20.267	3
20.267	3
20.267	3
20.267	3
20.267	3
20.267	3
20.267	3
20.267	3
20.267	3
20.318	3
20.318	3
20.318	4
20.318	3
20.318	3
20.318	3
20.318	3
20.318	4
20.318	3
20.318	3
20.318	3
20.318	3
20.318	3
20.318	3
20.318	3
20.318	3
20.318	3
20.318	3
20.318	3
20.318	3
20.318	3
20.318	5
20.318	3
20.318	3
20.318	3
20.318	3
20.318	3
20.318	3
20.318	3
20.318	4
20.318	4
20.318	5
20.318	3
20.318	3
20.318	3
20.318	3
20.318	3
20.318	3
20.318	3
20.318	3
20.318	3
20.318	3
20.318	3
20.318	3
20.318	3
20.318	3
20.318	3
20.318	3
20.318	3
20.318	3
20.318	3
20.318	3
20.318	3
20.318	3
20.318	3
20.318	3
20.318	3
20.318	3
20.318	3
20.318	3
20.318	3
20.318	3
20.318	3
20.318	3
20.324	3
20.324	3
20.324	4
20.324	3
20.324	3
20.324	3
20.324	3
20.324	4
20.324	3
20.324	3
20.324	3
20.324	3
20.324	3
20.324	3
20.324	3
20.324	3
20.324	3
20.324	3
20.324	3
20.324	3
20.324	3
20.324	5
20.324	3
20.324	3
20.324	3
20.324	3
20.324	3
20.324	3
20.324	3
20.324	4
20.324	5
20.324	5
20.324	3
20.324	3
20.324	3
20.324	3
20.324	3
20.324	3
20.324	3
20.324	3
20.324	3
20.324	3
20.324	3
20.324	3
20.324	3
20.324	3
20.324	3
20.324	3
20.324	3
20.324	3
20.324	3
20.324	3
20.324	3
20.324	3
20.324	3
20.324	3
20.324	3
20.324	3
20.324	3
20.324	3
20.324	3
20.324	3
20.324	3
20.324	3
20.329	3
20.329	3
20.329	4
20.329	3
20.329	3
20.329	3
20.329	3
20.329	4
20.329	3
20.329	3
20.329	3
20.329	3
20.329	3
20.329	3
20.329	3
20.329	3
20.329	3
20.329	3
20.329	3
20.329	3
20.329	3
20.329	5
20.329	3
20.329	3
20.329	3
20.329	3
20.329	3
20.329	3
20.329	3
20.329	4
20.329	6
20.329	5
20.329	3
20.329	3
20.329	3
20.329	3
20.329	3
20.329	3
20.329	3
20.329	3
20.329	3
20.329	3
20.329	3
20.329	3
20.329	3
20.329	3
20.329	3
20.329	3
20.329	3
20.329	3
20.329	3
20.329	3
20.329	3
20.329	3
20.329	3
20.329	3
20.329	3
20.329	3
20.329	3
20.329	3
20.329	3
20.329	3
20.329	3
20.329	3
20.379	3
20.379	3
20.379	5
20.379	3
20.379	3
20.379	3
20.379	3
20.379	4
20.379	3
20.379	3
20.379	3
20.379	3
20.379	3
20.379	3
20.379	3
20.379	3
20.379	3
20.379	3
20.379	3
20.379	3
20.379	3
20.379	5
20.379	3
20.379	3
20.379	3
20.379	3
20.379	3
20.379	3
20.379	3
20.379	4
20.379	6
20.379	5
20.379	3
20.379	3
20.379	3
20.379	3
20.379	3
20.379	3
20.379	3
20.379	3
20.379	3
20.379	3
20.379	3
20.379	3
20.379	3
20.379	3
20.379	3
20.379	3
20.379	3
20.379	3
20.379	3
20.379	3
20.379	3
20.379	3
20.379	3
20.379	3
20.379	3
20.379	3
20.379	3
20.379	3
20.379	3
20.379	3
20.379	3
20.379	3
20.429	3
20.429	3
20.429	5
20.429	3
20.429	3
20.429	3
20.429	3
20.429	4
20.429	3
20.429	3
20.429	3
20.429	3
20.429	3
20.429	3
20.429	3
20.429	3
20.429	3
20.429	3
20.429	3
20.429	3
20.429	3
20.429	5
20.429	3
20.429	3
20.429	3
20.429	3
20.429	3
20.429	3
20.429	3
20.429	4
20.429	6
20.429	5
20.429	3
20.429	3
20.429	4
20.429	3
20.429	3
20.429	3
20.429	3
20.429	3
20.429	3
20.429	3
20.429	3
20.429	3
20.429	3
20.429	3
20.429	3
20.429	3
20.429	3
20.429	3
20.429	3
20.429	3
20.429	3
20.429	3
20.429	3
20.429	3
20.429	3
20.429	3
20.429	3
20.429	3
20.429	3
20.429	3
20.429	3
20.429	3
20.511	3
20.511	3
20.511	5
20.511	3
20.511	3
20.511	3
20.511	3
20.511	4
20.511	3
20.511	3
20.511	3
20.511	3
20.511	3
20.511	3
20.511	3
20.511	3
20.511	3
20.511	3
20.511	3
20.511	3
20.511	3
20.511	5
20.511	3
20.511	3
20.511	3
20.511	3
20.511	3
20.511	3
20.511	3
20.511	4
20.511	6
20.511	5
20.511	3
20.511	3
20.511	5
20.511	3
20.511	3
20.511	3
20.511	3
20.511	3
20.511	3
20.511	3
20.511	3
20.511	3
20.511	3
20.511	3
20.511	3
20.511	3
20.511	3
20.511	3
20.511	3
20.511	3
20.511	3
20.511	3
20.511	3
20.511	3
20.511	3
20.511	3
20.511	3
20.511	3
20.511	3
20.511	3
20.511	3
20.511	3
20.521	3
20.521	3
20.521	5
20.521	3
20.521	3
20.521	3
20.521	3
20.521	4
20.521	3
20.521	3
20.521	3
20.521	3
20.521	3
20.521	3
20.521	3
20.521	3
20.521	3
20.521	3
20.521	3
20.521	3
20.521	3
20.521	6
20.521	3
20.521	3
20.521	3
20.521	3
20.521	3
20.521	3
20.521	3
20.521	4
20.521	6
20.521	5
20.521	3
20.521	3
20.521	5
20.521	3
20.521	3
20.521	3
20.521	3
20.521	3
20.521	3
20.521	3
20.521	3
20.521	3
20.521	3
20.521	3
20.521	3
20.521	3
20.521	3
20.521	3
20.521	3
20.521	3
20.521	3
20.521	3
20.521	3
20.521	3
20.521	3
20.521	3
20.521	3
20.521	3
20.521	3
20.521	3
20.521	3
20.521	3
20.575	3
20.575	3
20.575	5
20.575	3
20.575	3
20.575	3
20.575	3
20.575	4
20.575	3
20.575	3
20.575	3
20.575	3
20.575	3
20.575	3
20.575	3
20.575	3
20.575	3
20.575	3
20.575	3
20.575	3
20.575	3
20.575	6
20.575	3
20.575	3
20.575	3
20.575	3
20.575	3
20.575	3
20.575	3
20.575	4
20.575	6
20.575	5
20.575	3
20.575	3
20.575	6
20.575	3
20.575	3
20.575	3
20.575	3
20.575	3
20.575	3
20.575	3
20.575	3
20.575	3
20.575	3
20.575	3
20.575	3
20.575	3
20.575	3
20.575	3
20.575	3
20.575	3
20.575	3
20.575	3
20.575	3
20.575	3
20.575	3
20.575	3
20.575	3
20.575	3
20.575	3
20.575	3
20.575	3
20.575	3
22.109	3
22.109	3
22.109	5
22.109	3
22.109	3
22.109	3
22.109	3
22.109	4
22.109	3
22.109	3
22.109	3
22.109	3
22.109	3
22.109	3
22.109	3
22.109	3
22.109	3
22.109	3
22.109	3
22.109	3
22.109	3
22.109	5
22.109	3
22.109	3
22.109	3
22.109	3
22.109	3
22.109	3
22.109	3
22.109	4
22.109	6
22.109	5
22.109	3
22.109	3
22.109	6
22.109	3
22.109	3
22.109	3
22.109	3
22.109	3
22.109	3
22.109	3
22.109	3
22.109	3
22.109	3
22.109	3
22.109	3
22.109	3
22.109	3
22.109	3
22.109	3
22.109	3
22.109	3
22.109	3
22.109	3
22.109	3
22.109	3
22.109	3
22.109	3
22.109	3
22.109	3
22.109	3
22.109	3
22.109	3
23.434	3
23.434	3
23.434	5
23.434	3
23.434	3
23.434	3
23.434	3
23.434	4
23.434	3
23.434	3
23.434	3
23.434	3
23.434	3
23.434	3
23.434	3
23.434	3
23.434	3
23.434	3
23.434	3
23.434	3
23.434	3
23.434	5
23.434	3
23.434	3
23.434	3
23.434	3
23.434	3
23.434	3
23.434	3
23.434	4
23.434	6
23.434	5
23.434	3
23.434	3
23.434	5
23.434	3
23.434	3
23.434	3
23.434	3
23.434	3
23.434	3
23.434	3
23.434	3
23.434	3
23.434	3
23.434	3
23.434	3
23.434	3
23.434	3
23.434	3
23.434	3
23.434	3
23.434	3
23.434	3
23.434	3
23.434	3
23.434	3
23.434	3
23.434	3
23.434	3
23.434	3
23.434	3
23.434	3
23.434	3
23.681	3
23.681	3
23.681	5
23.681	3
23.681	3
23.681	3
23.681	3
23.681	4
23.681	3
23.681	3
23.681	3
23.681	3
23.681	3
23.681	3
23.681	3
23.681	3
23.681	3
23.681	3
23.681	3
23.681	3
23.681	3
23.681	5
23.681	3
23.681	3
23.681	3
23.681	3
23.681	3
23.681	3
23.681	3
23.681	4
23.681	6
23.681	4
23.681	3
23.681	3
23.681	5
23.681	3
23.681	3
23.681	3
23.681	3
23.681	3
23.681	3
23.681	3
23.681	3
23.681	3
23.681	3
23.681	3
23.681	3
23.681	3
23.681	3
23.681	3
23.681	3
23.681	3
23.681	3
23.681	3
23.681	3
23.681	3
23.681	3
23.681	3
23.681	3
23.681	3
23.681	3
23.681	3
23.681	3
23.681	3
23.79	3
23.79	3
23.79	4
23.79	3
23.79	3
23.79	3
23.79	3
23.79	4
23.79	3
23.79	3
23.79	3
23.79	3
23.79	3
23.79	3
23.79	3
23.79	3
23.79	3
23.79	3
23.79	3
23.79	3
23.79	3
23.79	5
23.79	3
23.79	3
23.79	3
23.79	3
23.79	3
23.79	3
23.79	3
23.79	4
23.79	6
23.79	4
23.79	3
23.79	3
23.79	5
23.79	3
23.79	3
23.79	3
23.79	3
23.79	3
23.79	3
23.79	3
23.79	3
23.79	3
23.79	3
23.79	3
23.79	3
23.79	3
23.79	3
23.79	3
23.79	3
23.79	3
23.79	3
23.79	3
23.79	3
23.79	3
23.79	3
23.79	3
23.79	3
23.79	3
23.79	3
23.79	3
23.79	3
23.79	3
24.577	3
24.577	3
24.577	4
24.577	3
24.577	3
24.577	3
24.577	3
24.577	4
24.577	3
24.577	3
24.577	3
24.577	3
24.577	3
24.577	3
24.577	3
24.577	3
24.577	3
24.577	3
24.577	3
24.577	3
24.577	3
24.577	4
24.577	3
24.577	3
24.577	3
24.577	3
24.577	3
24.577	3
24.577	3
24.577	4
24.577	6
24.577	4
24.577	3
24.577	3
24.577	5
24.577	3
24.577	3
24.577	3
24.577	3
24.577	3
24.577	3
24.577	3
24.577	3
24.577	3
24.577	3
24.577	3
24.577	3
24.577	3
24.577	3
24.577	3
24.577	3
24.577	3
24.577	3
24.577	3
24.577	3
24.577	3
24.577	3
24.577	3
24.577	3
24.577	3
24.577	3
24.577	3
24.577	3
24.577	3
25.627	3
25.627	3
25.627	3
25.627	3
25.627	3
25.627	3
25.627	3
25.627	4
25.627	3
25.627	3
25.627	3
25.627	3
25.627	3
25.627	3
25.627	3
25.627	3
25.627	3
25.627	3
25.627	3
25.627	3
25.627	3
25.627	4
25.627	3
25.627	3
25.627	3
25.627	3
25.627	3
25.627	3
25.627	3
25.627	4
25.627	6
25.627	4
25.627	3
25.627	3
25.627	5
25.627	3
25.627	3
25.627	3
25.627	3
25.627	3
25.627	3
25.627	3
25.627	3
25.627	3
25.627	3
25.627	3
25.627	3
25.627	3
25.627	3
25.627	3
25.627	3
25.627	3
25.627	3
25.627	3
25.627	3
25.627	3
25.627	3
25.627	3
25.627	3
25.627	3
25.627	3
25.627	3
25.627	3
25.627	3
25.986	3
25.986	3
25.986	3
25.986	3
25.986	3
25.986	3
25.986	3
25.986	4
25.986	3
25.986	3
25.986	3
25.986	3
25.986	3
25.986	3
25.986	3
25.986	3
25.986	3
25.986	3
25.986	3
25.986	3
25.986	3
25.986	3
25.986	3
25.986	3
25.986	3
25.986	3
25.986	3
25.986	3
25.986	3
25.986	4
25.986	6
25.986	4
25.986	3
25.986	3
25.986	5
25.986	3
25.986	3
25.986	3
25.986	3
25.986	3
25.986	3
25.986	3
25.986	3
25.986	3
25.986	3
25.986	3
25.986	3
25.986	3
25.986	3
25.986	3
25.986	3
25.986	3
25.986	3
25.986	3
25.986	3
25.986	3
25.986	3
25.986	3
25.986	3
25.986	3
25.986	3
25.986	3
25.986	3
25.986	3
27.288	3
27.288	3
27.288	3
27.288	3
27.288	3
27.288	3
27.288	3
27.288	4
27.288	3
27.288	3
27.288	3
27.288	3
27.288	3
27.288	3
27.288	3
27.288	3
27.288	3
27.288	3
27.288	3
27.288	3
27.288	3
27.288	3
27.288	3
27.288	3
27.288	3
27.288	3
27.288	3
27.288	3
27.288	3
27.288	4
27.288	5
27.288	4
27.288	3
27.288	3
27.288	5
27.288	3
27.288	3
27.288	3
27.288	3
27.288	3
27.288	3
27.288	3
27.288	3
27.288	3
27.288	3
27.288	3
27.288	3
27.288	3
27.288	3
27.288	3
27.288	3
27.288	3
27.288	3
27.288	3
27.288	3
27.288	3
27.288	3
27.288	3
27.288	3
27.288	3
27.288	3
27.288	3
27.288	3
27.288	3
29.544	3
29.544	3
29.544	3
29.544	3
29.544	3
29.544	3
29.544	3
29.544	4
29.544	3
29.544	3
29.544	3
29.544	3
29.544	3
29.544	3
29.544	3
29.544	3
29.544	3
29.544	3
29.544	3
29.544	3
29.544	3
29.544	3
29.544	3
29.544	3
29.544	3
29.544	3
29.544	3
29.544	3
29.544	3
29.544	3
29.544	5
29.544	4
29.544	3
29.544	3
29.544	5
29.544	3
29.544	3
29.544	3
29.544	3
29.544	3
29.544	3
29.544	3
29.544	3
29.544	3
29.544	3
29.544	3
29.544	3
29.544	3
29.544	3
29.544	3
29.544	3
29.544	3
29.544	3
29.544	3
29.544	3
29.544	3
29.544	3
29.544	3
29.544	3
29.544	3
29.544	3
29.544	3
29.544	3
29.544	3
30.991	3
30.991	3
30.991	3
30.991	3
30.991	3
30.991	3
30.991	3
30.991	4
30.991	3
30.991	3
30.991	3
30.991	3
30.991	3
30.991	3
30.991	3
30.991	3
30.991	3
30.991	3
30.991	3
30.991	3
30.991	3
30.991	3
30.991	3
30.991	3
30.991	3
30.991	3
30.991	3
30.991	3
30.991	3
30.991	3
30.991	4
30.991	4
30.991	3
30.991	3
30.991	5
30.991	3
30.991	3
30.991	3
30.991	3
30.991	3
30.991	3
30.991	3
30.991	3
30.991	3
30.991	3
30.991	3
30.991	3
30.991	3
30.991	3
30.991	3
30.991	3
30.991	3
30.991	3
30.991	3
30.991	3
30.991	3
30.991	3
30.991	3
30.991	3
30.991	3
30.991	3
30.991	3
30.991	3
30.991	3
31.575	3
31.575	3
31.575	3
31.575	3
31.575	3
31.575	3
31.575	3
31.575	4
31.575	3
31.575	3
31.575	3
31.575	3
31.575	3
31.575	3
31.575	3
31.575	3
31.575	3
31.575	3
31.575	3
31.575	3
31.575	3
31.575	3
31.575	3
31.575	3
31.575	3
31.575	3
31.575	3
31.575	3
31.575	3
31.575	3
31.575	3
31.575	4
31.575	3
31.575	3
31.575	5
31.575	3
31.575	3
31.575	3
31.575	3
31.575	3
31.575	3
31.575	3
31.575	3
31.575	3
31.575	3
31.575	3
31.575	3
31.575	3
31.575	3
31.575	3
31.575	3
31.575	3
31.575	3
31.575	3
31.575	3
31.575	3
31.575	3
31.575	3
31.575	3
31.575	3
31.575	3
31.575	3
31.575	3
31.575	3
32.566	3
32.566	3
32.566	3
32.566	3
32.566	3
32.566	3
32.566	3
32.566	4
32.566	3
32.566	3
32.566	3
32.566	3
32.566	3
32.566	3
32.566	3
32.566	3
32.566	3
32.566	3
32.566	3
32.566	3
32.566	3
32.566	3
32.566	3
32.566	3
32.566	3
32.566	3
32.566	3
32.566	3
32.566	3
32.566	3
32.566	3
32.566	4
32.566	3
32.566	3
32.566	4
32.566	3
32.566	3
32.566	3
32.566	3
32.566	3
32.566	3
32.566	3
32.566	3
32.566	3
32.566	3
32.566	3
32.566	3
32.566	3
32.566	3
32.566	3
32.566	3
32.566	3
32.566	3
32.566	3
32.566	3
32.566	3
32.566	3
32.566	3
32.566	3
32.566	3
32.566	3
32.566	3
32.566	3
32.566	3
42.05	3
42.05	3
42.05	3
42.05	3
42.05	3
42.05	3
42.05	3
42.05	3
42.05	3
42.05	3
42.05	3
42.05	3
42.05	3
42.05	3
42.05	3
42.05	3
42.05	3
42.05	3
42.05	3
42.05	3
42.05	3
42.05	3
42.05	3
42.05	3
42.05	3
42.05	3
42.05	3
42.05	3
42.05	3
42.05	3
42.05	3
42.05	4
42.05	3
42.05	3
42.05	4
42.05	3
42.05	3
42.05	3
42.05	3
42.05	3
42.05	3
42.05	3
42.05	3
42.05	3
42.05	3
42.05	3
42.05	3
42.05	3
42.05	3
42.05	3
42.05	3
42.05	3
42.05	3
42.05	3
42.05	3
42.05	3
42.05	3
42.05	3
42.05	3
42.05	3
42.05	3
42.05	3
42.05	3
42.05	3
44.648	3
44.648	3
44.648	3
44.648	3
44.648	3
44.648	3
44.648	3
44.648	3
44.648	3
44.648	3
44.648	3
44.648	3
44.648	3
44.648	3
44.648	3
44.648	3
44.648	3
44.648	3
44.648	3
44.648	3
44.648	3
44.648	3
44.648	3
44.648	3
44.648	3
44.648	3
44.648	3
44.648	3
44.648	3
44.648	3
44.648	3
44.648	3
44.648	3
44.648	3
44.648	4
44.648	3
44.648	3
44.648	3
44.648	3
44.648	3
44.648	3
44.648	3
44.648	3
44.648	3
44.648	3
44.648	3
44.648	3
44.648	3
44.648	3
44.648	3
44.648	3
44.648	3
44.648	3
44.648	3
44.648	3
44.648	3
44.648	3
44.648	3
44.648	3
44.648	3
44.648	3
44.648	3
44.648	3
44.648	3
49.395	3
49.395	3
49.395	3
49.395	3
49.395	3
49.395	3
49.395	3
49.395	3
49.395	3
49.395	3
49.395	3
49.395	3
49.395	3
49.395	3
49.395	3
49.395	3
49.395	3
49.395	3
49.395	3
49.395	3
49.395	3
49.395	3
49.395	3
49.395	3
49.395	3
49.395	3
49.395	3
49.395	3
49.395	3
49.395	3
49.395	3
49.395	3
49.395	3
49.395	3
49.395	3
49.395	3
49.395	3
49.395	3
49.395	3
49.395	3
49.395	3
49.395	3
49.395	3
49.395	3
49.395	3
49.395	3
49.395	3
49.395	3
49.395	3
49.395	3
49.395	3
49.395	3
49.395	3
49.395	3
49.395	3
49.395	3
49.395	3
49.395	3
49.395	3
49.395	3
49.395	3
49.395	3
49.395	3
49.395	3
