0.001	1
0.002	1
0.003	1
0.004	1
0.005	1
0.006	1
0.007	1
0.008	1
0.009	1
0.01	1.0172413793103448
0.02	1.15625
0.03	1.225
0.04	1.6
0.05	1.2857142857142858
0.06	1.6
0.07	1.4285714285714286
0.08	2
0.09	1.5
0.1	1.834710743801653
0.2	2.787425149700599
0.3	3.8514851485148514
0.4	4.375
0.5	5.277915632754342
0.6	6.775147928994083
0.7	7.88479262672811
0.8	8.5
1.0	8.725
2.0	8.65625
3.0	8.53125
4.0	8.4375
5.0	8.375
6.0	8.21875
7.0	7.9375
8.0	7.625
10.0	7.15625
20.0	6.487179487179487
30.0	4.800480769230769
40.0	4.141544117647059
50.0	3.90625
60.0	3.46875
70.0	3.25
80.0	3.09375
