0.0	1
0.0	1
0.0	1
0.0	1
0.0	1
0.0	1
0.0	1
0.0	1
0.0	1
0.0	1
0.0	1
0.0	1
0.0	1
0.0	1
0.0	1
0.0	1
0.0	1
0.0	1
0.0	1
0.0	1
0.0	1
0.001	1
0.001	1
0.001	1
0.001	1
0.001	1
0.001	1
0.001	1
0.001	1
0.001	1
0.001	1
0.001	1
0.001	1
0.001	1
0.001	1
0.001	1
0.001	1
0.002	1
0.002	1
0.002	1
0.002	1
0.002	1
0.002	1
0.002	1
0.002	1
0.002	1
0.002	1
0.002	1
0.002	1
0.003	1
0.003	1
0.003	1
0.003	1
0.003	1
0.003	1
0.003	1
0.003	1
0.003	1
0.003	1
0.004	1
0.004	1
0.004	1
0.004	1
0.004	1
0.004	1
0.004	1
0.004	1
0.004	1
0.005	1
0.005	1
0.005	1
0.005	1
0.005	1
0.005	1
0.005	1
0.005	1
0.005	1
0.005	1
0.005	1
0.005	1
0.006	1
0.006	1
0.006	1
0.006	1
0.006	1
0.006	1
0.006	1
0.006	1
0.006	1
0.006	1
0.006	1
0.007	1
0.007	1
0.007	1
0.007	1
0.007	1
0.007	1
0.007	1
0.007	1
0.008	1
0.008	1
0.008	1
0.008	1
0.008	1
0.008	1
0.008	1
0.008	1
0.008	1
0.009	1
0.009	1
0.009	1
0.009	1
0.009	1
0.009	1
0.009	1
0.009	1
0.01	1
0.01	1
0.01	1
0.01	1
0.01	1
0.01	1
0.011	1
0.011	1
0.011	1
0.011	1
0.011	2
0.011	1
0.012	1
0.012	1
0.012	1
0.012	1
0.012	1
0.012	1
0.013	1
0.013	1
0.013	1
0.013	1
0.013	1
0.013	1
0.013	1
0.013	1
0.014	1
0.014	1
0.014	1
0.014	1
0.014	1
0.015	1
0.015	1
0.015	1
0.015	1
0.015	1
0.015	1
0.016	1
0.016	1
0.016	1
0.016	1
0.016	1
0.016	1
0.017	1
0.017	1
0.017	1
0.017	1
0.017	2
0.018	1
0.018	1
0.018	1
0.018	1
0.018	1
0.018	2
0.019	1
0.019	2
0.02	1
0.021	1
0.021	1
0.022	1
0.022	2
0.022	1
0.023	2
0.023	1
0.024	1
0.024	1
0.024	1
0.024	1
0.024	1
0.025	1
0.025	1
0.025	1
0.025	1
0.025	1
0.026	2
0.026	1
0.026	1
0.027	1
0.027	2
0.028	1
0.028	1
0.028	1
0.029	1
0.029	1
0.029	2
0.029	1
0.029	1
0.029	1
0.03	1
0.03	2
0.03	1
0.03	2
0.03	1
0.03	1
0.031	1
0.031	2
0.031	2
0.032	1
0.032	1
0.033	1
0.033	1
0.033	1
0.034	2
0.034	1
0.034	1
0.034	2
0.034	1
0.034	1
0.034	1
0.035	3
0.035	2
0.035	1
0.035	1
0.036	2
0.037	1
0.037	1
0.038	2
0.039	3
0.039	1
0.039	2
0.04	1
0.04	2
0.041	1
0.042	1
0.042	1
0.043	1
0.043	2
0.044	3
0.045	1
0.047	1
0.05	1
0.052	2
0.053	1
0.054	2
0.054	1
0.054	1
0.055	1
0.055	1
0.056	2
0.057	1
0.059	1
0.059	2
0.06	2
0.062	1
0.063	2
0.064	3
0.066	1
0.067	2
0.067	1
0.067	1
0.068	1
0.068	1
0.069	3
0.07	1
0.07	1
0.072	2
0.072	1
0.072	2
0.073	2
0.075	1
0.076	2
0.077	3
0.083	1
0.085	2
0.087	1
0.088	2
0.088	1
0.088	1
0.089	1
0.089	1
0.09	3
0.091	1
0.093	1
0.093	2
0.093	1
0.094	2
0.094	2
0.094	2
0.094	1
0.095	1
0.095	1
0.096	2
0.096	3
0.097	2
0.097	1
0.098	3
0.098	1
0.099	1
0.099	2
0.099	2
0.099	2
0.099	1
0.1	2
0.1	1
0.1	1
0.101	3
0.102	2
0.102	1
0.103	2
0.104	1
0.104	3
0.104	1
0.104	2
0.105	2
0.106	2
0.107	2
0.108	3
0.109	3
0.11	1
0.111	1
0.112	2
0.112	2
0.112	2
0.112	1
0.113	2
0.113	1
0.114	3
0.115	1
0.115	1
0.115	1
0.116	2
0.116	2
0.116	1
0.117	2
0.117	1
0.117	2
0.117	2
0.117	1
0.118	2
0.118	3
0.119	1
0.12	2
0.121	3
0.121	1
0.121	2
0.122	3
0.122	2
0.124	2
0.125	3
0.125	1
0.126	4
0.126	2
0.126	2
0.126	1
0.127	2
0.127	1
0.128	1
0.128	3
0.129	2
0.13	2
0.13	1
0.131	1
0.131	2
0.131	2
0.131	2
0.131	1
0.132	1
0.132	2
0.132	2
0.132	1
0.133	3
0.134	2
0.134	2
0.134	2
0.135	3
0.136	4
0.136	1
0.136	2
0.137	2
0.139	2
0.14	3
0.141	4
0.141	1
0.142	1
0.142	2
0.142	2
0.142	1
0.142	1
0.143	2
0.143	1
0.143	2
0.143	2
0.143	1
0.144	2
0.144	3
0.144	2
0.144	1
0.145	2
0.145	3
0.146	2
0.147	1
0.147	1
0.147	2
0.148	2
0.148	1
0.148	2
0.149	3
0.149	2
0.15	2
0.15	1
0.151	4
0.151	2
0.151	2
0.151	2
0.151	1
0.152	4
0.152	5
0.152	2
0.152	1
0.153	4
0.153	3
0.154	2
0.154	1
0.155	2
0.155	2
0.155	1
0.156	1
0.156	2
0.156	2
0.156	1
0.156	1
0.157	2
0.157	3
0.157	2
0.157	3
0.157	1
0.158	1
0.158	2
0.158	2
0.158	1
0.158	1
0.159	1
0.159	2
0.159	3
0.159	2
0.159	3
0.159	1
0.16	3
0.16	5
0.16	1
0.16	2
0.16	2
0.16	2
0.16	1
0.161	3
0.161	5
0.161	2
0.161	3
0.161	1
0.162	1
0.162	2
0.162	2
0.162	2
0.162	3
0.162	1
0.163	2
0.163	2
0.163	2
0.163	1
0.164	5
0.164	1
0.164	2
0.164	3
0.165	5
0.165	2
0.165	2
0.165	2
0.166	5
0.166	1
0.167	1
0.167	5
0.167	2
0.167	1
0.167	2
0.167	2
0.167	3
0.167	1
0.168	5
0.168	3
0.168	2
0.168	1
0.169	3
0.169	6
0.169	3
0.17	2
0.17	2
0.171	2
0.171	5
0.171	1
0.172	6
0.172	2
0.172	2
0.172	2
0.172	3
0.172	1
0.172	1
0.173	3
0.173	2
0.173	3
0.173	2
0.173	1
0.173	2
0.173	4
0.173	1
0.174	3
0.174	2
0.174	1
0.175	3
0.175	2
0.175	2
0.175	2
0.175	3
0.176	5
0.176	2
0.176	1
0.177	3
0.177	6
0.177	2
0.177	2
0.177	3
0.177	4
0.177	1
0.178	2
0.178	3
0.178	2
0.178	2
0.178	2
0.178	1
0.179	3
0.179	3
0.18	3
0.18	2
0.18	2
0.181	6
0.181	2
0.182	6
0.182	6
0.182	2
0.182	2
0.183	2
0.183	6
0.183	3
0.185	3
0.185	2
0.185	1
0.186	6
0.186	3
0.186	4
0.186	2
0.187	6
0.187	2
0.187	1
0.188	2
0.188	3
0.189	2
0.189	2
0.19	3
0.191	3
0.191	2
0.191	2
0.192	3
0.193	2
0.194	2
0.195	3
0.195	6
0.196	6
0.198	1
0.199	3
0.199	4
0.199	2
0.2	2
0.2	1
0.201	4
0.202	2
0.202	2
0.202	1
0.203	3
0.203	4
0.203	2
0.204	3
0.204	2
0.204	2
0.204	2
0.204	1
0.204	1
0.205	3
0.205	4
0.205	3
0.205	4
0.205	2
0.206	2
0.206	2
0.206	1
0.207	2
0.207	4
0.208	6
0.208	2
0.208	2
0.208	2
0.209	6
0.209	3
0.21	2
0.21	2
0.211	2
0.211	3
0.212	6
0.212	1
0.212	1
0.213	6
0.213	3
0.213	3
0.213	4
0.213	4
0.213	4
0.213	2
0.213	2
0.213	1
0.214	6
0.214	2
0.214	2
0.214	1
0.214	1
0.214	4
0.214	4
0.214	2
0.215	2
0.215	6
0.215	4
0.215	4
0.215	2
0.215	1
0.216	2
0.216	2
0.216	4
0.217	3
0.217	2
0.217	1
0.218	2
0.218	2
0.218	3
0.218	3
0.218	4
0.218	4
0.218	3
0.219	2
0.219	3
0.219	3
0.219	2
0.219	3
0.219	2
0.219	1
0.22	3
0.22	4
0.221	4
0.221	2
0.221	3
0.221	3
0.221	2
0.222	6
0.222	6
0.222	4
0.223	4
0.223	6
0.223	6
0.223	6
0.223	2
0.223	3
0.224	6
0.224	3
0.226	4
0.227	6
0.228	6
0.229	2
0.229	2
0.23	2
0.231	4
0.231	4
0.232	4
0.234	2
0.234	1
0.235	4
0.235	4
0.235	3
0.236	4
0.236	2
0.236	1
0.236	1
0.237	4
0.237	4
0.237	4
0.237	3
0.238	2
0.238	2
0.238	1
0.239	4
0.24	2
0.24	3
0.24	2
0.24	1
0.24	1
0.241	3
0.241	4
0.241	4
0.241	4
0.241	4
0.241	3
0.241	3
0.242	3
0.242	3
0.242	2
0.242	2
0.242	1
0.242	1
0.243	4
0.243	3
0.243	4
0.243	4
0.244	6
0.244	2
0.244	2
0.245	6
0.245	4
0.246	6
0.246	3
0.246	3
0.246	3
0.246	3
0.247	6
0.247	3
0.247	3
0.249	5
0.249	6
0.25	6
0.25	6
0.251	2
0.251	6
0.251	6
0.253	5
0.253	2
0.254	1
0.255	5
0.255	4
0.255	4
0.255	3
0.256	2
0.256	1
0.257	2
0.257	2
0.257	4
0.258	2
0.259	5
0.259	5
0.26	3
0.26	3
0.261	4
0.263	6
0.264	6
0.265	6
0.265	1
0.266	4
0.266	4
0.266	3
0.267	2
0.267	1
0.268	4
0.268	1
0.269	3
0.269	4
0.269	4
0.269	3
0.269	1
0.27	2
0.27	1
0.27	4
0.27	5
0.27	3
0.271	2
0.271	3
0.271	3
0.271	4
0.271	2
0.271	1
0.272	4
0.272	3
0.272	4
0.273	5
0.273	3
0.274	6
0.274	3
0.274	3
0.275	6
0.275	4
0.275	3
0.275	3
0.276	6
0.276	4
0.277	6
0.278	6
0.278	6
0.279	6
0.279	6
0.28	6
0.282	2
0.284	5
0.285	3
0.286	3
0.287	5
0.288	5
0.296	1
0.297	5
0.297	5
0.297	3
0.298	2
0.298	1
0.298	1
0.299	4
0.299	5
0.299	5
0.299	3
0.3	3
0.3	2
0.3	1
0.3	1
0.301	4
0.301	5
0.301	5
0.301	4
0.302	3
0.302	3
0.302	3
0.302	2
0.302	1
0.303	4
0.303	4
0.304	4
0.304	3
0.304	3
0.305	6
0.305	4
0.306	6
0.306	4
0.306	3
0.306	1
0.307	6
0.307	6
0.307	4
0.307	5
0.307	5
0.307	4
0.308	6
0.308	2
0.308	1
0.309	6
0.309	6
0.309	4
0.31	6
0.31	3
0.31	2
0.311	6
0.311	5
0.311	5
0.311	4
0.312	4
0.312	4
0.312	2
0.312	1
0.313	3
0.313	4
0.313	4
0.314	3
0.314	2
0.315	5
0.315	3
0.315	6
0.315	5
0.315	5
0.315	4
0.316	6
0.316	4
0.316	4
0.316	2
0.316	1
0.317	5
0.317	3
0.317	6
0.317	4
0.317	4
0.318	3
0.319	5
0.319	6
0.32	6
0.32	5
0.32	4
0.321	6
0.321	4
0.323	3
0.323	6
0.324	6
0.325	5
0.325	6
0.325	2
0.326	5
0.326	5
0.326	4
0.326	3
0.327	3
0.327	2
0.327	1
0.327	5
0.327	5
0.327	4
0.328	4
0.328	2
0.328	1
0.329	5
0.329	3
0.329	4
0.33	3
0.331	3
0.331	5
0.331	4
0.332	4
0.332	5
0.332	4
0.333	5
0.333	4
0.334	6
0.335	6
0.335	6
0.336	6
0.336	6
0.337	6
0.342	4
0.343	4
0.344	5
0.345	5
0.357	3
0.358	5
0.358	5
0.358	4
0.359	2
0.359	1
0.36	4
0.361	3
0.363	5
0.363	4
0.364	4
0.366	6
0.366	3
0.367	6
0.367	5
0.367	5
0.367	4
0.368	6
0.368	3
0.368	1
0.369	4
0.37	3
0.372	5
0.372	4
0.373	4
0.374	4
0.375	6
0.376	6
0.376	6
0.377	6
0.383	4
0.383	3
0.384	5
0.384	5
0.384	4
0.385	6
0.385	3
0.385	1
0.386	4
0.386	3
0.387	3
0.387	6
0.387	5
0.387	4
0.388	3
0.388	1
0.389	6
0.389	4
0.389	4
0.39	4
0.39	3
0.392	6
0.392	6
0.392	4
0.393	6
0.393	4
0.394	6
0.395	6
0.396	6
0.397	6
0.4	4
0.402	6
0.403	4
0.405	6
0.425	3
0.426	6
0.426	5
0.426	4
0.427	3
0.427	1
0.428	4
0.429	3
0.431	6
0.431	4
0.432	4
0.434	6
0.435	7
0.436	6
0.442	4
0.444	6
0.451	3
0.452	6
0.452	5
0.452	4
0.452	3
0.453	3
0.453	1
0.453	6
0.453	5
0.453	4
0.454	4
0.454	3
0.454	1
0.455	3
0.455	4
0.455	3
0.455	3
0.456	3
0.456	7
0.456	8
0.456	5
0.456	5
0.456	4
0.456	4
0.456	3
0.457	6
0.457	4
0.457	3
0.457	3
0.457	1
0.457	1
0.457	8
0.457	5
0.457	4
0.457	4
0.458	4
0.458	6
0.458	4
0.458	4
0.458	4
0.458	3
0.458	1
0.458	8
0.458	5
0.458	4
0.459	4
0.459	3
0.459	3
0.459	4
0.459	3
0.459	1
0.46	6
0.46	3
0.46	4
0.461	7
0.461	6
0.461	6
0.461	6
0.461	4
0.461	4
0.461	3
0.462	6
0.462	7
0.462	4
0.462	4
0.462	6
0.462	4
0.462	4
0.463	6
0.463	4
0.463	6
0.463	4
0.463	8
0.463	5
0.463	4
0.464	6
0.464	6
0.464	4
0.464	3
0.464	1
0.465	7
0.465	7
0.465	6
0.465	4
0.466	6
0.466	6
0.466	7
0.466	6
0.466	3
0.467	6
0.467	7
0.468	5
0.468	6
0.468	7
0.468	4
0.469	5
0.469	4
0.47	6
0.471	7
0.471	6
0.472	5
0.472	5
0.472	7
0.473	6
0.473	6
0.474	7
0.474	7
0.474	6
0.475	7
0.476	7
0.476	4
0.477	8
0.477	5
0.477	4
0.478	3
0.478	1
0.479	6
0.479	4
0.48	3
0.481	7
0.482	7
0.482	4
0.483	4
0.483	4
0.484	8
0.484	5
0.484	4
0.485	6
0.485	3
0.485	1
0.485	4
0.486	7
0.486	4
0.486	8
0.486	6
0.486	4
0.487	6
0.487	3
0.487	3
0.487	1
0.488	4
0.489	7
0.489	5
0.489	3
0.49	4
0.49	4
0.491	7
0.491	5
0.491	8
0.491	6
0.491	4
0.492	6
0.492	4
0.492	3
0.492	1
0.493	6
0.493	7
0.493	4
0.494	6
0.494	6
0.494	3
0.495	8
0.495	7
0.496	6
0.496	7
0.496	5
0.496	4
0.497	4
0.497	8
0.497	6
0.497	4
0.497	4
0.498	3
0.498	1
0.498	9
0.498	6
0.498	4
0.499	6
0.499	4
0.499	3
0.499	1
0.5	6
0.5	7
0.5	4
0.5	4
0.501	6
0.501	4
0.502	8
0.502	6
0.502	7
0.502	5
0.503	4
0.503	7
0.503	5
0.504	8
0.504	4
0.504	4
0.505	6
0.505	9
0.505	6
0.505	4
0.506	7
0.506	6
0.506	3
0.506	1
0.507	7
0.507	6
0.507	7
0.507	4
0.508	6
0.508	4
0.509	8
0.509	4
0.51	7
0.51	5
0.51	9
0.51	6
0.51	5
0.51	4
0.511	4
0.511	3
0.511	1
0.511	9
0.511	6
0.511	5
0.512	4
0.512	3
0.512	1
0.513	7
0.513	6
0.513	4
0.513	4
0.514	7
0.514	8
0.514	4
0.515	8
0.515	6
0.515	7
0.515	5
0.516	8
0.516	4
0.516	7
0.516	5
0.517	4
0.518	6
0.519	8
0.519	6
0.52	6
0.52	8
0.521	7
0.521	7
0.523	8
0.523	4
0.524	9
0.524	6
0.524	5
0.524	4
0.524	4
0.525	3
0.525	1
0.525	9
0.525	9
0.525	6
0.525	6
0.525	6
0.525	6
0.525	4
0.526	7
0.526	5
0.526	3
0.526	3
0.526	1
0.526	1
0.526	9
0.526	7
0.526	6
0.526	5
0.527	7
0.527	4
0.527	5
0.527	5
0.527	3
0.527	1
0.527	9
0.527	7
0.527	6
0.528	8
0.528	4
0.528	4
0.528	5
0.528	3
0.528	1
0.529	8
0.529	7
0.529	5
0.529	4
0.529	5
0.529	6
0.529	6
0.53	4
0.53	7
0.53	7
0.53	5
0.53	5
0.53	4
0.53	9
0.53	9
0.53	7
0.53	7
0.53	6
0.53	6
0.531	4
0.531	5
0.531	7
0.531	5
0.531	3
0.531	3
0.531	1
0.531	1
0.532	6
0.532	5
0.532	7
0.532	5
0.532	5
0.532	5
0.533	8
0.533	6
0.533	6
0.533	5
0.533	4
0.533	4
0.534	7
0.534	8
0.534	8
0.534	6
0.534	6
0.535	7
0.535	7
0.535	8
0.535	6
0.535	7
0.535	8
0.535	5
0.535	5
0.535	9
0.535	7
0.535	6
0.536	7
0.536	8
0.536	5
0.536	5
0.536	3
0.536	1
0.537	7
0.537	5
0.538	6
0.538	6
0.538	4
0.539	8
0.539	8
0.54	7
0.54	7
0.54	7
0.54	8
0.54	5
0.541	7
0.541	7
0.541	5
0.542	8
0.542	7
0.542	6
0.543	8
0.543	8
0.543	7
0.543	6
0.543	9
0.543	7
0.543	6
0.543	6
0.544	8
0.544	8
0.544	3
0.544	1
0.544	9
0.544	7
0.544	6
0.545	8
0.545	7
0.545	5
0.545	3
0.545	1
0.546	7
0.546	7
0.546	5
0.546	5
0.547	5
0.548	8
0.548	8
0.548	8
0.548	5
0.549	5
0.549	8
0.549	5
0.55	5
0.55	6
0.551	7
0.551	6
0.551	9
0.551	7
0.551	6
0.552	8
0.552	7
0.552	3
0.552	1
0.553	9
0.553	7
0.553	8
0.553	5
0.553	6
0.554	7
0.554	5
0.554	9
0.554	7
0.554	6
0.554	6
0.555	3
0.555	1
0.555	9
0.555	7
0.555	6
0.556	8
0.556	5
0.556	5
0.556	3
0.556	1
0.557	5
0.557	6
0.557	5
0.558	6
0.559	7
0.559	7
0.559	8
0.559	5
0.56	7
0.56	8
0.56	5
0.56	9
0.56	5
0.561	9
0.561	7
0.561	5
0.561	6
0.562	9
0.562	7
0.562	10
0.562	7
0.562	6
0.563	8
0.563	7
0.563	3
0.563	1
0.563	6
0.564	7
0.564	8
0.564	5
0.564	10
0.564	7
0.564	6
0.565	7
0.565	6
0.565	3
0.565	1
0.566	5
0.567	7
0.567	9
0.567	5
0.567	6
0.568	5
0.569	10
0.569	10
0.569	5
0.57	7
0.57	7
0.57	5
0.571	7
0.571	8
0.572	10
0.572	7
0.572	7
0.573	10
0.573	8
0.573	6
0.573	6
0.574	7
0.574	10
0.574	10
0.574	7
0.574	7
0.574	6
0.574	6
0.575	3
0.575	3
0.575	1
0.575	1
0.576	5
0.576	5
0.577	6
0.577	6
0.578	7
0.579	10
0.579	10
0.579	6
0.579	6
0.58	10
0.58	7
0.58	5
0.58	5
0.582	10
0.582	7
0.582	7
0.583	8
0.583	8
0.584	7
0.584	7
0.585	6
0.586	10
0.586	7
0.586	6
0.587	3
0.587	1
0.588	5
0.589	6
0.589	6
0.59	7
0.59	7
0.59	10
0.59	7
0.59	6
0.59	6
0.591	10
0.591	6
0.591	3
0.591	1
0.591	10
0.591	7
0.591	6
0.592	10
0.592	11
0.592	5
0.592	5
0.592	3
0.592	1
0.592	6
0.593	6
0.593	5
0.593	10
0.593	7
0.593	6
0.593	6
0.594	7
0.594	6
0.594	3
0.594	1
0.594	10
0.594	7
0.594	7
0.595	8
0.595	10
0.595	6
0.595	5
0.595	3
0.595	1
0.596	7
0.596	5
0.596	10
0.596	6
0.596	6
0.596	5
0.597	5
0.597	6
0.598	7
0.598	10
0.598	6
0.599	9
0.599	7
0.599	5
0.599	10
0.599	6
0.6	7
0.6	9
0.6	5
0.601	7
0.601	7
0.602	8
0.602	9
0.602	7
0.602	6
0.603	7
0.603	9
0.603	10
0.603	7
0.603	7
0.604	11
0.604	7
0.604	3
0.604	1
0.604	7
0.605	5
0.605	10
0.605	7
0.605	7
0.606	8
0.606	6
0.606	3
0.606	1
0.607	9
0.607	5
0.608	11
0.608	10
0.608	6
0.608	6
0.608	7
0.609	11
0.609	10
0.609	6
0.609	10
0.609	7
0.609	7
0.61	10
0.61	10
0.61	6
0.61	3
0.61	2
0.61	7
0.611	11
0.611	7
0.611	6
0.611	5
0.611	10
0.611	7
0.611	7
0.612	11
0.612	9
0.612	6
0.612	3
0.612	2
0.613	7
0.613	7
0.613	5
0.614	9
0.614	10
0.614	6
0.614	6
0.615	7
0.615	6
0.615	7
0.616	10
0.616	7
0.616	10
0.616	7
0.616	7
0.617	7
0.617	6
0.617	3
0.617	2
0.618	9
0.618	5
0.619	10
0.619	7
0.619	7
0.619	6
0.62	9
0.621	11
0.621	10
0.621	7
0.621	10
0.621	8
0.621	8
0.622	6
0.622	10
0.622	7
0.622	7
0.623	11
0.623	3
0.623	2
0.624	7
0.624	5
0.625	10
0.625	9
0.625	6
0.625	8
0.626	7
0.626	10
0.626	7
0.626	7
0.627	11
0.627	10
0.627	10
0.627	8
0.627	3
0.627	2
0.628	6
0.628	5
0.629	11
0.629	6
0.63	7
0.631	9
0.631	10
0.631	8
0.632	10
0.632	7
0.632	7
0.634	11
0.634	7
0.635	9
0.636	7
0.638	10
0.64	11
0.642	10
0.642	9
0.643	10
0.643	7
0.643	7
0.643	9
0.644	11
0.644	3
0.644	2
0.644	10
0.644	8
0.644	7
0.645	5
0.645	3
0.645	2
0.646	6
0.646	5
0.647	6
0.648	10
0.648	8
0.649	7
0.649	10
0.649	8
0.65	7
0.651	7
0.652	9
0.652	7
0.653	7
0.653	9
0.654	7
0.655	9
0.656	10
0.656	8
0.656	7
0.657	3
0.657	2
0.657	9
0.658	5
0.658	10
0.658	8
0.658	7
0.659	10
0.659	6
0.659	3
0.659	2
0.66	10
0.66	5
0.661	11
0.661	10
0.661	8
0.661	6
0.661	9
0.662	11
0.662	7
0.662	10
0.662	8
0.662	7
0.663	10
0.663	8
0.663	3
0.663	2
0.664	8
0.664	7
0.664	5
0.665	9
0.665	6
0.666	7
0.666	9
0.667	9
0.667	11
0.667	8
0.668	7
0.668	7
0.67	9
0.671	9
0.672	10
0.672	7
0.672	9
0.673	10
0.673	8
0.673	7
0.674	11
0.674	10
0.674	4
0.674	2
0.675	5
0.676	11
0.676	6
0.676	10
0.677	10
0.677	8
0.677	7
0.678	10
0.678	11
0.678	8
0.678	4
0.678	2
0.678	10
0.679	7
0.679	5
0.679	10
0.679	8
0.679	8
0.68	11
0.68	6
0.68	4
0.68	2
0.68	10
0.681	9
0.681	5
0.681	10
0.681	8
0.681	8
0.682	9
0.682	11
0.682	8
0.682	6
0.682	4
0.682	2
0.683	7
0.683	7
0.683	5
0.684	11
0.684	8
0.684	6
0.685	9
0.685	7
0.685	10
0.686	9
0.686	11
0.686	8
0.686	10
0.686	8
0.686	8
0.686	10
0.687	7
0.687	9
0.687	8
0.687	4
0.687	2
0.687	10
0.687	8
0.687	8
0.688	9
0.688	5
0.688	4
0.688	2
0.688	10
0.689	10
0.689	7
0.689	9
0.689	6
0.689	5
0.689	10
0.689	8
0.689	8
0.69	9
0.69	6
0.69	4
0.69	3
0.691	11
0.691	7
0.691	11
0.691	9
0.691	5
0.692	8
0.692	11
0.692	9
0.692	6
0.693	10
0.693	9
0.693	10
0.694	9
0.694	11
0.694	9
0.694	10
0.694	8
0.694	8
0.695	11
0.695	10
0.695	9
0.695	9
0.695	9
0.695	5
0.695	3
0.696	7
0.696	9
0.696	5
0.697	11
0.697	10
0.697	7
0.697	9
0.697	6
0.698	9
0.699	11
0.699	7
0.699	11
0.699	9
0.7	9
0.702	10
0.702	9
0.703	10
0.703	9
0.704	11
0.704	7
0.705	11
0.705	10
0.707	11
0.71	10
0.712	11
0.714	10
0.715	10
0.715	8
0.715	8
0.716	6
0.716	3
0.717	5
0.718	6
0.72	11
0.72	9
0.721	9
0.723	9
0.724	9
0.725	7
0.731	10
0.733	11
0.737	10
0.738	10
0.738	8
0.738	8
0.739	6
0.739	3
0.74	5
0.741	6
0.743	11
0.743	9
0.744	9
0.746	9
0.747	9
0.748	7
0.754	11
0.756	11
0.757	10
0.758	10
0.758	8
0.758	8
0.759	6
0.759	4
0.76	5
0.761	6
0.763	11
0.763	9
0.764	9
0.766	9
0.767	9
0.768	7
0.774	11
0.776	11
0.787	10
0.788	10
0.788	8
0.788	8
0.788	11
0.789	6
0.789	5
0.789	10
0.789	8
0.789	8
0.79	5
0.79	6
0.79	5
0.791	6
0.791	5
0.792	6
0.793	11
0.793	9
0.794	9
0.794	11
0.794	9
0.795	9
0.796	9
0.797	9
0.797	9
0.798	7
0.798	9
0.799	7
0.802	11
0.803	10
0.803	8
0.803	8
0.803	11
0.804	11
0.804	7
0.804	5
0.804	10
0.804	8
0.804	8
0.805	11
0.805	5
0.805	8
0.805	5
0.806	11
0.806	6
0.806	5
0.807	11
0.807	6
0.808	11
0.808	9
0.809	9
0.809	11
0.809	9
0.81	9
0.811	9
0.812	9
0.812	9
0.813	7
0.813	9
0.814	7
0.819	11
0.82	11
0.821	11
0.822	11
0.972	11
0.973	10
0.973	8
0.973	8
0.974	8
0.974	6
0.975	5
0.976	6
0.978	11
0.978	9
0.979	9
0.981	9
0.982	9
0.983	7
0.989	11
0.991	11
1.044	11
1.045	10
1.045	8
1.045	8
1.046	8
1.046	7
1.047	5
1.048	6
1.05	11
1.05	9
1.051	9
1.053	9
1.054	9
1.055	7
1.061	11
1.063	11
1.066	11
1.067	10
1.067	8
1.067	8
1.068	8
1.068	8
1.069	5
1.07	6
1.072	11
1.072	9
1.073	9
1.075	9
1.076	9
1.077	7
1.083	11
1.085	11
1.153	11
1.154	10
1.154	8
1.154	8
1.155	8
1.155	9
1.156	5
1.157	6
1.159	11
1.159	9
1.16	9
1.162	9
1.163	9
1.164	7
1.17	11
1.172	11
1.248	11
1.249	10
1.249	8
1.249	8
1.25	8
1.25	9
1.251	5
1.252	6
1.254	11
1.254	8
1.255	9
1.257	9
1.258	9
1.259	7
1.265	11
1.267	11
2.161	11
2.162	10
2.162	8
2.162	8
2.163	8
2.163	9
2.164	5
2.165	6
2.167	10
2.167	8
2.168	9
2.17	9
2.171	9
2.172	7
2.178	11
2.18	11
2.35	11
2.351	10
2.351	8
2.351	8
2.352	8
2.352	9
2.353	5
2.354	6
2.356	10
2.356	8
2.357	9
2.359	9
2.36	9
2.361	7
2.367	10
2.369	11
2.762	11
2.763	10
2.763	8
2.763	8
2.764	8
2.764	9
2.765	5
2.766	6
2.768	10
2.768	8
2.769	9
2.771	9
2.772	9
2.773	7
2.779	9
2.781	11
3.032	11
3.033	10
3.033	8
3.033	7
3.034	8
3.034	9
3.035	5
3.036	6
3.038	10
3.038	8
3.039	9
3.041	9
3.042	9
3.043	7
3.049	9
3.051	11
3.983	11
3.984	10
3.984	8
3.984	6
3.985	8
3.985	9
3.986	5
3.987	6
3.989	10
3.989	8
3.99	9
3.992	9
3.993	9
3.994	7
4.0	9
4.002	11
5.394	11
5.395	10
5.395	8
5.395	6
5.396	8
5.396	9
5.397	5
5.398	6
5.4	9
5.4	8
5.401	9
5.403	9
5.404	9
5.405	7
5.411	9
5.413	11
5.662	11
5.663	10
5.663	8
5.663	6
5.664	8
5.664	9
5.665	5
5.666	6
5.668	9
5.668	8
5.669	9
5.671	8
5.672	9
5.673	7
5.679	9
5.681	11
5.955	11
5.956	10
5.956	8
5.956	6
5.957	8
5.957	9
5.958	5
5.959	6
5.961	9
5.961	8
5.962	8
5.964	8
5.965	9
5.966	7
5.972	9
5.974	11
5.989	11
5.99	10
5.99	8
5.99	6
5.991	8
5.991	9
5.992	5
5.993	6
5.995	9
5.995	8
5.996	7
5.998	8
5.999	9
6.0	7
6.006	9
6.008	11
6.172	11
6.173	10
6.173	8
6.173	6
6.174	8
6.174	9
6.175	5
6.176	6
6.178	9
6.178	8
6.179	7
6.181	8
6.182	8
6.183	7
6.189	9
6.191	11
6.582	11
6.583	9
6.583	8
6.583	6
6.584	8
6.584	9
6.585	5
6.586	6
6.588	9
6.588	8
6.589	7
6.591	8
6.592	8
6.593	7
6.599	9
6.601	11
6.815	11
6.816	9
6.816	8
6.816	5
6.817	8
6.817	9
6.818	5
6.819	6
6.821	9
6.821	8
6.822	7
6.824	8
6.825	8
6.826	7
6.832	9
6.834	11
6.936	11
6.937	9
6.937	8
6.937	5
6.938	8
6.938	9
6.939	5
6.94	6
6.942	9
6.942	8
6.943	7
6.945	8
6.946	8
6.947	7
6.953	9
6.955	10
7.228	11
7.229	9
7.229	7
7.229	5
7.23	8
7.23	9
7.231	5
7.232	6
7.234	9
7.234	8
7.235	7
7.237	8
7.238	8
7.239	7
7.245	9
7.247	10
7.475	11
7.476	9
7.476	7
7.476	5
7.477	8
7.477	9
7.478	5
7.479	6
7.481	9
7.481	7
7.482	7
7.484	8
7.485	8
7.486	7
7.492	9
7.494	10
7.665	11
7.666	9
7.666	7
7.666	5
7.667	8
7.667	9
7.668	5
7.669	6
7.671	9
7.671	7
7.672	7
7.674	8
7.675	8
7.676	7
7.682	8
7.684	10
7.764	11
7.765	9
7.765	7
7.765	5
7.766	8
7.766	9
7.767	5
7.768	6
7.77	9
7.77	7
7.771	7
7.773	8
7.774	8
7.775	6
7.781	8
7.783	10
8.051	10
8.052	9
8.052	7
8.052	5
8.053	8
8.053	9
8.054	5
8.055	6
8.057	9
8.057	7
8.058	7
8.06	8
8.061	8
8.062	6
8.068	8
8.07	10
8.153	10
8.154	9
8.154	7
8.154	5
8.155	8
8.155	9
8.156	5
8.157	6
8.159	9
8.159	7
8.16	7
8.162	8
8.163	8
8.164	5
8.17	8
8.172	10
8.387	10
8.388	9
8.388	7
8.388	5
8.389	8
8.389	9
8.39	4
8.391	6
8.393	9
8.393	7
8.394	7
8.396	8
8.397	8
8.398	5
8.404	8
8.406	10
9.752	10
9.753	9
9.753	7
9.753	5
9.754	8
9.754	9
9.755	4
9.756	6
9.758	9
9.758	6
9.759	7
9.761	8
9.762	8
9.763	5
9.769	8
9.771	10
9.809	10
9.81	9
9.81	7
9.81	5
9.811	8
9.811	9
9.812	4
9.813	6
9.815	9
9.815	5
9.816	7
9.818	8
9.819	8
9.82	5
9.825	10
9.826	8
9.826	9
9.826	7
9.826	5
9.827	8
9.827	9
9.828	10
9.828	4
9.829	6
9.831	9
9.831	5
9.832	7
9.834	8
9.835	8
9.836	5
9.842	8
9.844	9
9.972	10
9.973	9
9.973	7
9.973	5
9.974	8
9.974	9
9.975	4
9.976	5
9.978	9
9.978	5
9.979	7
9.981	8
9.982	8
9.983	5
9.989	8
9.991	9
10.534	10
10.535	9
10.535	7
10.535	5
10.536	8
10.536	9
10.537	4
10.538	5
10.54	9
10.54	5
10.541	7
10.543	8
10.544	8
10.545	5
10.551	8
10.553	8
10.826	10
10.827	9
10.827	6
10.827	5
10.828	8
10.828	9
10.829	4
10.83	5
10.832	9
10.832	5
10.833	7
10.835	8
10.836	8
10.837	5
10.843	8
10.845	8
11.091	10
11.092	9
11.092	6
11.092	4
11.093	8
11.093	9
11.094	4
11.095	5
11.097	9
11.097	5
11.098	7
11.1	8
11.101	8
11.102	5
11.108	8
11.11	8
12.893	10
12.894	8
12.894	6
12.894	4
12.895	8
12.895	9
12.896	4
12.897	5
12.899	9
12.899	5
12.9	7
12.902	8
12.903	8
12.904	5
12.91	8
12.912	8
13.976	10
13.977	8
13.977	6
13.977	4
13.978	8
13.978	9
13.979	4
13.98	5
13.982	9
13.982	4
13.983	7
13.985	8
13.986	8
13.987	5
13.993	8
13.995	8
14.815	10
14.816	8
14.816	6
14.816	4
14.817	8
14.817	8
14.818	4
14.819	5
14.821	9
14.821	4
14.822	7
14.824	8
14.825	8
14.826	5
14.832	8
14.834	8
17.073	10
17.074	8
17.074	6
17.074	4
17.075	8
17.075	7
17.076	4
17.077	5
17.079	9
17.079	4
17.08	7
17.082	8
17.083	8
17.084	5
17.09	8
17.092	8
17.199	9
17.2	8
17.2	6
17.2	4
17.201	8
17.201	7
17.202	4
17.203	5
17.205	9
17.205	4
17.206	7
17.208	8
17.209	8
17.21	5
17.216	8
17.218	8
17.592	8
17.593	8
17.593	6
17.593	4
17.594	8
17.594	7
17.595	4
17.596	5
17.598	9
17.598	4
17.599	7
17.601	8
17.602	8
17.603	5
17.609	8
17.611	8
17.704	8
17.705	8
17.705	6
17.705	4
17.706	8
17.706	7
17.707	4
17.708	5
17.71	9
17.71	3
17.711	7
17.713	8
17.714	8
17.715	5
17.721	8
17.723	8
17.97	8
17.971	8
17.971	6
17.971	4
17.972	8
17.972	7
17.973	4
17.974	5
17.976	9
17.976	2
17.977	7
17.979	8
17.98	8
17.981	5
17.987	8
17.989	8
18.628	8
18.629	8
18.629	6
18.629	4
18.63	8
18.63	7
18.631	4
18.632	5
18.634	9
18.634	3
18.635	7
18.637	8
18.638	8
18.639	5
18.645	8
18.647	8
18.65	8
18.651	8
18.651	6
18.651	4
18.652	8
18.652	7
18.653	4
18.654	5
18.656	9
18.656	4
18.657	7
18.659	8
18.66	8
18.661	5
18.667	8
18.669	8
18.684	8
18.685	8
18.685	6
18.685	4
18.686	8
18.686	7
18.687	4
18.688	5
18.69	9
18.69	5
18.691	7
18.693	8
18.694	8
18.695	5
18.701	8
18.703	8
18.706	8
18.707	8
18.707	6
18.707	4
18.708	8
18.708	7
18.709	4
18.71	5
18.712	9
18.712	6
18.713	7
18.715	8
18.716	8
18.717	5
18.723	8
18.724	8
18.725	8
18.725	8
18.725	6
18.725	4
18.726	8
18.726	7
18.727	4
18.728	5
18.73	9
18.73	7
18.731	7
18.733	8
18.734	8
18.735	5
18.739	8
18.74	8
18.74	6
18.74	4
18.741	8
18.741	8
18.741	7
18.742	4
18.743	8
18.743	5
18.745	9
18.745	8
18.746	7
18.746	8
18.747	8
18.747	6
18.747	4
18.748	8
18.748	8
18.748	7
18.749	8
18.749	4
18.75	5
18.75	5
18.752	9
18.752	9
18.753	7
18.755	8
18.756	8
18.756	8
18.757	5
18.758	8
18.763	8
18.765	8
18.812	8
18.813	8
18.813	6
18.813	4
18.814	8
18.814	7
18.815	4
18.816	5
18.818	9
18.818	10
18.819	7
18.821	8
18.822	8
18.823	5
18.829	8
18.831	8
19.079	8
19.08	8
19.08	5
19.08	4
19.081	8
19.081	7
19.082	4
19.083	5
19.085	9
19.085	10
19.086	7
19.088	8
19.089	8
19.09	5
19.096	8
19.098	8
19.186	8
19.187	8
19.187	5
19.187	4
19.188	8
19.188	7
19.189	4
19.19	5
19.192	9
19.192	11
19.193	7
19.195	8
19.196	8
19.197	5
19.203	8
19.205	8
19.306	8
19.307	8
19.307	5
19.307	4
19.308	8
19.308	7
19.309	4
19.31	5
19.312	9
19.312	11
19.313	7
19.315	8
19.316	7
19.317	5
19.323	8
19.325	8
19.462	8
19.463	8
19.463	5
19.463	4
19.464	8
19.464	7
19.465	4
19.466	5
19.468	9
19.468	10
19.469	7
19.471	8
19.472	7
19.473	5
19.479	8
19.481	8
19.736	8
19.737	8
19.737	5
19.737	4
19.738	8
19.738	6
19.739	4
19.74	5
19.742	9
19.742	10
19.743	7
19.745	8
19.746	7
19.747	5
19.753	8
19.755	8
20.22	8
20.221	8
20.221	5
20.221	4
20.222	7
20.222	6
20.223	4
20.224	5
20.226	9
20.226	10
20.227	7
20.229	8
20.23	7
20.231	5
20.237	8
20.239	8
20.296	8
20.297	8
20.297	5
20.297	4
20.298	6
20.298	6
20.299	4
20.3	5
20.302	9
20.302	10
20.303	7
20.305	8
20.306	7
20.307	5
20.313	8
20.315	8
20.408	8
20.409	8
20.409	5
20.409	4
20.41	6
20.41	6
20.411	4
20.412	4
20.414	9
20.414	10
20.415	7
20.417	8
20.418	7
20.419	5
20.425	8
20.427	8
20.678	8
20.679	8
20.679	5
20.679	4
20.68	6
20.68	6
20.681	4
20.682	3
20.684	9
20.684	10
20.685	7
20.687	8
20.688	7
20.689	5
20.695	8
20.697	8
20.715	8
20.716	8
20.716	5
20.716	4
20.717	5
20.717	6
20.718	4
20.719	3
20.721	9
20.721	10
20.722	7
20.724	8
20.725	7
20.726	5
20.732	8
20.734	8
20.742	8
20.743	8
20.743	5
20.743	3
20.744	5
20.744	6
20.745	4
20.746	3
20.748	9
20.748	10
20.749	7
20.751	8
20.752	7
20.753	5
20.759	8
20.761	8
20.894	8
20.895	7
20.895	5
20.895	3
20.896	5
20.896	6
20.897	4
20.898	3
20.9	9
20.9	10
20.901	7
20.903	8
20.904	7
20.905	5
20.911	8
20.913	8
20.982	8
20.983	7
20.983	5
20.983	3
20.984	5
20.984	6
20.985	4
20.986	3
20.988	9
20.988	10
20.989	7
20.991	7
20.992	7
20.993	5
20.999	8
21.001	8
21.083	8
21.084	7
21.084	5
21.084	3
21.085	5
21.085	5
21.086	4
21.087	3
21.089	9
21.089	10
21.09	7
21.092	7
21.093	7
21.093	8
21.094	5
21.094	7
21.094	5
21.094	3
21.095	5
21.095	5
21.096	4
21.097	3
21.099	9
21.099	10
21.1	8
21.1	7
21.102	8
21.102	7
21.103	7
21.104	5
21.11	7
21.112	8
21.564	8
21.565	7
21.565	5
21.565	3
21.566	5
21.566	5
21.567	4
21.568	3
21.57	9
21.57	10
21.571	7
21.573	6
21.574	7
21.575	5
21.581	7
21.583	8
21.712	8
21.713	7
21.713	5
21.713	3
21.714	5
21.714	5
21.715	4
21.716	3
21.718	9
21.718	10
21.719	7
21.721	6
21.722	7
21.723	5
21.729	6
21.731	8
21.87	8
21.871	7
21.871	5
21.871	3
21.872	5
21.872	5
21.873	4
21.874	3
21.876	9
21.876	10
21.877	7
21.879	6
21.88	6
21.881	5
21.887	6
21.889	8
21.892	7
21.893	7
21.893	5
21.893	3
21.894	5
21.894	5
21.895	4
21.896	3
21.898	9
21.898	10
21.899	7
21.901	6
21.902	6
21.903	5
21.909	6
21.911	8
22.316	7
22.317	6
22.317	5
22.317	3
22.318	5
22.318	5
22.319	4
22.32	3
22.322	9
22.322	10
22.323	7
22.325	6
22.326	6
22.327	5
22.333	6
22.335	8
22.701	7
22.702	6
22.702	5
22.702	3
22.703	4
22.703	5
22.704	4
22.705	3
22.707	9
22.707	10
22.708	7
22.71	6
22.711	6
22.712	5
22.718	6
22.72	8
23.184	7
23.185	6
23.185	5
23.185	3
23.186	4
23.186	5
23.187	4
23.188	3
23.19	8
23.19	10
23.191	7
23.193	6
23.194	6
23.195	5
23.201	6
23.203	8
23.378	7
23.379	6
23.379	5
23.379	3
23.38	4
23.38	5
23.381	4
23.382	3
23.384	8
23.384	10
23.385	6
23.387	6
23.388	6
23.389	5
23.395	6
23.397	8
23.436	7
23.437	6
23.437	5
23.437	3
23.438	4
23.438	5
23.439	4
23.44	3
23.442	8
23.442	10
23.443	6
23.445	5
23.446	6
23.447	5
23.453	6
23.455	8
24.177	6
24.178	6
24.178	5
24.178	3
24.179	4
24.179	5
24.18	4
24.181	3
24.183	8
24.183	10
24.184	6
24.186	5
24.187	6
24.188	5
24.194	6
24.196	8
24.598	6
24.599	6
24.599	5
24.599	3
24.6	4
24.6	5
24.601	4
24.602	3
24.604	8
24.604	10
24.605	5
24.607	5
24.608	6
24.609	5
24.615	6
24.617	8
25.018	6
25.019	6
25.019	5
25.019	3
25.02	3
25.02	5
25.021	4
25.022	3
25.024	8
25.024	10
25.025	5
25.027	5
25.028	6
25.029	5
25.035	6
25.037	8
25.4	6
25.401	6
25.401	5
25.401	3
25.402	3
25.402	5
25.403	4
25.404	3
25.406	8
25.406	10
25.407	5
25.409	5
25.41	6
25.411	5
25.417	6
25.419	7
25.795	6
25.796	6
25.796	5
25.796	3
25.797	3
25.797	5
25.798	4
25.799	3
25.801	8
25.801	10
25.802	5
25.804	4
25.805	6
25.806	5
25.812	6
25.814	7
26.542	6
26.543	6
26.543	4
26.543	3
26.544	3
26.544	5
26.545	4
26.546	3
26.548	8
26.548	10
26.549	5
26.551	4
26.552	6
26.553	5
26.559	6
26.561	7
26.755	6
26.756	6
26.756	4
26.756	3
26.757	3
26.757	5
26.758	4
26.759	3
26.761	8
26.761	10
26.762	5
26.764	4
26.765	6
26.766	5
26.772	5
26.774	7
27.081	6
27.082	6
27.082	4
27.082	3
27.083	3
27.083	5
27.084	4
27.085	3
27.087	8
27.087	10
27.088	5
27.09	4
27.091	6
27.092	5
27.098	4
27.1	7
28.12	6
28.121	6
28.121	4
28.121	3
28.122	3
28.122	5
28.123	4
28.124	3
28.126	8
28.126	9
28.127	5
28.129	4
28.13	6
28.131	5
28.137	4
28.139	7
28.251	5
28.252	6
28.252	4
28.252	3
28.253	3
28.253	5
28.254	4
28.255	3
28.257	8
28.257	9
28.258	5
28.26	4
28.261	6
28.262	5
28.268	4
28.27	7
28.27	5
28.27	4
28.271	6
28.271	6
28.271	4
28.271	4
28.271	3
28.271	3
28.272	3
28.272	3
28.272	4
28.272	4
28.273	4
28.273	4
28.274	3
28.274	3
28.276	8
28.276	8
28.276	9
28.276	9
28.277	5
28.277	5
28.279	4
28.279	4
28.28	6
28.28	6
28.281	5
28.281	5
28.287	4
28.287	4
28.289	7
28.289	7
28.566	3
28.567	6
28.567	4
28.567	3
28.568	3
28.568	4
28.569	4
28.57	3
28.572	8
28.572	9
28.573	5
28.575	4
28.576	6
28.577	5
28.583	4
28.585	7
28.845	3
28.846	5
28.846	4
28.846	3
28.847	3
28.847	4
28.848	4
28.849	3
28.851	8
28.851	9
28.852	5
28.854	4
28.855	6
28.856	5
28.862	4
28.864	7
29.967	3
29.968	4
29.968	4
29.968	3
29.969	3
29.969	4
29.97	4
29.971	3
29.973	8
29.973	9
29.974	5
29.976	4
29.977	6
29.978	5
29.984	4
29.986	7
30.439	3
30.44	4
30.44	3
30.44	3
30.441	3
30.441	4
30.442	4
30.443	3
30.445	8
30.445	9
30.446	5
30.448	4
30.449	6
30.45	5
30.456	4
30.458	7
30.492	3
30.493	3
30.493	3
30.493	3
30.494	3
30.494	4
30.495	4
30.496	3
30.498	8
30.498	9
30.499	5
30.501	4
30.502	6
30.503	5
30.509	4
30.511	7
30.931	3
30.932	3
30.932	3
30.932	3
30.933	3
30.933	4
30.934	4
30.935	3
30.937	8
30.937	9
30.938	5
30.94	3
30.941	6
30.942	5
30.948	4
30.95	7
30.978	3
30.979	2
30.979	3
30.979	3
30.98	3
30.98	4
30.981	4
30.982	3
30.984	8
30.984	9
30.985	5
30.987	3
30.988	6
30.989	5
30.995	4
30.997	7
31.041	3
31.042	3
31.042	3
31.042	3
31.043	3
31.043	4
31.044	4
31.045	3
31.047	8
31.047	9
31.048	5
31.05	3
31.051	6
31.052	5
31.058	4
31.06	7
31.526	3
31.527	4
31.527	3
31.527	3
31.528	3
31.528	4
31.529	4
31.53	3
31.532	8
31.532	9
31.533	5
31.535	3
31.536	6
31.537	5
31.543	4
31.545	7
31.583	3
31.584	4
31.584	3
31.584	3
31.585	3
31.585	3
31.586	4
31.587	3
31.589	8
31.589	9
31.59	5
31.592	3
31.593	6
31.594	5
31.6	4
31.602	7
32.724	3
32.725	3
32.725	3
32.725	3
32.726	3
32.726	3
32.727	4
32.728	3
32.73	8
32.73	9
32.731	5
32.733	3
32.734	6
32.735	5
32.741	4
32.743	7
33.111	3
33.112	3
33.112	3
33.112	3
33.113	3
33.113	3
33.114	4
33.115	3
33.117	8
33.117	9
33.118	5
33.12	3
33.121	6
33.122	5
33.128	3
33.13	7
33.694	3
33.695	3
33.695	3
33.695	3
33.696	3
33.696	3
33.697	4
33.698	3
33.7	8
33.7	8
33.701	5
33.703	3
33.704	6
33.705	5
33.711	3
33.713	7
34.626	3
34.627	3
34.627	3
34.627	3
34.628	3
34.628	3
34.629	4
34.63	3
34.632	8
34.632	8
34.633	5
34.635	3
34.636	5
34.637	5
34.643	3
34.645	7
34.741	3
34.742	3
34.742	3
34.742	3
34.743	3
34.743	3
34.744	4
34.745	3
34.747	8
34.747	8
34.748	5
34.75	3
34.751	5
34.752	4
34.758	3
34.76	7
34.9	3
34.901	3
34.901	3
34.901	3
34.902	3
34.902	3
34.903	4
34.904	3
34.906	7
34.906	8
34.907	5
34.909	3
34.91	5
34.911	4
34.917	3
34.919	7
35.084	3
35.085	3
35.085	3
35.085	3
35.086	3
35.086	3
35.087	4
35.088	3
35.09	7
35.09	8
35.091	5
35.093	3
35.094	5
35.095	3
35.101	3
35.103	7
35.572	3
35.573	3
35.573	3
35.573	3
35.574	3
35.574	3
35.575	4
35.576	3
35.578	7
35.578	8
35.579	5
35.581	3
35.582	5
35.583	2
35.589	3
35.591	7
35.747	3
35.748	3
35.748	3
35.748	3
35.749	3
35.749	3
35.75	4
35.751	3
35.753	7
35.753	8
35.754	5
35.756	3
35.757	5
35.758	3
35.764	3
35.766	7
35.788	3
35.789	3
35.789	3
35.789	3
35.79	3
35.79	3
35.791	4
35.792	3
35.794	7
35.794	8
35.795	5
35.797	3
35.798	5
35.799	4
35.805	3
35.807	7
35.87	3
35.871	3
35.871	3
35.871	3
35.872	3
35.872	3
35.873	4
35.874	3
35.876	7
35.876	8
35.877	5
35.879	3
35.88	5
35.881	5
35.887	3
35.889	7
36.009	3
36.01	3
36.01	3
36.01	3
36.011	3
36.011	3
36.012	4
36.013	3
36.015	7
36.015	8
36.016	5
36.018	3
36.019	5
36.02	6
36.026	3
36.028	7
36.081	3
36.082	3
36.082	3
36.082	3
36.083	3
36.083	3
36.084	4
36.085	3
36.087	7
36.087	7
36.088	5
36.09	3
36.091	5
36.092	6
36.098	3
36.1	7
36.112	3
36.113	3
36.113	3
36.113	3
36.114	3
36.114	3
36.115	4
36.116	3
36.118	7
36.118	7
36.119	5
36.121	3
36.122	5
36.123	7
36.129	3
36.131	7
36.151	3
36.152	3
36.152	3
36.152	3
36.153	3
36.153	3
36.154	4
36.155	3
36.157	7
36.157	7
36.158	5
36.16	3
36.161	5
36.162	8
36.163	3
36.164	3
36.164	3
36.164	3
36.165	3
36.165	3
36.166	4
36.167	3
36.168	3
36.169	7
36.169	7
36.17	7
36.17	5
36.172	3
36.173	5
36.174	9
36.18	3
36.182	7
36.283	3
36.284	3
36.284	3
36.284	3
36.285	3
36.285	3
36.286	4
36.287	3
36.289	7
36.289	7
36.29	5
36.292	3
36.293	5
36.294	10
36.3	3
36.302	7
36.315	3
36.316	3
36.316	3
36.316	3
36.317	3
36.317	3
36.318	4
36.319	3
36.321	7
36.321	7
36.322	5
36.324	3
36.325	5
36.326	11
36.332	3
36.334	7
37.462	3
37.463	3
37.463	3
37.463	3
37.464	3
37.464	3
37.465	4
37.466	3
37.468	7
37.468	7
37.469	4
37.471	3
37.472	5
37.473	11
37.479	3
37.481	7
39.915	3
39.916	3
39.916	3
39.916	3
39.917	3
39.917	3
39.918	4
39.919	3
39.921	7
39.921	7
39.922	4
39.924	3
39.925	5
39.926	11
39.932	3
39.934	6
40.245	3
40.246	3
40.246	3
40.246	3
40.247	3
40.247	3
40.248	4
40.249	3
40.251	7
40.251	7
40.252	3
40.254	3
40.255	5
40.256	11
40.262	3
40.264	6
40.653	3
40.654	3
40.654	3
40.654	3
40.655	3
40.655	3
40.656	4
40.657	3
40.659	6
40.659	7
40.66	3
40.662	3
40.663	5
40.664	11
40.67	3
40.672	6
40.74	3
40.741	3
40.741	3
40.741	3
40.742	3
40.742	3
40.743	4
40.744	3
40.746	5
40.746	7
40.747	3
40.749	3
40.75	5
40.751	11
40.757	3
40.759	6
41.626	3
41.627	3
41.627	3
41.627	3
41.628	3
41.628	3
41.629	4
41.63	3
41.632	5
41.632	7
41.633	3
41.635	3
41.636	5
41.637	11
41.643	3
41.645	5
42.413	3
42.414	3
42.414	3
42.414	3
42.415	3
42.415	3
42.416	4
42.417	3
42.419	5
42.419	7
42.42	3
42.422	3
42.423	5
42.424	11
42.43	3
42.432	4
42.738	3
42.739	3
42.739	3
42.739	3
42.74	3
42.74	3
42.741	3
42.742	3
42.744	5
42.744	7
42.745	3
42.747	3
42.748	5
42.749	11
42.755	3
42.757	4
43.053	3
43.054	3
43.054	3
43.054	3
43.055	3
43.055	3
43.056	3
43.057	3
43.059	4
43.059	7
43.06	3
43.062	3
43.063	5
43.064	11
43.07	3
43.072	4
43.082	3
43.083	3
43.083	3
43.083	3
43.084	3
43.084	3
43.085	3
43.086	3
43.088	4
43.088	7
43.089	3
43.091	3
43.092	5
43.093	10
43.099	3
43.101	4
43.928	3
43.929	3
43.929	3
43.929	3
43.93	3
43.93	3
43.931	3
43.932	3
43.934	3
43.934	7
43.935	3
43.937	3
43.938	5
43.939	10
43.945	3
43.947	4
44.136	3
44.137	3
44.137	3
44.137	3
44.138	3
44.138	3
44.139	3
44.14	3
44.142	2
44.142	7
44.143	3
44.145	3
44.146	5
44.147	10
44.153	3
44.155	4
44.234	3
44.235	3
44.235	3
44.235	3
44.236	3
44.236	3
44.237	3
44.238	3
44.24	2
44.24	7
44.241	3
44.243	3
44.244	5
44.245	10
44.251	3
44.253	3
44.38	3
44.381	3
44.381	3
44.381	3
44.382	3
44.382	3
44.383	3
44.384	3
44.386	3
44.386	7
44.387	3
44.389	3
44.39	5
44.391	10
44.397	3
44.399	3
44.432	3
44.433	3
44.433	3
44.433	3
44.434	3
44.434	3
44.435	3
44.436	3
44.438	4
44.438	7
44.439	3
44.441	3
44.442	5
44.443	10
44.449	3
44.451	3
44.528	3
44.529	3
44.529	3
44.529	3
44.53	3
44.53	3
44.531	3
44.532	3
44.534	4
44.534	7
44.535	3
44.537	3
44.538	4
44.539	10
44.545	3
44.547	3
44.62	3
44.621	3
44.621	3
44.621	3
44.622	3
44.622	3
44.623	3
44.624	3
44.626	5
44.626	7
44.627	3
44.629	3
44.63	4
44.631	10
44.637	3
44.639	3
44.652	3
44.653	3
44.653	3
44.653	3
44.654	3
44.654	3
44.655	3
44.656	3
44.658	6
44.658	7
44.659	3
44.661	3
44.662	4
44.663	10
44.669	3
44.671	3
44.713	3
44.714	3
44.714	3
44.714	3
44.715	3
44.715	3
44.716	3
44.717	3
44.719	7
44.719	7
44.72	3
44.722	3
44.723	4
44.724	10
44.726	3
44.727	3
44.727	3
44.727	3
44.728	3
44.728	3
44.729	3
44.73	3
44.73	3
44.732	3
44.732	8
44.732	7
44.733	3
44.735	3
44.736	4
44.737	10
44.743	3
44.745	3
44.777	3
44.778	3
44.778	3
44.778	3
44.779	3
44.779	3
44.78	3
44.781	3
44.783	9
44.783	7
44.784	3
44.785	3
44.786	3
44.786	3
44.786	3
44.786	3
44.787	4
44.787	3
44.787	3
44.788	10
44.788	3
44.789	3
44.791	10
44.791	7
44.792	3
44.794	3
44.794	3
44.795	4
44.796	3
44.796	10
44.802	3
44.804	3
45.985	3
45.986	3
45.986	3
45.986	3
45.987	3
45.987	3
45.988	3
45.989	3
45.991	9
45.991	7
45.992	3
45.994	3
45.995	4
45.996	10
46.002	3
46.004	3
48.144	3
48.145	3
48.145	3
48.145	3
48.146	3
48.146	3
48.147	3
48.148	3
48.15	9
48.15	7
48.151	3
48.153	3
48.154	3
48.155	10
48.161	3
48.163	3
48.254	3
48.255	3
48.255	3
48.255	3
48.256	3
48.256	3
48.257	3
48.258	3
48.26	9
48.26	7
48.261	3
48.263	3
48.264	3
48.265	9
48.271	3
48.273	3
50.211	3
50.212	3
50.212	3
50.212	3
50.213	3
50.213	3
50.214	3
50.215	3
50.217	9
50.217	6
50.218	3
50.22	3
50.221	3
50.222	9
50.228	3
50.23	3
50.701	3
50.702	3
50.702	3
50.702	3
50.703	3
50.703	3
50.704	3
50.705	3
50.707	9
50.707	6
50.708	3
50.71	3
50.711	3
50.712	8
50.718	3
50.72	3
51.748	3
51.749	3
51.749	3
51.749	3
51.75	3
51.75	3
51.751	3
51.752	3
51.754	9
51.754	6
51.755	3
51.757	3
51.758	3
51.759	7
51.765	3
51.767	3
52.173	3
52.174	3
52.174	3
52.174	3
52.175	3
52.175	3
52.176	3
52.177	3
52.179	9
52.179	6
52.18	3
52.182	3
52.183	3
52.184	6
52.19	3
52.192	3
52.69	3
52.691	3
52.691	3
52.691	3
52.692	3
52.692	3
52.693	3
52.694	3
52.696	8
52.696	6
52.697	3
52.699	3
52.7	3
52.701	6
52.707	3
52.709	3
55.572	3
55.573	3
55.573	3
55.573	3
55.574	3
55.574	3
55.575	3
55.576	3
55.578	8
55.578	5
55.579	3
55.581	3
55.582	3
55.583	6
55.589	3
55.591	3
59.667	3
59.668	3
59.668	3
59.668	3
59.669	3
59.669	3
59.67	3
59.671	3
59.673	7
59.673	5
59.674	3
59.676	3
59.677	3
59.678	6
59.684	3
59.686	3
59.845	3
59.846	3
59.846	3
59.846	3
59.847	3
59.847	3
59.848	3
59.849	3
59.851	7
59.851	4
59.852	3
59.854	3
59.855	3
59.856	6
59.862	3
59.864	3
61.488	3
61.489	3
61.489	3
61.489	3
61.49	3
61.49	3
61.491	3
61.492	3
61.494	7
61.494	3
61.495	3
61.497	3
61.498	3
61.499	6
61.505	3
61.507	3
64.669	3
64.67	3
64.67	3
64.67	3
64.671	3
64.671	3
64.672	3
64.673	3
64.675	6
64.675	3
64.676	3
64.678	3
64.679	3
64.68	6
64.686	3
64.688	3
64.971	3
64.972	3
64.972	3
64.972	3
64.973	3
64.973	3
64.974	3
64.975	3
64.977	6
64.977	3
64.978	3
64.98	3
64.981	3
64.982	5
64.988	3
64.99	3
74.147	3
74.148	3
74.148	3
74.148	3
74.149	3
74.149	3
74.15	3
74.151	3
74.153	6
74.153	3
74.154	3
74.156	3
74.157	3
74.158	4
74.164	3
74.166	3
80.016	3
80.017	3
80.017	3
80.017	3
80.018	3
80.018	3
80.019	3
80.02	3
80.022	5
80.022	3
80.023	3
80.025	3
80.026	3
80.027	4
80.033	3
80.035	3
81.211	3
81.212	3
81.212	3
81.212	3
81.213	3
81.213	3
81.214	3
81.215	3
81.217	4
81.217	3
81.218	3
81.22	3
81.221	3
81.222	4
81.228	3
81.23	3
82.887	3
82.888	3
82.888	3
82.888	3
82.889	3
82.889	3
82.89	3
82.891	3
82.893	4
82.893	3
82.894	3
82.896	3
82.897	3
82.898	3
82.904	3
82.906	3
84.858	3
84.859	3
84.859	3
84.859	3
84.86	3
84.86	3
84.861	3
84.862	3
84.864	3
84.864	3
84.865	3
84.867	3
84.868	3
84.869	3
84.875	3
84.877	3
