0.0	3
0.0	3
0.0	3
0.0	3
0.0	3
0.0	3
0.0	2
0.0	2
0.0	3
0.0	3
0.0	3
0.0	3
0.0	2
0.0	3
0.0	3
0.0	3
19.823	3
19.823	3
19.823	3
19.823	3
19.823	3
19.823	3
19.823	2
19.823	3
19.823	3
19.823	3
19.823	3
19.823	3
19.823	2
19.823	3
19.823	3
19.823	3
19.845	3
19.845	3
19.845	3
19.845	3
19.845	3
19.845	3
19.845	2
19.845	3
19.845	3
19.845	3
19.845	3
19.845	3
19.845	3
19.845	3
19.845	3
19.845	3
19.846	3
19.846	3
19.846	3
19.846	3
19.846	3
19.846	3
19.846	3
19.846	3
19.846	3
19.846	3
19.846	3
19.846	3
19.846	3
19.846	3
19.846	3
19.846	3
19.849	3
19.849	3
19.849	3
19.849	3
19.849	3
19.849	3
19.849	3
19.849	3
19.849	3
19.849	3
19.849	3
19.849	3
19.849	4
19.849	3
19.849	3
19.849	3
19.85	3
19.85	3
19.85	3
19.85	3
19.85	3
19.85	3
19.85	3
19.85	4
19.85	3
19.85	3
19.85	3
19.85	3
19.85	4
19.85	3
19.85	3
19.85	3
19.875	3
19.875	3
19.875	3
19.875	3
19.875	3
19.875	3
19.875	4
19.875	4
19.875	3
19.875	3
19.875	3
19.875	3
19.875	4
19.875	3
19.875	3
19.875	3
19.881	3
19.881	3
19.881	3
19.881	3
19.881	3
19.881	3
19.881	5
19.881	4
19.881	3
19.881	3
19.881	3
19.881	3
19.881	4
19.881	3
19.881	3
19.881	3
19.936	3
19.936	3
19.936	3
19.936	3
19.936	3
19.936	3
19.936	5
19.936	4
19.936	3
19.936	3
19.936	3
19.936	3
19.936	5
19.936	3
19.936	3
19.936	3
19.951	3
19.951	3
19.951	3
19.951	3
19.951	3
19.951	3
19.951	6
19.951	4
19.951	3
19.951	3
19.951	3
19.951	3
19.951	5
19.951	3
19.951	3
19.951	3
19.982	3
19.982	3
19.982	3
19.982	3
19.982	3
19.982	3
19.982	6
19.982	5
19.982	3
19.982	3
19.982	3
19.982	3
19.982	5
19.982	3
19.982	3
19.982	3
19.984	3
19.984	3
19.984	3
19.984	3
19.984	3
19.984	3
19.984	6
19.984	5
19.984	3
19.984	3
19.984	3
19.984	3
19.984	6
19.984	3
19.984	3
19.984	3
19.988	3
19.988	3
19.988	3
19.988	3
19.988	3
19.988	3
19.988	6
19.988	5
19.988	3
19.988	3
19.988	3
19.988	3
19.988	7
19.988	3
19.988	3
19.988	3
20.006	3
20.006	3
20.006	3
20.006	3
20.006	3
20.006	3
20.006	7
20.006	5
20.006	3
20.006	3
20.006	3
20.006	3
20.006	7
20.006	3
20.006	3
20.006	3
20.01	3
20.01	3
20.01	3
20.01	3
20.01	3
20.01	3
20.01	7
20.01	5
20.01	3
20.01	3
20.01	3
20.01	3
20.01	8
20.01	3
20.01	3
20.01	3
20.011	3
20.011	3
20.011	3
20.011	3
20.011	3
20.011	3
20.011	8
20.011	5
20.011	3
20.011	3
20.011	3
20.011	3
20.011	8
20.011	3
20.011	3
20.011	3
20.023	3
20.023	3
20.023	3
20.023	3
20.023	3
20.023	3
20.023	8
20.023	5
20.023	3
20.023	3
20.023	3
20.023	3
20.023	9
20.023	3
20.023	3
20.023	3
20.037	3
20.037	3
20.037	3
20.037	3
20.037	3
20.037	3
20.037	8
20.037	6
20.037	3
20.037	3
20.037	3
20.037	3
20.037	9
20.037	3
20.037	3
20.037	3
20.043	3
20.043	3
20.043	3
20.043	3
20.043	3
20.043	3
20.043	9
20.043	6
20.043	3
20.043	3
20.043	3
20.043	3
20.043	9
20.043	3
20.043	3
20.043	3
20.056	3
20.056	3
20.056	3
20.056	3
20.056	3
20.056	3
20.056	9
20.056	7
20.056	3
20.056	3
20.056	3
20.056	3
20.056	9
20.056	3
20.056	3
20.056	3
20.06	3
20.06	3
20.06	3
20.06	3
20.06	3
20.06	3
20.06	9
20.06	8
20.06	3
20.06	3
20.06	3
20.06	3
20.06	9
20.06	3
20.06	3
20.06	3
20.062	3
20.062	3
20.062	3
20.062	3
20.062	3
20.062	3
20.062	9
20.062	9
20.062	3
20.062	3
20.062	3
20.062	3
20.062	9
20.062	3
20.062	3
20.062	3
20.066	3
20.066	3
20.066	3
20.066	3
20.066	3
20.066	3
20.066	10
20.066	9
20.066	3
20.066	3
20.066	3
20.066	3
20.066	9
20.066	3
20.066	3
20.066	3
20.068	3
20.068	3
20.068	3
20.068	3
20.068	3
20.068	3
20.068	11
20.068	9
20.068	3
20.068	3
20.068	3
20.068	3
20.068	9
20.068	3
20.068	3
20.068	3
20.069	3
20.069	3
20.069	3
20.069	3
20.069	3
20.069	3
20.069	12
20.069	9
20.069	3
20.069	3
20.069	3
20.069	3
20.069	9
20.069	3
20.069	3
20.069	3
20.071	3
20.071	3
20.071	3
20.071	3
20.071	3
20.071	3
20.071	12
20.071	9
20.071	3
20.071	3
20.071	3
20.071	3
20.071	10
20.071	3
20.071	3
20.071	3
20.072	3
20.072	3
20.072	3
20.072	3
20.072	3
20.072	3
20.072	13
20.072	9
20.072	3
20.072	3
20.072	3
20.072	3
20.072	10
20.072	3
20.072	3
20.072	3
20.12	3
20.12	3
20.12	3
20.12	3
20.12	3
20.12	3
20.12	13
20.12	10
20.12	3
20.12	3
20.12	3
20.12	3
20.12	10
20.12	3
20.12	3
20.12	3
20.17	3
20.17	3
20.17	3
20.17	3
20.17	3
20.17	3
20.17	13
20.17	11
20.17	3
20.17	3
20.17	3
20.17	3
20.17	10
20.17	3
20.17	3
20.17	3
20.25	3
20.25	3
20.25	3
20.25	3
20.25	3
20.25	3
20.25	13
20.25	11
20.25	3
20.25	3
20.25	3
20.25	3
20.25	11
20.25	3
20.25	3
20.25	3
20.382	3
20.382	3
20.382	3
20.382	3
20.382	3
20.382	3
20.382	13
20.382	10
20.382	3
20.382	3
20.382	3
20.382	3
20.382	11
20.382	3
20.382	3
20.382	3
23.02	3
23.02	3
23.02	3
23.02	3
23.02	3
23.02	3
23.02	13
23.02	9
23.02	3
23.02	3
23.02	3
23.02	3
23.02	11
23.02	3
23.02	3
23.02	3
23.436	3
23.436	3
23.436	3
23.436	3
23.436	3
23.436	3
23.436	12
23.436	9
23.436	3
23.436	3
23.436	3
23.436	3
23.436	11
23.436	3
23.436	3
23.436	3
24.163	3
24.163	3
24.163	3
24.163	3
24.163	3
24.163	3
24.163	11
24.163	9
24.163	3
24.163	3
24.163	3
24.163	3
24.163	11
24.163	3
24.163	3
24.163	3
27.232	3
27.232	3
27.232	3
27.232	3
27.232	3
27.232	3
27.232	11
27.232	9
27.232	3
27.232	3
27.232	3
27.232	3
27.232	10
27.232	3
27.232	3
27.232	3
33.52	3
33.52	3
33.52	3
33.52	3
33.52	3
33.52	3
33.52	11
33.52	9
33.52	3
33.52	3
33.52	3
33.52	3
33.52	9
33.52	3
33.52	3
33.52	3
33.826	3
33.826	3
33.826	3
33.826	3
33.826	3
33.826	3
33.826	11
33.826	9
33.826	3
33.826	3
33.826	3
33.826	3
33.826	8
33.826	3
33.826	3
33.826	3
34.806	3
34.806	3
34.806	3
34.806	3
34.806	3
34.806	3
34.806	11
34.806	8
34.806	3
34.806	3
34.806	3
34.806	3
34.806	8
34.806	3
34.806	3
34.806	3
37.057	3
37.057	3
37.057	3
37.057	3
37.057	3
37.057	3
37.057	11
37.057	7
37.057	3
37.057	3
37.057	3
37.057	3
37.057	8
37.057	3
37.057	3
37.057	3
39.204	3
39.204	3
39.204	3
39.204	3
39.204	3
39.204	3
39.204	11
39.204	7
39.204	3
39.204	3
39.204	3
39.204	3
39.204	7
39.204	3
39.204	3
39.204	3
41.557	3
41.557	3
41.557	3
41.557	3
41.557	3
41.557	3
41.557	10
41.557	7
41.557	3
41.557	3
41.557	3
41.557	3
41.557	7
41.557	3
41.557	3
41.557	3
43.649	3
43.649	3
43.649	3
43.649	3
43.649	3
43.649	3
43.649	9
43.649	7
43.649	3
43.649	3
43.649	3
43.649	3
43.649	7
43.649	3
43.649	3
43.649	3
44.225	3
44.225	3
44.225	3
44.225	3
44.225	3
44.225	3
44.225	9
44.225	6
44.225	3
44.225	3
44.225	3
44.225	3
44.225	7
44.225	3
44.225	3
44.225	3
46.877	3
46.877	3
46.877	3
46.877	3
46.877	3
46.877	3
46.877	8
46.877	6
46.877	3
46.877	3
46.877	3
46.877	3
46.877	7
46.877	3
46.877	3
46.877	3
48.536	3
48.536	3
48.536	3
48.536	3
48.536	3
48.536	3
48.536	7
48.536	6
48.536	3
48.536	3
48.536	3
48.536	3
48.536	7
48.536	3
48.536	3
48.536	3
49.128	3
49.128	3
49.128	3
49.128	3
49.128	3
49.128	3
49.128	7
49.128	5
49.128	3
49.128	3
49.128	3
49.128	3
49.128	7
49.128	3
49.128	3
49.128	3
51.205	3
51.205	3
51.205	3
51.205	3
51.205	3
51.205	3
51.205	7
51.205	4
51.205	3
51.205	3
51.205	3
51.205	3
51.205	7
51.205	3
51.205	3
51.205	3
52.172	3
52.172	3
52.172	3
52.172	3
52.172	3
52.172	3
52.172	7
52.172	4
52.172	3
52.172	3
52.172	3
52.172	3
52.172	6
52.172	3
52.172	3
52.172	3
52.997	3
52.997	3
52.997	3
52.997	3
52.997	3
52.997	3
52.997	7
52.997	4
52.997	3
52.997	3
52.997	3
52.997	3
52.997	5
52.997	3
52.997	3
52.997	3
54.73	3
54.73	3
54.73	3
54.73	3
54.73	3
54.73	3
54.73	7
54.73	3
54.73	3
54.73	3
54.73	3
54.73	3
54.73	5
54.73	3
54.73	3
54.73	3
58.755	3
58.755	3
58.755	3
58.755	3
58.755	3
58.755	3
58.755	6
58.755	3
58.755	3
58.755	3
58.755	3
58.755	3
58.755	5
58.755	3
58.755	3
58.755	3
61.206	3
61.206	3
61.206	3
61.206	3
61.206	3
61.206	3
61.206	5
61.206	3
61.206	3
61.206	3
61.206	3
61.206	3
61.206	5
61.206	3
61.206	3
61.206	3
63.974	3
63.974	3
63.974	3
63.974	3
63.974	3
63.974	3
63.974	5
63.974	3
63.974	3
63.974	3
63.974	3
63.974	3
63.974	4
63.974	3
63.974	3
63.974	3
65.351	3
65.351	3
65.351	3
65.351	3
65.351	3
65.351	3
65.351	4
65.351	3
65.351	3
65.351	3
65.351	3
65.351	3
65.351	4
65.351	3
65.351	3
65.351	3
66.129	3
66.129	3
66.129	3
66.129	3
66.129	3
66.129	3
66.129	4
66.129	3
66.129	3
66.129	3
66.129	3
66.129	3
66.129	3
66.129	3
66.129	3
66.129	3
72.31	3
72.31	3
72.31	3
72.31	3
72.31	3
72.31	3
72.31	3
72.31	3
72.31	3
72.31	3
72.31	3
72.31	3
72.31	3
72.31	3
72.31	3
72.31	3
72.399	3
72.399	3
72.399	3
72.399	3
72.399	3
72.399	3
72.399	2
72.399	3
72.399	3
72.399	3
72.399	3
72.399	3
72.399	3
72.399	3
72.399	3
72.399	3
72.845	3
72.845	3
72.845	3
72.845	3
72.845	3
72.845	3
72.845	3
72.845	3
72.845	3
72.845	3
72.845	3
72.845	3
72.845	3
72.845	3
72.845	3
72.845	3
72.852	3
72.852	3
72.852	3
72.852	3
72.852	3
72.852	3
72.852	4
72.852	3
72.852	3
72.852	3
72.852	3
72.852	3
72.852	3
72.852	3
72.852	3
72.852	3
72.948	3
72.948	3
72.948	3
72.948	3
72.948	3
72.948	3
72.948	5
72.948	3
72.948	3
72.948	3
72.948	3
72.948	3
72.948	3
72.948	3
72.948	3
72.948	3
72.957	3
72.957	3
72.957	3
72.957	3
72.957	3
72.957	3
72.957	6
72.957	3
72.957	3
72.957	3
72.957	3
72.957	3
72.957	3
72.957	3
72.957	3
72.957	3
72.964	3
72.964	3
72.964	3
72.964	3
72.964	3
72.964	3
72.964	7
72.964	3
72.964	3
72.964	3
72.964	3
72.964	3
72.964	3
72.964	3
72.964	3
72.964	3
72.976	3
72.976	3
72.976	3
72.976	3
72.976	3
72.976	3
72.976	8
72.976	3
72.976	3
72.976	3
72.976	3
72.976	3
72.976	3
72.976	3
72.976	3
72.976	3
72.98	3
72.98	3
72.98	3
72.98	3
72.98	3
72.98	3
72.98	9
72.98	3
72.98	3
72.98	3
72.98	3
72.98	3
72.98	3
72.98	3
72.98	3
72.98	3
73.074	3
73.074	3
73.074	3
73.074	3
73.074	3
73.074	3
73.074	10
73.074	3
73.074	3
73.074	3
73.074	3
73.074	3
73.074	3
73.074	3
73.074	3
73.074	3
73.301	3
73.301	3
73.301	3
73.301	3
73.301	3
73.301	3
73.301	11
73.301	3
73.301	3
73.301	3
73.301	3
73.301	3
73.301	3
73.301	3
73.301	3
73.301	3
73.575	3
73.575	3
73.575	3
73.575	3
73.575	3
73.575	3
73.575	10
73.575	3
73.575	3
73.575	3
73.575	3
73.575	3
73.575	3
73.575	3
73.575	3
73.575	3
76.039	3
76.039	3
76.039	3
76.039	3
76.039	3
76.039	3
76.039	9
76.039	3
76.039	3
76.039	3
76.039	3
76.039	3
76.039	3
76.039	3
76.039	3
76.039	3
77.566	3
77.566	3
77.566	3
77.566	3
77.566	3
77.566	3
77.566	8
77.566	3
77.566	3
77.566	3
77.566	3
77.566	3
77.566	3
77.566	3
77.566	3
77.566	3
78.355	3
78.355	3
78.355	3
78.355	3
78.355	3
78.355	3
78.355	7
78.355	3
78.355	3
78.355	3
78.355	3
78.355	3
78.355	3
78.355	3
78.355	3
78.355	3
81.888	3
81.888	3
81.888	3
81.888	3
81.888	3
81.888	3
81.888	6
81.888	3
81.888	3
81.888	3
81.888	3
81.888	3
81.888	3
81.888	3
81.888	3
81.888	3
83.437	3
83.437	3
83.437	3
83.437	3
83.437	3
83.437	3
83.437	5
83.437	3
83.437	3
83.437	3
83.437	3
83.437	3
83.437	3
83.437	3
83.437	3
83.437	3
86.499	3
86.499	3
86.499	3
86.499	3
86.499	3
86.499	3
86.499	4
86.499	3
86.499	3
86.499	3
86.499	3
86.499	3
86.499	3
86.499	3
86.499	3
86.499	3
86.674	3
86.674	3
86.674	3
86.674	3
86.674	3
86.674	3
86.674	3
86.674	3
86.674	3
86.674	3
86.674	3
86.674	3
86.674	3
86.674	3
86.674	3
86.674	3
