0.001	1
0.002	1
0.003	1
0.004	1
0.005	1
0.006	1
0.007	1
0.008	1
0.009	1
0.01	1.0833333333333333
0.02	1.328125
0.03	1.1111111111111112
0.04	1.4545454545454546
0.05	1.5
0.06	1.8
0.07	1.375
0.08	1.6666666666666667
0.09	1.8235294117647058
0.1	1.8061224489795917
0.2	2.697749196141479
0.3	3.7370689655172415
0.4	4.406976744186046
0.5	5.291044776119403
0.6	6.536458333333333
0.7	7.573333333333333
0.8	8.058252427184467
0.9	7
1.0	8.1875
2.0	8.0625
3.0	7.78125
4.0	7.53125
5.0	7.3125
6.0	7.125
7.0	7
8.0	6.875
9.0	6.78125
10.0	6.21875
20.0	5.21875
30.0	4.0625
40.0	3.5034722222222223
50.0	3.375
60.0	3.15625
70.0	3.0625
80.0	3
100.0	3.5142045454545454
200.0	3.4375
