0.0	1
0.0	1
0.0	1
0.0	1
0.0	1
0.0	1
0.0	1
0.0	1
0.0	1
0.0	1
0.0	1
0.0	1
0.0	1
0.0	1
0.0	1
0.0	1
0.0	1
0.0	1
0.0	1
0.0	1
0.0	1
0.0	1
0.0	1
0.0	1
0.0	1
0.0	1
0.0	1
0.001	1
0.001	1
0.001	1
0.001	1
0.001	1
0.001	1
0.001	1
0.001	1
0.001	1
0.001	1
0.001	1
0.001	1
0.001	1
0.001	1
0.001	1
0.001	1
0.001	1
0.001	1
0.001	1
0.002	1
0.002	1
0.002	1
0.003	1
0.003	1
0.004	1
0.004	1
0.004	1
0.004	1
0.004	1
0.004	1
0.004	1
0.004	1
0.005	1
0.005	1
0.005	1
0.005	1
0.005	1
0.006	1
0.006	1
0.006	1
0.006	1
0.006	1
0.006	1
0.007	1
0.007	1
0.007	1
0.007	1
0.007	1
0.008	1
0.008	1
0.009	1
0.009	1
0.009	1
0.01	1
0.01	1
0.01	1
0.01	1
0.01	1
0.01	1
0.01	1
0.01	1
0.01	1
0.012	1
0.012	1
0.012	1
0.012	1
0.013	1
0.013	2
0.013	1
0.013	1
0.013	1
0.014	1
0.014	2
0.014	2
0.014	1
0.014	2
0.014	1
0.014	1
0.014	1
0.014	1
0.014	1
0.015	1
0.015	2
0.015	1
0.015	1
0.015	1
0.016	1
0.016	1
0.016	2
0.016	2
0.016	1
0.016	1
0.016	1
0.017	1
0.017	1
0.017	1
0.017	1
0.017	1
0.017	1
0.018	1
0.018	2
0.018	2
0.018	1
0.018	1
0.018	1
0.018	1
0.018	1
0.018	1
0.018	1
0.018	1
0.018	1
0.018	1
0.018	1
0.02	1
0.02	1
0.02	1
0.021	2
0.021	2
0.021	2
0.021	2
0.021	2
0.021	2
0.021	1
0.021	2
0.021	1
0.021	1
0.021	1
0.022	2
0.022	2
0.022	2
0.022	2
0.022	2
0.022	2
0.022	2
0.022	2
0.022	2
0.022	2
0.022	1
0.022	1
0.022	1
0.022	1
0.023	1
0.023	1
0.023	1
0.023	1
0.024	1
0.024	1
0.024	1
0.024	1
0.024	1
0.025	1
0.026	1
0.026	1
0.026	2
0.026	1
0.026	1
0.026	1
0.027	1
0.027	1
0.027	2
0.028	1
0.031	1
0.031	1
0.031	1
0.031	1
0.033	1
0.033	1
0.033	1
0.035	2
0.035	2
0.036	1
0.037	1
0.037	3
0.037	2
0.038	1
0.038	2
0.038	1
0.038	1
0.038	1
0.039	1
0.039	1
0.039	2
0.039	1
0.039	1
0.039	2
0.04	1
0.04	2
0.04	1
0.04	1
0.04	1
0.041	2
0.041	1
0.041	2
0.043	3
0.043	2
0.043	1
0.044	1
0.044	2
0.045	1
0.045	1
0.045	1
0.047	1
0.048	3
0.048	2
0.048	1
0.05	1
0.05	1
0.056	2
0.056	2
0.058	2
0.058	2
0.06	3
0.06	2
0.062	1
0.062	3
0.062	2
0.064	1
0.064	1
0.064	3
0.064	1
0.064	1
0.064	1
0.065	2
0.065	1
0.065	2
0.068	1
0.068	3
0.068	1
0.068	1
0.068	1
0.069	1
0.069	2
0.069	1
0.069	2
0.071	1
0.073	1
0.074	1
0.075	1
0.078	1
0.082	2
0.082	2
0.086	3
0.086	2
0.086	2
0.086	3
0.088	1
0.088	1
0.088	3
0.088	1
0.088	1
0.088	1
0.089	2
0.089	2
0.089	2
0.09	3
0.09	2
0.092	1
0.093	1
0.095	1
0.096	1
0.096	3
0.096	1
0.096	1
0.096	1
0.097	2
0.097	2
0.097	2
0.098	1
0.099	1
0.099	3
0.099	1
0.099	1
0.099	1
0.1	2
0.1	2
0.1	2
0.1	1
0.1	3
0.1	1
0.1	1
0.1	1
0.101	1
0.101	2
0.101	2
0.101	2
0.103	1
0.104	2
0.105	2
0.106	2
0.106	3
0.106	1
0.106	1
0.107	1
0.109	1
0.11	3
0.11	2
0.11	1
0.112	1
0.114	2
0.114	4
0.115	2
0.115	3
0.115	1
0.115	1
0.115	1
0.116	2
0.116	2
0.116	2
0.117	2
0.117	4
0.118	3
0.118	2
0.118	2
0.118	4
0.12	1
0.12	2
0.121	3
0.121	2
0.122	3
0.122	2
0.122	1
0.123	1
0.124	2
0.125	1
0.133	2
0.133	4
0.137	3
0.137	2
0.139	2
0.14	2
0.14	3
0.14	1
0.14	1
0.14	1
0.141	2
0.141	2
0.141	2
0.145	2
0.147	1
0.147	2
0.147	3
0.147	1
0.147	1
0.147	1
0.148	2
0.148	2
0.148	2
0.148	2
0.148	3
0.148	1
0.148	1
0.148	1
0.149	2
0.149	2
0.149	2
0.15	1
0.152	2
0.152	2
0.152	3
0.152	1
0.152	1
0.152	1
0.153	2
0.153	2
0.153	2
0.153	2
0.154	1
0.155	1
0.155	2
0.155	3
0.155	1
0.155	1
0.155	1
0.156	2
0.156	2
0.156	2
0.156	2
0.156	3
0.156	1
0.156	1
0.156	1
0.157	1
0.157	2
0.157	2
0.157	2
0.157	2
0.158	3
0.158	4
0.158	1
0.159	1
0.16	2
0.161	2
0.162	3
0.162	2
0.162	2
0.162	1
0.163	2
0.164	2
0.165	3
0.165	4
0.165	2
0.166	3
0.166	4
0.166	2
0.167	2
0.167	3
0.167	1
0.167	1
0.167	1
0.168	3
0.168	2
0.168	2
0.169	4
0.169	2
0.17	4
0.17	3
0.17	3
0.17	4
0.171	2
0.172	2
0.172	2
0.173	3
0.173	4
0.174	4
0.174	3
0.174	3
0.174	4
0.174	2
0.175	2
0.175	2
0.175	3
0.175	3
0.175	1
0.175	1
0.175	1
0.175	1
0.175	1
0.175	1
0.176	2
0.176	3
0.176	3
0.176	3
0.176	3
0.176	2
0.176	2
0.177	5
0.177	3
0.177	2
0.178	5
0.178	3
0.179	2
0.179	2
0.179	3
0.179	1
0.179	1
0.179	1
0.18	2
0.18	2
0.18	2
0.18	3
0.18	3
0.18	2
0.182	2
0.182	2
0.184	2
0.185	3
0.185	4
0.185	2
0.185	2
0.186	2
0.188	2
0.188	2
0.188	3
0.188	3
0.188	1
0.188	1
0.188	1
0.188	1
0.188	2
0.188	2
0.189	5
0.189	3
0.189	2
0.189	3
0.189	3
0.189	3
0.189	3
0.189	2
0.189	3
0.191	2
0.193	3
0.193	3
0.193	4
0.193	5
0.193	2
0.193	2
0.193	2
0.193	4
0.193	1
0.193	1
0.193	2
0.194	3
0.194	3
0.194	3
0.195	2
0.195	2
0.196	2
0.196	4
0.196	1
0.196	1
0.196	2
0.197	5
0.197	5
0.197	3
0.197	3
0.197	3
0.197	6
0.197	3
0.197	3
0.197	3
0.198	2
0.198	2
0.198	2
0.199	2
0.199	2
0.2	2
0.201	5
0.201	3
0.201	2
0.201	2
0.201	4
0.201	1
0.201	1
0.201	2
0.202	3
0.202	3
0.202	3
0.203	2
0.203	2
0.203	3
0.205	2
0.205	4
0.205	1
0.205	1
0.205	2
0.206	3
0.206	3
0.206	6
0.206	6
0.206	2
0.206	2
0.206	3
0.206	3
0.206	4
0.208	4
0.209	2
0.209	4
0.209	1
0.209	1
0.209	2
0.21	5
0.21	5
0.21	3
0.21	3
0.21	2
0.21	3
0.21	4
0.21	4
0.211	3
0.211	6
0.211	2
0.212	2
0.212	2
0.212	4
0.214	3
0.214	6
0.214	2
0.215	5
0.215	3
0.215	2
0.215	2
0.215	4
0.215	1
0.215	1
0.215	2
0.216	4
0.216	3
0.216	4
0.216	4
0.217	2
0.218	5
0.218	3
0.219	3
0.219	6
0.219	2
0.22	2
0.22	2
0.222	4
0.223	5
0.223	3
0.223	3
0.223	6
0.225	2
0.225	2
0.227	5
0.227	3
0.227	3
0.227	6
0.227	2
0.227	2
0.227	4
0.227	4
0.227	1
0.227	1
0.227	1
0.227	1
0.227	3
0.227	3
0.228	3
0.228	3
0.228	4
0.228	5
0.228	4
0.228	4
0.229	2
0.231	5
0.231	3
0.232	2
0.232	2
0.233	2
0.233	4
0.233	6
0.234	4
0.234	4
0.237	5
0.237	3
0.237	2
0.237	2
0.239	2
0.24	2
0.24	4
0.24	1
0.24	1
0.24	3
0.241	3
0.241	5
0.241	5
0.245	4
0.245	4
0.245	6
0.245	6
0.245	2
0.245	2
0.245	4
0.245	1
0.245	1
0.245	3
0.246	3
0.246	5
0.246	5
0.247	4
0.249	5
0.249	5
0.249	3
0.249	3
0.25	2
0.25	3
0.251	2
0.251	2
0.251	2
0.251	4
0.251	1
0.251	1
0.251	3
0.252	4
0.252	3
0.252	5
0.252	5
0.252	2
0.252	4
0.252	1
0.252	1
0.252	3
0.253	3
0.253	5
0.253	5
0.255	2
0.256	3
0.257	3
0.257	2
0.257	4
0.257	1
0.257	1
0.257	3
0.258	4
0.258	6
0.258	4
0.258	4
0.258	5
0.258	5
0.258	2
0.258	4
0.258	1
0.258	1
0.258	3
0.259	5
0.259	4
0.259	5
0.259	5
0.259	2
0.259	4
0.259	1
0.259	1
0.259	3
0.26	4
0.26	5
0.26	5
0.261	2
0.262	5
0.262	3
0.262	2
0.262	3
0.263	4
0.263	6
0.263	3
0.264	2
0.264	5
0.264	4
0.265	5
0.266	5
0.267	5
0.267	3
0.267	2
0.268	2
0.269	2
0.269	5
0.269	6
0.269	2
0.27	5
0.27	6
0.271	2
0.271	4
0.271	1
0.271	1
0.271	3
0.272	4
0.272	6
0.272	5
0.273	5
0.273	3
0.274	5
0.274	3
0.275	2
0.275	5
0.275	6
0.276	2
0.276	5
0.276	6
0.276	4
0.277	5
0.277	6
0.278	5
0.279	5
0.279	3
0.28	5
0.28	3
0.281	2
0.281	5
0.281	3
0.281	2
0.282	3
0.283	3
0.286	2
0.286	4
0.286	1
0.286	1
0.286	3
0.287	4
0.287	6
0.287	5
0.289	5
0.289	6
0.291	4
0.293	5
0.293	3
0.293	5
0.295	3
0.296	3
0.304	5
0.304	6
0.304	2
0.304	4
0.304	1
0.304	1
0.304	3
0.305	5
0.305	6
0.305	5
0.308	5
0.308	3
0.308	2
0.308	4
0.308	1
0.308	1
0.308	4
0.309	4
0.309	5
0.309	6
0.309	5
0.31	3
0.311	5
0.313	4
0.314	3
0.314	2
0.314	4
0.314	1
0.314	2
0.314	4
0.315	5
0.315	5
0.315	6
0.315	5
0.318	3
0.319	4
0.321	5
0.322	5
0.322	6
0.324	3
0.326	5
0.326	3
0.326	5
0.326	6
0.327	2
0.327	4
0.327	1
0.327	3
0.327	4
0.328	3
0.328	5
0.328	6
0.328	5
0.33	5
0.33	3
0.332	3
0.332	5
0.332	6
0.332	4
0.332	2
0.332	4
0.332	1
0.332	3
0.332	4
0.333	6
0.333	6
0.333	5
0.334	5
0.335	2
0.335	4
0.335	1
0.335	3
0.335	4
0.336	5
0.336	3
0.336	6
0.336	5
0.336	5
0.337	3
0.337	4
0.338	3
0.338	2
0.338	4
0.338	1
0.338	3
0.338	5
0.339	5
0.339	6
0.339	5
0.339	5
0.34	4
0.342	3
0.342	5
0.343	4
0.345	5
0.345	6
0.345	3
0.345	5
0.348	3
0.349	5
0.349	3
0.349	2
0.349	4
0.349	1
0.349	4
0.349	5
0.35	5
0.35	6
0.35	6
0.35	5
0.35	5
0.351	3
0.353	5
0.353	6
0.354	5
0.354	3
0.354	4
0.356	3
0.356	5
0.356	6
0.356	5
0.357	5
0.357	3
0.359	3
0.359	3
0.36	5
0.36	3
0.362	3
0.367	5
0.367	6
0.371	5
0.371	3
0.373	3
0.375	2
0.375	4
0.375	1
0.375	4
0.375	5
0.376	6
0.376	5
0.376	5
0.377	3
0.377	4
0.377	1
0.377	4
0.377	5
0.378	6
0.378	5
0.378	5
0.38	4
0.382	6
0.382	4
0.384	6
0.385	3
0.387	3
0.388	3
0.388	4
0.388	1
0.388	4
0.388	5
0.389	6
0.389	5
0.389	5
0.393	5
0.393	6
0.393	4
0.395	5
0.395	6
0.395	7
0.396	3
0.396	4
0.396	1
0.396	4
0.396	5
0.397	5
0.397	3
0.397	6
0.397	5
0.397	5
0.398	3
0.399	3
0.399	5
0.399	3
0.401	3
0.401	4
0.403	7
0.406	5
0.406	6
0.406	3
0.409	3
0.409	4
0.409	1
0.409	5
0.409	5
0.41	5
0.41	3
0.41	6
0.41	5
0.41	5
0.41	3
0.41	5
0.41	1
0.41	5
0.41	5
0.411	6
0.411	5
0.411	5
0.412	3
0.414	6
0.414	6
0.414	4
0.415	4
0.416	7
0.417	7
0.418	5
0.418	3
0.419	3
0.42	3
0.42	3
0.427	6
0.427	6
0.428	6
0.428	6
0.431	5
0.431	3
0.432	5
0.432	3
0.433	3
0.433	3
0.433	3
0.433	5
0.433	5
0.433	1
0.433	1
0.433	5
0.433	5
0.433	5
0.433	5
0.434	3
0.434	6
0.434	6
0.434	5
0.434	5
0.434	5
0.434	6
0.435	3
0.435	5
0.435	1
0.435	5
0.435	5
0.436	6
0.436	5
0.436	6
0.437	3
0.437	5
0.437	1
0.437	5
0.437	5
0.438	4
0.438	4
0.438	6
0.438	5
0.438	6
0.44	7
0.44	7
0.44	4
0.442	8
0.442	4
0.442	3
0.442	5
0.442	1
0.442	5
0.442	5
0.443	3
0.443	3
0.443	6
0.443	5
0.443	6
0.444	8
0.445	3
0.447	3
0.447	4
0.449	8
0.451	6
0.451	6
0.451	6
0.451	6
0.452	3
0.453	6
0.453	6
0.455	5
0.455	5
0.455	4
0.455	4
0.455	7
0.455	6
0.457	3
0.457	3
0.457	5
0.457	4
0.459	3
0.459	5
0.459	4
0.46	7
0.46	7
0.461	3
0.464	5
0.464	4
0.466	3
0.469	3
0.469	5
0.469	1
0.469	5
0.469	5
0.47	7
0.47	5
0.47	6
0.47	3
0.47	5
0.47	1
0.47	5
0.47	5
0.471	7
0.471	5
0.471	6
0.474	4
0.475	4
0.476	8
0.476	3
0.476	5
0.476	1
0.476	5
0.476	5
0.477	8
0.477	7
0.477	5
0.477	6
0.479	3
0.48	3
0.481	4
0.481	3
0.481	5
0.481	2
0.481	5
0.481	5
0.482	7
0.482	5
0.482	6
0.483	8
0.486	3
0.486	4
0.487	7
0.487	7
0.488	7
0.488	7
0.488	8
0.491	5
0.491	4
0.491	3
0.492	5
0.492	4
0.493	3
0.494	4
0.494	8
0.494	7
0.495	3
0.495	5
0.495	2
0.495	5
0.495	6
0.496	7
0.496	5
0.496	6
0.496	3
0.496	5
0.496	2
0.496	5
0.496	6
0.497	7
0.497	5
0.497	6
0.498	5
0.498	4
0.499	8
0.499	7
0.499	3
0.499	5
0.499	2
0.499	5
0.499	6
0.5	4
0.5	4
0.5	8
0.5	5
0.5	6
0.501	4
0.502	8
0.503	5
0.503	4
0.503	8
0.504	4
0.505	4
0.505	3
0.506	3
0.506	8
0.507	3
0.507	5
0.507	2
0.507	5
0.507	6
0.508	8
0.508	6
0.508	6
0.509	3
0.509	3
0.509	6
0.509	2
0.509	5
0.509	6
0.51	8
0.51	6
0.51	6
0.512	4
0.513	8
0.513	7
0.513	3
0.513	3
0.513	7
0.513	7
0.513	2
0.513	2
0.513	5
0.513	5
0.513	6
0.513	6
0.514	8
0.514	8
0.514	8
0.514	4
0.514	8
0.514	8
0.514	6
0.514	7
0.514	6
0.514	6
0.516	8
0.517	5
0.517	4
0.517	8
0.517	8
0.517	3
0.518	5
0.518	4
0.518	4
0.518	4
0.519	4
0.519	3
0.52	4
0.52	8
0.52	8
0.52	3
0.52	7
0.52	2
0.52	5
0.52	6
0.521	5
0.521	4
0.521	8
0.521	7
0.521	6
0.523	4
0.523	3
0.523	3
0.525	8
0.525	8
0.525	4
0.527	8
0.527	8
0.527	8
0.529	5
0.529	4
0.529	3
0.529	7
0.529	2
0.529	6
0.529	6
0.53	3
0.53	8
0.53	7
0.53	6
0.531	4
0.531	5
0.531	4
0.531	8
0.531	8
0.531	8
0.531	8
0.533	4
0.534	4
0.535	5
0.535	5
0.535	4
0.535	4
0.536	8
0.537	4
0.537	4
0.538	8
0.538	8
0.538	3
0.538	7
0.538	2
0.538	6
0.538	7
0.539	3
0.539	8
0.539	7
0.539	6
0.542	5
0.542	4
0.542	3
0.542	7
0.542	2
0.542	6
0.542	7
0.543	4
0.543	8
0.543	7
0.543	6
0.544	5
0.545	8
0.546	4
0.546	7
0.546	2
0.546	6
0.546	7
0.547	8
0.547	8
0.547	4
0.547	8
0.547	7
0.547	6
0.548	3
0.548	4
0.548	7
0.548	2
0.548	6
0.548	8
0.549	8
0.549	8
0.549	7
0.549	6
0.55	4
0.55	7
0.55	2
0.55	6
0.55	8
0.551	5
0.551	4
0.551	4
0.551	8
0.551	7
0.551	6
0.551	4
0.551	7
0.551	2
0.551	6
0.551	8
0.552	4
0.552	9
0.552	7
0.552	6
0.552	4
0.552	7
0.552	2
0.552	6
0.552	8
0.553	5
0.553	8
0.553	4
0.553	9
0.553	7
0.553	6
0.555	8
0.555	4
0.556	8
0.556	8
0.556	4
0.556	4
0.557	8
0.557	4
0.558	4
0.558	8
0.559	8
0.559	4
0.559	8
0.559	2
0.559	6
0.559	8
0.56	5
0.56	4
0.56	8
0.56	8
0.56	4
0.56	9
0.56	7
0.56	6
0.56	4
0.56	4
0.56	8
0.56	8
0.56	2
0.56	2
0.56	6
0.56	6
0.56	8
0.56	8
0.561	4
0.561	9
0.561	9
0.561	7
0.561	7
0.561	7
0.561	7
0.562	5
0.562	4
0.562	4
0.562	8
0.562	2
0.562	6
0.562	8
0.563	9
0.563	7
0.563	7
0.564	5
0.564	4
0.564	8
0.564	8
0.564	4
0.565	4
0.565	4
0.566	5
0.566	8
0.566	8
0.566	8
0.567	8
0.567	8
0.567	4
0.568	5
0.568	4
0.568	8
0.568	8
0.569	8
0.569	8
0.569	4
0.569	8
0.57	5
0.57	5
0.57	4
0.57	9
0.57	8
0.57	4
0.57	5
0.571	4
0.571	8
0.571	2
0.571	6
0.571	8
0.572	5
0.572	5
0.572	4
0.572	5
0.572	9
0.572	7
0.572	7
0.573	5
0.573	4
0.574	6
0.574	5
0.574	4
0.575	6
0.576	6
0.576	4
0.577	9
0.577	8
0.577	4
0.577	8
0.577	2
0.577	6
0.577	8
0.578	9
0.578	9
0.578	8
0.578	8
0.578	9
0.578	9
0.578	7
0.578	7
0.578	4
0.578	8
0.578	2
0.578	6
0.578	8
0.579	9
0.579	7
0.579	7
0.58	9
0.58	8
0.581	5
0.581	4
0.581	5
0.582	5
0.582	5
0.582	4
0.582	4
0.582	4
0.583	6
0.583	5
0.584	6
0.584	6
0.584	6
0.584	4
0.584	9
0.585	9
0.586	6
0.586	4
0.586	8
0.586	2
0.586	6
0.586	8
0.587	5
0.587	9
0.587	7
0.587	7
0.588	5
0.588	4
0.588	4
0.588	8
0.588	8
0.588	2
0.588	2
0.588	6
0.588	6
0.588	8
0.588	8
0.589	9
0.589	8
0.589	9
0.589	9
0.589	7
0.589	7
0.589	7
0.589	7
0.589	4
0.589	8
0.589	2
0.589	6
0.589	8
0.59	9
0.59	8
0.59	7
0.59	4
0.59	8
0.59	2
0.59	6
0.59	8
0.591	5
0.591	9
0.591	8
0.591	7
0.593	6
0.593	4
0.593	9
0.593	5
0.593	5
0.594	5
0.595	6
0.595	9
0.595	8
0.595	9
0.595	9
0.595	5
0.596	9
0.596	8
0.596	5
0.596	9
0.597	9
0.598	5
0.598	5
0.599	6
0.599	5
0.599	5
0.6	6
0.6	5
0.6	6
0.601	6
0.602	6
0.603	4
0.603	8
0.603	2
0.603	6
0.603	8
0.604	10
0.604	8
0.604	9
0.604	8
0.604	8
0.606	10
0.606	11
0.606	8
0.606	8
0.607	11
0.607	8
0.608	6
0.608	5
0.608	11
0.608	8
0.608	5
0.608	4
0.608	8
0.608	2
0.608	6
0.608	8
0.609	9
0.609	8
0.609	9
0.61	6
0.61	6
0.61	6
0.61	5
0.61	5
0.61	9
0.611	6
0.611	5
0.612	7
0.612	7
0.612	6
0.612	5
0.613	7
0.613	6
0.613	5
0.614	7
0.615	9
0.618	6
0.619	4
0.619	8
0.619	3
0.619	6
0.619	8
0.62	9
0.62	8
0.62	9
0.621	11
0.621	8
0.624	5
0.624	4
0.624	8
0.624	3
0.624	6
0.624	8
0.625	6
0.625	5
0.625	10
0.625	8
0.625	9
0.625	4
0.625	8
0.625	3
0.625	6
0.625	8
0.626	11
0.626	8
0.626	9
0.626	11
0.626	8
0.626	9
0.627	7
0.629	6
0.629	5
0.63	6
0.63	5
0.63	5
0.63	5
0.63	8
0.63	3
0.63	6
0.63	8
0.631	9
0.631	11
0.631	8
0.631	9
0.632	7
0.632	9
0.634	6
0.635	6
0.635	5
0.635	5
0.635	8
0.635	3
0.635	7
0.635	8
0.636	11
0.636	8
0.636	9
0.637	11
0.637	8
0.637	9
0.64	6
0.64	5
0.64	5
0.64	8
0.64	3
0.64	7
0.64	8
0.641	6
0.641	5
0.641	12
0.641	8
0.641	9
0.642	11
0.642	8
0.642	9
0.643	7
0.643	11
0.643	8
0.645	6
0.645	5
0.646	6
0.646	5
0.647	6
0.647	5
0.647	9
0.648	7
0.648	11
0.648	8
0.649	7
0.65	6
0.652	6
0.652	5
0.653	11
0.653	8
0.654	7
0.657	6
0.657	5
0.657	5
0.657	8
0.657	3
0.657	7
0.657	9
0.658	11
0.658	8
0.658	12
0.658	8
0.658	9
0.659	7
0.662	6
0.662	5
0.662	5
0.664	7
0.664	9
0.664	5
0.664	8
0.664	3
0.664	7
0.664	9
0.665	12
0.665	8
0.665	9
0.665	5
0.665	8
0.665	3
0.665	7
0.665	9
0.666	12
0.666	8
0.666	9
0.667	6
0.669	6
0.67	7
0.671	9
0.672	9
0.674	6
0.675	11
0.675	8
0.675	6
0.678	5
0.678	8
0.678	3
0.678	7
0.678	9
0.679	6
0.679	5
0.679	12
0.679	8
0.679	9
0.681	7
0.682	11
0.682	8
0.683	11
0.683	8
0.683	8
0.685	9
0.686	6
0.686	5
0.687	6
0.687	5
0.688	7
0.688	6
0.689	7
0.693	5
0.693	8
0.693	3
0.693	8
0.693	9
0.694	12
0.694	8
0.694	9
0.696	11
0.696	8
0.696	5
0.696	8
0.696	3
0.696	8
0.696	9
0.697	12
0.697	9
0.697	9
0.698	8
0.7	6
0.7	5
0.7	9
0.701	8
0.702	7
0.703	6
0.703	9
0.706	6
0.711	11
0.711	8
0.714	11
0.714	8
0.715	6
0.715	5
0.717	7
0.718	6
0.718	5
0.72	7
0.721	5
0.721	8
0.721	4
0.721	8
0.721	9
0.722	12
0.722	9
0.722	9
0.726	8
0.728	9
0.731	6
0.736	5
0.736	8
0.736	4
0.736	9
0.736	9
0.737	12
0.737	9
0.737	9
0.739	11
0.739	8
0.741	8
0.743	6
0.743	5
0.743	9
0.745	7
0.746	6
0.746	5
0.746	8
0.746	5
0.746	9
0.746	9
0.747	12
0.747	9
0.747	9
0.749	5
0.749	8
0.749	5
0.749	10
0.749	9
0.75	12
0.75	9
0.75	9
0.751	8
0.753	9
0.754	11
0.754	8
0.754	8
0.755	5
0.755	8
0.755	5
0.755	11
0.755	9
0.756	6
0.756	9
0.756	12
0.756	9
0.756	9
0.758	6
0.758	5
0.759	6
0.76	7
0.76	8
0.762	9
0.764	11
0.764	8
0.765	6
0.765	5
0.765	8
0.765	6
0.765	11
0.765	9
0.766	12
0.766	9
0.766	9
0.767	11
0.767	8
0.768	6
0.768	5
0.768	5
0.768	8
0.768	6
0.768	11
0.768	9
0.769	12
0.769	9
0.769	9
0.769	5
0.769	8
0.769	6
0.769	12
0.769	9
0.77	7
0.77	8
0.77	12
0.77	9
0.77	9
0.771	6
0.771	5
0.772	9
0.773	7
0.773	11
0.773	8
0.773	9
0.774	9
0.775	6
0.775	9
0.776	9
0.777	6
0.777	5
0.778	6
0.779	7
0.779	6
0.783	11
0.783	8
0.786	11
0.786	8
0.787	6
0.787	5
0.787	11
0.787	8
0.789	7
0.79	6
0.79	5
0.791	6
0.791	5
0.792	7
0.793	7
0.827	5
0.827	8
0.827	7
0.827	12
0.827	9
0.828	12
0.828	9
0.828	9
0.832	9
0.834	9
0.837	6
0.845	11
0.845	8
0.849	6
0.849	5
0.851	7
1.08	5
1.08	8
1.08	7
1.08	12
1.08	9
1.081	11
1.081	9
1.081	9
1.085	9
1.087	9
1.09	6
1.098	11
1.098	8
1.102	6
1.102	5
1.104	7
1.702	5
1.702	8
1.702	7
1.702	12
1.702	9
1.703	11
1.703	8
1.703	9
1.707	9
1.709	9
1.712	6
1.72	11
1.72	8
1.724	6
1.724	5
1.726	7
2.181	5
2.181	8
2.181	7
2.181	12
2.181	9
2.182	11
2.182	8
2.182	9
2.186	9
2.188	9
2.191	6
2.199	11
2.199	8
2.203	6
2.203	5
2.205	6
2.426	5
2.426	8
2.426	7
2.426	11
2.426	9
2.427	11
2.427	8
2.427	9
2.431	9
2.433	9
2.436	6
2.444	11
2.444	8
2.448	6
2.448	5
2.45	6
2.726	5
2.726	8
2.726	7
2.726	11
2.726	9
2.727	11
2.727	8
2.727	9
2.731	9
2.733	9
2.736	6
2.744	11
2.744	7
2.748	6
2.748	5
2.75	6
2.757	5
2.757	7
2.757	7
2.757	11
2.757	9
2.758	11
2.758	8
2.758	9
2.762	9
2.764	9
2.767	6
2.775	11
2.775	7
2.779	6
2.779	5
2.781	6
2.788	5
2.788	7
2.788	7
2.788	11
2.788	9
2.789	11
2.789	8
2.789	9
2.793	9
2.795	8
2.798	6
2.806	11
2.806	7
2.81	6
2.81	5
2.812	6
3.178	5
3.178	7
3.178	7
3.178	11
3.178	9
3.179	10
3.179	8
3.179	9
3.183	9
3.185	8
3.188	6
3.196	11
3.196	7
3.2	6
3.2	5
3.202	6
3.34	4
3.34	7
3.34	7
3.34	11
3.34	9
3.341	10
3.341	8
3.341	9
3.345	9
3.347	8
3.35	6
3.358	11
3.358	7
3.362	6
3.362	5
3.364	6
3.389	4
3.389	7
3.389	6
3.389	11
3.389	9
3.39	10
3.39	8
3.39	9
3.394	9
3.396	8
3.399	6
3.407	11
3.407	7
3.411	6
3.411	5
3.413	6
3.916	4
3.916	7
3.916	6
3.916	11
3.916	9
3.917	10
3.917	8
3.917	9
3.921	9
3.923	8
3.926	6
3.934	10
3.934	7
3.938	6
3.938	5
3.94	6
4.068	4
4.068	7
4.068	6
4.068	11
4.068	9
4.069	10
4.069	8
4.069	9
4.073	9
4.075	8
4.078	6
4.086	10
4.086	6
4.09	6
4.09	5
4.092	6
4.503	4
4.503	7
4.503	6
4.503	11
4.503	9
4.504	10
4.504	8
4.504	9
4.508	9
4.51	7
4.513	6
4.521	10
4.521	6
4.525	6
4.525	5
4.527	6
4.743	4
4.743	7
4.743	6
4.743	11
4.743	9
4.744	10
4.744	7
4.744	9
4.748	9
4.75	7
4.753	6
4.761	10
4.761	6
4.765	6
4.765	5
4.767	6
5.015	4
5.015	7
5.015	6
5.015	11
5.015	9
5.016	10
5.016	6
5.016	9
5.02	9
5.022	7
5.025	6
5.033	10
5.033	6
5.037	6
5.037	5
5.039	6
5.278	4
5.278	7
5.278	6
5.278	11
5.278	9
5.279	10
5.279	6
5.279	9
5.283	9
5.285	7
5.288	6
5.296	10
5.296	6
5.3	6
5.3	5
5.302	5
5.421	4
5.421	7
5.421	6
5.421	11
5.421	9
5.422	10
5.422	6
5.422	9
5.426	9
5.428	7
5.431	6
5.439	10
5.439	6
5.443	6
5.443	5
5.445	4
6.185	4
6.185	7
6.185	6
6.185	11
6.185	9
6.186	10
6.186	6
6.186	9
6.19	9
6.192	6
6.195	6
6.203	10
6.203	6
6.207	6
6.207	5
6.209	4
6.859	4
6.859	7
6.859	6
6.859	11
6.859	9
6.86	10
6.86	6
6.86	9
6.864	9
6.866	6
6.869	6
6.87	4
6.87	7
6.87	6
6.87	10
6.87	9
6.871	10
6.871	6
6.871	9
6.875	9
6.877	9
6.877	6
6.877	6
6.88	6
6.881	6
6.881	5
6.883	4
6.888	9
6.888	6
6.892	6
6.892	5
6.894	4
6.992	4
6.992	7
6.992	6
6.992	10
6.992	9
6.993	10
6.993	6
6.993	8
6.997	9
6.999	6
7.002	6
7.01	9
7.01	6
7.014	6
7.014	5
7.016	4
7.72	4
7.72	7
7.72	6
7.72	10
7.72	9
7.721	10
7.721	6
7.721	8
7.725	9
7.727	6
7.73	6
7.738	9
7.738	5
7.742	6
7.742	5
7.744	4
8.803	4
8.803	7
8.803	6
8.803	10
8.803	8
8.804	10
8.804	6
8.804	8
8.808	9
8.81	6
8.813	6
8.821	9
8.821	5
8.825	6
8.825	5
8.827	4
8.843	4
8.843	7
8.843	6
8.843	10
8.843	8
8.844	10
8.844	6
8.844	8
8.848	8
8.85	6
8.853	6
8.861	9
8.861	5
8.865	6
8.865	5
8.867	4
9.573	4
9.573	7
9.573	6
9.573	10
9.573	8
9.574	10
9.574	6
9.574	8
9.578	7
9.58	6
9.583	6
9.591	9
9.591	5
9.595	6
9.595	5
9.597	4
9.978	4
9.978	7
9.978	6
9.978	10
9.978	8
9.979	10
9.979	6
9.979	8
9.983	7
9.985	6
9.988	6
9.996	8
9.996	5
10.0	6
10.0	5
10.002	4
10.344	4
10.344	6
10.344	6
10.344	10
10.344	8
10.345	10
10.345	6
10.345	8
10.349	7
10.351	6
10.354	6
10.362	8
10.362	5
10.366	6
10.366	5
10.368	4
10.632	4
10.632	6
10.632	6
10.632	10
10.632	8
10.633	9
10.633	6
10.633	8
10.637	7
10.639	6
10.642	6
10.65	8
10.65	5
10.654	6
10.654	5
10.656	4
10.716	4
10.716	6
10.716	5
10.716	10
10.716	8
10.717	9
10.717	6
10.717	8
10.721	7
10.723	6
10.726	6
10.734	8
10.734	5
10.738	6
10.738	5
10.74	4
10.786	4
10.786	5
10.786	5
10.786	10
10.786	8
10.787	9
10.787	6
10.787	8
10.791	7
10.793	6
10.796	6
10.804	8
10.804	5
10.808	6
10.808	5
10.81	4
11.742	4
11.742	5
11.742	5
11.742	10
11.742	8
11.743	9
11.743	5
11.743	8
11.747	7
11.749	6
11.752	6
11.76	8
11.76	5
11.764	6
11.764	5
11.766	4
11.838	4
11.838	5
11.838	4
11.838	10
11.838	8
11.839	9
11.839	5
11.839	8
11.843	7
11.845	6
11.848	6
11.856	8
11.856	5
11.86	6
11.86	5
11.862	4
12.044	4
12.044	5
12.044	4
12.044	10
12.044	8
12.045	8
12.045	5
12.045	8
12.049	7
12.051	6
12.054	6
12.055	4
12.055	5
12.055	4
12.055	10
12.055	8
12.056	8
12.056	5
12.056	8
12.06	7
12.062	8
12.062	5
12.062	6
12.065	6
12.066	6
12.066	5
12.068	4
12.073	8
12.073	4
12.077	6
12.077	5
12.079	4
12.828	4
12.828	4
12.828	4
12.828	10
12.828	8
12.829	8
12.829	5
12.829	8
12.833	7
12.835	6
12.838	6
12.846	8
12.846	4
12.85	6
12.85	5
12.852	4
13.388	3
13.388	4
13.388	4
13.388	10
13.388	8
13.389	8
13.389	5
13.389	8
13.393	7
13.395	6
13.398	6
13.406	8
13.406	4
13.41	6
13.41	5
13.412	4
13.651	3
13.651	4
13.651	4
13.651	10
13.651	8
13.652	7
13.652	5
13.652	8
13.656	7
13.658	6
13.661	6
13.669	8
13.669	4
13.673	6
13.673	5
13.675	4
13.873	3
13.873	4
13.873	4
13.873	10
13.873	7
13.874	7
13.874	5
13.874	8
13.878	7
13.88	6
13.88	3
13.88	4
13.88	4
13.88	10
13.88	7
13.881	7
13.881	4
13.881	8
13.883	6
13.885	7
13.887	6
13.89	6
13.891	8
13.891	4
13.895	6
13.895	5
13.897	4
13.898	8
13.898	4
13.902	6
13.902	5
13.904	4
14.042	3
14.042	4
14.042	4
14.042	9
14.042	7
14.043	7
14.043	4
14.043	8
14.047	7
14.049	6
14.052	6
14.06	8
14.06	4
14.064	6
14.064	5
14.066	4
15.012	3
15.012	4
15.012	4
15.012	9
15.012	7
15.013	7
15.013	4
15.013	8
15.017	7
15.019	6
15.022	6
15.03	8
15.03	4
15.034	6
15.034	4
15.036	4
16.888	3
16.888	4
16.888	4
16.888	9
16.888	6
16.889	7
16.889	4
16.889	8
16.893	7
16.895	6
16.898	6
16.906	8
16.906	4
16.91	6
16.91	4
16.912	4
16.929	3
16.929	4
16.929	4
16.929	9
16.929	6
16.93	7
16.93	4
16.93	7
16.934	7
16.936	6
16.939	6
16.947	8
16.947	4
16.951	6
16.951	4
16.953	4
17.415	3
17.415	4
17.415	4
17.415	8
17.415	6
17.416	7
17.416	4
17.416	7
17.42	7
17.422	6
17.425	6
17.433	8
17.433	4
17.437	6
17.437	4
17.439	4
17.473	3
17.473	4
17.473	4
17.473	8
17.473	6
17.474	7
17.474	4
17.474	7
17.478	7
17.48	6
17.483	6
17.491	8
17.491	4
17.495	6
17.495	3
17.497	4
17.576	3
17.576	4
17.576	4
17.576	8
17.576	6
17.577	7
17.577	4
17.577	7
17.581	7
17.583	6
17.586	5
17.594	8
17.594	4
17.598	6
17.598	3
17.6	4
18.503	3
18.503	4
18.503	4
18.503	8
18.503	6
18.504	7
18.504	4
18.504	7
18.508	7
18.51	6
18.513	5
18.521	8
18.521	3
18.525	6
18.525	3
18.527	4
19.013	3
19.013	4
19.013	4
19.013	8
19.013	6
19.014	7
19.014	4
19.014	7
19.018	7
19.02	6
19.023	5
19.031	7
19.031	3
19.035	6
19.035	3
19.037	4
19.498	3
19.498	4
19.498	4
19.498	8
19.498	6
19.499	6
19.499	4
19.499	7
19.503	7
19.505	6
19.508	5
19.516	7
19.516	3
19.52	6
19.52	3
19.522	4
19.895	3
19.895	4
19.895	4
19.895	8
19.895	6
19.896	6
19.896	4
19.896	7
19.9	7
19.902	6
19.905	5
19.913	6
19.913	3
19.917	6
19.917	3
19.919	4
20.172	3
20.172	4
20.172	4
20.172	8
20.172	6
20.173	6
20.173	4
20.173	6
20.177	7
20.179	6
20.182	5
20.19	6
20.19	3
20.194	6
20.194	3
20.196	4
20.847	3
20.847	4
20.847	4
20.847	8
20.847	6
20.848	6
20.848	4
20.848	5
20.852	7
20.854	6
20.857	5
20.865	6
20.865	3
20.869	6
20.869	3
20.871	4
21.572	3
21.572	4
21.572	4
21.572	8
21.572	6
21.573	6
21.573	4
21.573	4
21.577	7
21.579	6
21.582	5
21.59	6
21.59	3
21.594	6
21.594	3
21.596	4
23.22	3
23.22	4
23.22	4
23.22	8
23.22	6
23.221	6
23.221	3
23.221	4
23.225	7
23.227	6
23.23	5
23.238	6
23.238	3
23.242	6
23.242	3
23.244	4
23.497	3
23.497	4
23.497	4
23.497	8
23.497	6
23.498	6
23.498	3
23.498	4
23.502	7
23.504	6
23.507	5
23.515	6
23.515	3
23.519	5
23.519	3
23.521	4
23.848	3
23.848	4
23.848	4
23.848	8
23.848	6
23.849	6
23.849	3
23.849	4
23.853	7
23.855	6
23.858	5
23.866	5
23.866	3
23.87	5
23.87	3
23.872	4
25.22	3
25.22	4
25.22	3
25.22	8
25.22	6
25.221	6
25.221	3
25.221	4
25.225	7
25.227	6
25.23	5
25.238	5
25.238	3
25.242	5
25.242	3
25.244	4
25.54	3
25.54	4
25.54	3
25.54	8
25.54	6
25.541	6
25.541	3
25.541	4
25.545	6
25.547	6
25.55	5
25.558	5
25.558	3
25.562	5
25.562	3
25.564	4
25.765	3
25.765	4
25.765	3
25.765	8
25.765	5
25.766	6
25.766	3
25.766	4
25.77	6
25.772	6
25.775	5
25.783	5
25.783	3
25.787	5
25.787	3
25.789	4
25.986	3
25.986	4
25.986	3
25.986	7
25.986	5
25.987	6
25.987	3
25.987	4
25.991	6
25.993	6
25.996	5
26.004	5
26.004	3
26.008	5
26.008	3
26.01	4
26.1	3
26.1	4
26.1	3
26.1	6
26.1	5
26.101	6
26.101	3
26.101	4
26.105	6
26.107	6
26.11	5
26.118	5
26.118	3
26.122	5
26.122	3
26.124	4
27.522	3
27.522	4
27.522	3
27.522	5
27.522	5
27.523	6
27.523	3
27.523	4
27.527	6
27.529	6
27.532	5
27.54	5
27.54	3
27.544	5
27.544	3
27.546	4
28.092	3
28.092	4
28.092	3
28.092	4
28.092	5
28.093	6
28.093	3
28.093	4
28.097	6
28.099	6
28.102	5
28.11	5
28.11	3
28.114	5
28.114	3
28.116	4
28.167	3
28.167	3
28.167	3
28.167	4
28.167	5
28.168	6
28.168	3
28.168	4
28.172	6
28.174	6
28.177	5
28.185	5
28.185	3
28.189	5
28.189	3
28.191	4
28.855	3
28.855	3
28.855	3
28.855	4
28.855	5
28.856	6
28.856	3
28.856	4
28.86	5
28.862	6
28.865	5
28.873	5
28.873	3
28.877	5
28.877	3
28.879	4
29.138	3
29.138	3
29.138	3
29.138	4
29.138	5
29.139	6
29.139	3
29.139	3
29.143	5
29.145	6
29.148	5
29.156	5
29.156	3
29.16	5
29.16	3
29.162	4
29.964	3
29.964	3
29.964	3
29.964	4
29.964	5
29.965	6
29.965	3
29.965	3
29.969	5
29.971	6
29.974	4
29.982	5
29.982	3
29.986	5
29.986	3
29.988	4
30.651	3
30.651	3
30.651	3
30.651	3
30.651	5
30.652	6
30.652	3
30.652	3
30.656	5
30.658	6
30.661	4
30.669	5
30.669	3
30.673	5
30.673	3
30.675	4
31.038	3
31.038	3
31.038	3
31.038	3
31.038	5
31.039	5
31.039	3
31.039	3
31.039	3
31.039	3
31.039	3
31.039	3
31.039	5
31.04	5
31.04	3
31.04	3
31.043	5
31.044	5
31.045	6
31.046	6
31.048	4
31.049	4
31.056	5
31.056	3
31.057	4
31.057	3
31.06	5
31.06	3
31.061	5
31.061	3
31.062	4
31.063	4
31.812	3
31.812	3
31.812	3
31.812	3
31.812	5
31.813	5
31.813	3
31.813	3
31.817	5
31.819	6
31.822	4
31.83	4
31.83	3
31.834	5
31.834	3
31.836	3
31.984	3
31.984	3
31.984	3
31.984	3
31.984	5
31.985	5
31.985	3
31.985	3
31.989	5
31.991	5
31.994	4
32.002	4
32.002	3
32.006	5
32.006	3
32.008	3
32.578	3
32.578	3
32.578	3
32.578	3
32.578	4
32.579	5
32.579	3
32.579	3
32.583	5
32.585	5
32.588	4
32.596	4
32.596	3
32.6	5
32.6	3
32.602	3
32.632	3
32.632	3
32.632	3
32.632	3
32.632	4
32.633	5
32.633	3
32.633	3
32.637	5
32.639	4
32.642	4
32.65	4
32.65	3
32.654	5
32.654	3
32.656	3
33.17	3
33.17	3
33.17	3
33.17	3
33.17	4
33.171	5
33.171	3
33.171	3
33.175	5
33.177	3
33.18	4
33.188	4
33.188	3
33.192	5
33.192	3
33.194	3
33.51	3
33.51	3
33.51	3
33.51	3
33.51	4
33.511	5
33.511	3
33.511	3
33.515	5
33.517	3
33.52	4
33.528	4
33.528	3
33.532	4
33.532	3
33.534	3
34.011	3
34.011	3
34.011	3
34.011	3
34.011	4
34.012	4
34.012	3
34.012	3
34.016	5
34.018	3
34.021	4
34.029	4
34.029	3
34.033	4
34.033	3
34.035	3
38.082	3
38.082	3
38.082	3
38.082	3
38.082	4
38.083	4
38.083	3
38.083	3
38.087	5
38.089	3
38.092	4
38.1	4
38.1	3
38.104	3
38.104	3
38.106	3
38.593	3
38.593	3
38.593	3
38.593	3
38.593	4
38.594	4
38.594	3
38.594	3
38.598	4
38.6	3
38.603	4
38.611	4
38.611	3
38.615	3
38.615	3
38.617	3
39.302	3
39.302	3
39.302	3
39.302	3
39.302	4
39.303	3
39.303	3
39.303	3
39.307	4
39.309	3
39.312	4
39.32	4
39.32	3
39.324	3
39.324	3
39.326	3
39.473	3
39.473	3
39.473	3
39.473	3
39.473	4
39.474	2
39.474	3
39.474	3
39.478	4
39.48	3
39.483	4
39.491	4
39.491	3
39.495	3
39.495	3
39.497	3
39.762	3
39.762	3
39.762	3
39.762	3
39.762	4
39.763	3
39.763	3
39.763	3
39.767	4
39.769	3
39.772	4
39.78	4
39.78	3
39.784	3
39.784	3
39.786	3
39.789	3
39.789	3
39.789	3
39.789	3
39.789	4
39.79	4
39.79	3
39.79	3
39.794	4
39.796	3
39.799	4
39.807	4
39.807	3
39.811	3
39.811	3
39.813	3
39.903	3
39.903	3
39.903	3
39.903	3
39.903	4
39.904	5
39.904	3
39.904	3
39.908	4
39.91	3
39.913	4
39.921	4
39.921	3
39.925	3
39.925	3
39.927	3
39.928	3
39.928	3
39.928	3
39.928	3
39.928	4
39.929	6
39.929	3
39.929	3
39.933	4
39.935	3
39.938	4
39.946	4
39.946	3
39.946	3
39.946	3
39.946	3
39.946	3
39.946	4
39.947	7
39.947	3
39.947	3
39.95	3
39.95	3
39.951	4
39.951	3
39.951	3
39.951	3
39.951	3
39.951	4
39.952	3
39.952	8
39.952	3
39.952	3
39.953	3
39.956	4
39.956	4
39.958	3
39.961	4
39.964	4
39.964	3
39.968	3
39.968	3
39.969	4
39.969	3
39.97	3
39.973	3
39.973	3
39.973	3
39.973	3
39.973	3
39.973	3
39.973	4
39.974	9
39.974	3
39.974	3
39.975	3
39.978	4
39.98	3
39.983	4
39.983	3
39.983	3
39.983	3
39.983	3
39.983	4
39.984	10
39.984	3
39.984	3
39.988	4
39.99	3
39.991	4
39.991	3
39.993	4
39.995	3
39.995	3
39.997	3
40.001	4
40.001	3
40.005	3
40.005	3
40.007	3
40.032	3
40.032	3
40.032	3
40.032	3
40.032	4
40.033	11
40.033	3
40.033	3
40.037	4
40.039	3
40.042	4
40.05	4
40.05	3
40.054	3
40.054	3
40.056	3
40.081	3
40.081	3
40.081	3
40.081	3
40.081	4
40.082	12
40.082	3
40.082	3
40.086	4
40.088	3
40.091	4
40.099	4
40.099	3
40.103	3
40.103	3
40.105	3
40.398	3
40.398	3
40.398	3
40.398	3
40.398	3
40.399	12
40.399	3
40.399	3
40.403	4
40.405	3
40.408	4
40.416	4
40.416	3
40.42	3
40.42	3
40.422	3
42.89	3
42.89	3
42.89	3
42.89	3
42.89	3
42.891	12
42.891	3
42.891	3
42.895	4
42.897	3
42.9	3
42.908	4
42.908	3
42.912	3
42.912	3
42.914	3
43.107	3
43.107	3
43.107	3
43.107	3
43.107	3
43.108	12
43.108	3
43.108	3
43.112	4
43.114	3
43.117	3
43.125	3
43.125	3
43.129	3
43.129	3
43.131	3
44.395	3
44.395	3
44.395	3
44.395	3
44.395	3
44.396	12
44.396	3
44.396	3
44.4	3
44.402	3
44.405	3
44.413	3
44.413	3
44.417	3
44.417	3
44.419	3
45.442	3
45.442	3
45.442	3
45.442	3
45.442	3
45.443	11
45.443	3
45.443	3
45.447	3
45.449	3
45.452	3
45.46	3
45.46	3
45.464	3
45.464	3
45.466	3
49.987	3
49.987	3
49.987	3
49.987	3
49.987	3
49.988	10
49.988	3
49.988	3
49.992	3
49.994	3
49.997	3
50.005	3
50.005	3
50.009	3
50.009	3
50.011	3
52.393	3
52.393	3
52.393	3
52.393	3
52.393	3
52.394	9
52.394	3
52.394	3
52.398	3
52.4	3
52.403	3
52.411	3
52.411	3
52.415	3
52.415	3
52.417	3
54.173	3
54.173	3
54.173	3
54.173	3
54.173	3
54.174	8
54.174	3
54.174	3
54.178	3
54.18	3
54.183	3
54.191	3
54.191	3
54.195	3
54.195	3
54.197	3
54.934	3
54.934	3
54.934	3
54.934	3
54.934	3
54.935	7
54.935	3
54.935	3
54.939	3
54.941	3
54.944	3
54.952	3
54.952	3
54.956	3
54.956	3
54.958	3
57.999	3
57.999	3
57.999	3
57.999	3
57.999	3
58.0	6
58.0	3
58.0	3
58.004	3
58.006	3
58.009	3
58.017	3
58.017	3
58.021	3
58.021	3
58.023	3
58.857	3
58.857	3
58.857	3
58.857	3
58.857	3
58.858	5
58.858	3
58.858	3
58.862	3
58.864	3
58.867	3
58.875	3
58.875	3
58.879	3
58.879	3
58.881	3
72.626	3
72.626	3
72.626	3
72.626	3
72.626	3
72.627	4
72.627	3
72.627	3
72.631	3
72.633	3
72.636	3
72.644	3
72.644	3
72.648	3
72.648	3
72.65	3
76.306	3
76.306	3
76.306	3
76.306	3
76.306	3
76.307	3
76.307	3
76.307	3
76.311	3
76.313	3
76.316	3
76.324	3
76.324	3
76.328	3
76.328	3
76.33	3
