0.0	3
0.0	3
0.0	3
0.0	3
0.0	3
0.0	2
0.0	3
0.0	3
0.0	3
0.0	3
0.0	3
0.0	3
0.0	3
0.0	3
0.0	2
0.0	3
19.783	3
19.783	3
19.783	3
19.783	3
19.783	3
19.783	2
19.783	3
19.783	3
19.783	3
19.783	3
19.783	3
19.783	3
19.783	3
19.783	3
19.783	3
19.783	3
19.809	3
19.809	3
19.809	3
19.809	3
19.809	3
19.809	3
19.809	3
19.809	3
19.809	3
19.809	3
19.809	3
19.809	3
19.809	3
19.809	3
19.809	3
19.809	3
19.837	3
19.837	3
19.837	3
19.837	3
19.837	3
19.837	3
19.837	3
19.837	3
19.837	3
19.837	3
19.837	4
19.837	4
19.837	3
19.837	3
19.837	3
19.837	3
19.837	3
19.837	3
19.837	3
19.837	3
19.837	3
19.837	3
19.837	3
19.837	3
19.837	3
19.837	3
19.837	3
19.837	3
19.837	3
19.837	4
19.837	3
19.837	3
19.858	3
19.858	3
19.858	3
19.858	3
19.858	3
19.858	4
19.858	3
19.858	3
19.858	3
19.858	3
19.858	3
19.858	3
19.858	3
19.858	3
19.858	5
19.858	3
19.882	3
19.882	3
19.882	3
19.882	3
19.882	3
19.882	5
19.882	3
19.882	3
19.882	3
19.882	3
19.882	3
19.882	3
19.882	3
19.882	3
19.882	5
19.882	3
19.911	3
19.911	3
19.911	3
19.911	3
19.911	3
19.911	5
19.911	3
19.911	3
19.911	3
19.911	3
19.911	3
19.911	3
19.911	3
19.911	3
19.911	6
19.911	3
19.935	3
19.935	3
19.935	3
19.935	3
19.935	3
19.935	5
19.935	3
19.935	3
19.935	3
19.935	3
19.935	3
19.935	3
19.935	3
19.935	3
19.935	7
19.935	3
19.945	3
19.945	3
19.945	3
19.945	3
19.945	3
19.945	5
19.945	3
19.945	3
19.945	3
19.945	3
19.945	3
19.945	3
19.945	3
19.945	3
19.945	8
19.945	3
19.952	3
19.952	3
19.952	3
19.952	3
19.952	3
19.952	6
19.952	3
19.952	3
19.952	3
19.952	3
19.952	3
19.952	3
19.952	3
19.952	3
19.952	8
19.952	3
19.976	3
19.976	3
19.976	3
19.976	3
19.976	3
19.976	6
19.976	3
19.976	3
19.976	3
19.976	3
19.976	3
19.976	3
19.976	3
19.976	3
19.976	9
19.976	3
19.979	3
19.979	3
19.979	3
19.979	3
19.979	3
19.979	7
19.979	3
19.979	3
19.979	3
19.979	3
19.979	3
19.979	3
19.979	3
19.979	3
19.979	9
19.979	3
19.99	3
19.99	3
19.99	3
19.99	3
19.99	3
19.99	7
19.99	3
19.99	3
19.99	3
19.99	3
19.99	3
19.99	3
19.99	3
19.99	3
19.99	10
19.99	3
20.042	3
20.042	3
20.042	3
20.042	3
20.042	3
20.042	8
20.042	3
20.042	3
20.042	3
20.042	3
20.042	3
20.042	3
20.042	3
20.042	3
20.042	10
20.042	3
20.075	3
20.075	3
20.075	3
20.075	3
20.075	3
20.075	8
20.075	3
20.075	3
20.075	3
20.075	3
20.075	3
20.075	3
20.075	3
20.075	3
20.075	11
20.075	3
20.077	3
20.077	3
20.077	3
20.077	3
20.077	3
20.077	8
20.077	3
20.077	3
20.077	3
20.077	3
20.077	3
20.077	3
20.077	3
20.077	3
20.077	12
20.077	3
20.083	3
20.083	3
20.083	3
20.083	3
20.083	3
20.083	9
20.083	3
20.083	3
20.083	3
20.083	3
20.083	3
20.083	3
20.083	3
20.083	3
20.083	12
20.083	3
20.1	3
20.1	3
20.1	3
20.1	3
20.1	3
20.1	10
20.1	3
20.1	3
20.1	3
20.1	3
20.1	3
20.1	3
20.1	3
20.1	3
20.1	12
20.1	3
20.101	3
20.101	3
20.101	3
20.101	3
20.101	3
20.101	10
20.101	3
20.101	3
20.101	3
20.101	3
20.101	3
20.101	3
20.101	3
20.101	3
20.101	13
20.101	3
22.229	3
22.229	3
22.229	3
22.229	3
22.229	3
22.229	10
22.229	3
22.229	3
22.229	3
22.229	3
22.229	3
22.229	3
22.229	3
22.229	3
22.229	12
22.229	3
23.704	3
23.704	3
23.704	3
23.704	3
23.704	3
23.704	9
23.704	3
23.704	3
23.704	3
23.704	3
23.704	3
23.704	3
23.704	3
23.704	3
23.704	12
23.704	3
27.27	3
27.27	3
27.27	3
27.27	3
27.27	3
27.27	9
27.27	3
27.27	3
27.27	3
27.27	3
27.27	3
27.27	3
27.27	3
27.27	3
27.27	11
27.27	3
28.125	3
28.125	3
28.125	3
28.125	3
28.125	3
28.125	8
28.125	3
28.125	3
28.125	3
28.125	3
28.125	3
28.125	3
28.125	3
28.125	3
28.125	11
28.125	3
29.381	3
29.381	3
29.381	3
29.381	3
29.381	3
29.381	8
29.381	3
29.381	3
29.381	3
29.381	3
29.381	3
29.381	3
29.381	3
29.381	3
29.381	10
29.381	3
31.991	3
31.991	3
31.991	3
31.991	3
31.991	3
31.991	8
31.991	3
31.991	3
31.991	3
31.991	3
31.991	3
31.991	3
31.991	3
31.991	3
31.991	9
31.991	3
36.119	3
36.119	3
36.119	3
36.119	3
36.119	3
36.119	7
36.119	3
36.119	3
36.119	3
36.119	3
36.119	3
36.119	3
36.119	3
36.119	3
36.119	9
36.119	3
48.853	3
48.853	3
48.853	3
48.853	3
48.853	3
48.853	6
48.853	3
48.853	3
48.853	3
48.853	3
48.853	3
48.853	3
48.853	3
48.853	3
48.853	9
48.853	3
49.11	3
49.11	3
49.11	3
49.11	3
49.11	3
49.11	5
49.11	3
49.11	3
49.11	3
49.11	3
49.11	3
49.11	3
49.11	3
49.11	3
49.11	9
49.11	3
50.854	3
50.854	3
50.854	3
50.854	3
50.854	3
50.854	5
50.854	3
50.854	3
50.854	3
50.854	3
50.854	3
50.854	3
50.854	3
50.854	3
50.854	8
50.854	3
52.037	3
52.037	3
52.037	3
52.037	3
52.037	3
52.037	5
52.037	3
52.037	3
52.037	3
52.037	3
52.037	3
52.037	3
52.037	3
52.037	3
52.037	7
52.037	3
54.614	3
54.614	3
54.614	3
54.614	3
54.614	3
54.614	5
54.614	3
54.614	3
54.614	3
54.614	3
54.614	3
54.614	3
54.614	3
54.614	3
54.614	6
54.614	3
54.814	3
54.814	3
54.814	3
54.814	3
54.814	3
54.814	5
54.814	3
54.814	3
54.814	3
54.814	3
54.814	3
54.814	3
54.814	3
54.814	3
54.814	5
54.814	3
56.46	3
56.46	3
56.46	3
56.46	3
56.46	3
56.46	4
56.46	3
56.46	3
56.46	3
56.46	3
56.46	3
56.46	3
56.46	3
56.46	3
56.46	5
56.46	3
56.876	3
56.876	3
56.876	3
56.876	3
56.876	3
56.876	3
56.876	3
56.876	3
56.876	3
56.876	3
56.876	3
56.876	3
56.876	3
56.876	3
56.876	5
56.876	3
61.815	3
61.815	3
61.815	3
61.815	3
61.815	3
61.815	3
61.815	3
61.815	3
61.815	3
61.815	3
61.815	3
61.815	3
61.815	3
61.815	3
61.815	4
61.815	3
71.155	3
71.155	3
71.155	3
71.155	3
71.155	3
71.155	3
71.155	3
71.155	3
71.155	3
71.155	3
71.155	3
71.155	3
71.155	3
71.155	3
71.155	3
71.155	3
