0.001	1
0.002	1
0.003	1
0.004	1
0.005	1
0.006	1
0.007	1
0.008	1
0.009	1
0.01	1.0108225108225108
0.02	1.0726256983240223
0.03	1.2442244224422443
0.04	1.1733333333333333
0.05	1.0416666666666667
0.06	1.0101010101010102
0.07	1.2058823529411764
0.08	1.2580645161290323
0.09	1.1833333333333333
0.1	1.1821138211382114
0.2	1.6159765481861488
0.3	2.3205870992661257
0.4	2.9442815249266863
0.5	3.5274579273693534
0.6	4.111944027986007
0.7	4.576236613972463
0.8	4.894484412470024
0.9	5.129854368932039
1.0	5.266756032171582
2.0	5.136460554371002
3.0	4.984528832630098
4.0	4.772773797338792
5.0	4.542168674698795
6.0	4.438311688311688
7.0	4.25
8.0	4.053078556263269
9.0	3.9908814589665655
10.0	3.720486111111111
20.0	3.303485576923077
30.0	3.1015625
40.0	3.0234375
50.0	3.0078125
200.0	3.119968220338983
