0.0	3
0.0	3
0.0	3
0.0	2
0.0	2
0.0	3
0.0	3
0.0	3
0.0	3
0.0	2
0.0	3
0.0	3
0.0	3
0.0	3
0.0	3
0.0	3
0.0	3
0.0	3
0.0	3
0.0	3
0.0	2
0.0	3
0.0	3
0.0	3
0.0	3
0.0	3
0.0	3
0.0	2
0.0	3
0.0	3
0.0	3
0.0	3
0.0	3
0.0	3
0.0	3
0.0	3
0.0	3
0.0	3
0.0	2
0.0	2
0.0	3
0.0	3
0.0	3
0.0	3
0.0	3
0.0	3
0.0	3
0.0	2
0.0	3
0.0	3
0.0	3
0.0	3
0.0	3
0.0	3
0.0	2
0.0	3
0.0	3
0.0	2
0.0	3
0.0	3
0.0	3
0.0	3
0.0	3
0.0	3
19.649	3
19.649	3
19.649	3
19.649	2
19.649	2
19.649	3
19.649	3
19.649	3
19.649	3
19.649	2
19.649	3
19.649	3
19.649	3
19.649	3
19.649	3
19.649	3
19.649	3
19.649	3
19.649	3
19.649	3
19.649	3
19.649	3
19.649	3
19.649	3
19.649	3
19.649	3
19.649	3
19.649	2
19.649	3
19.649	3
19.649	3
19.649	3
19.649	3
19.649	3
19.649	3
19.649	3
19.649	3
19.649	3
19.649	2
19.649	2
19.649	3
19.649	3
19.649	3
19.649	3
19.649	3
19.649	3
19.649	3
19.649	2
19.649	3
19.649	3
19.649	3
19.649	3
19.649	3
19.649	3
19.649	2
19.649	3
19.649	3
19.649	2
19.649	3
19.649	3
19.649	3
19.649	3
19.649	3
19.649	3
19.671	3
19.671	3
19.671	3
19.671	2
19.671	3
19.671	3
19.671	3
19.671	3
19.671	3
19.671	2
19.671	3
19.671	3
19.671	3
19.671	3
19.671	3
19.671	3
19.671	3
19.671	3
19.671	3
19.671	3
19.671	3
19.671	3
19.671	3
19.671	3
19.671	3
19.671	3
19.671	3
19.671	2
19.671	3
19.671	3
19.671	3
19.671	3
19.671	3
19.671	3
19.671	3
19.671	3
19.671	3
19.671	3
19.671	2
19.671	2
19.671	3
19.671	3
19.671	3
19.671	3
19.671	3
19.671	3
19.671	3
19.671	2
19.671	3
19.671	3
19.671	3
19.671	3
19.671	3
19.671	3
19.671	2
19.671	3
19.671	3
19.671	2
19.671	3
19.671	3
19.671	3
19.671	3
19.671	3
19.671	3
19.672	3
19.672	3
19.672	3
19.672	2
19.672	3
19.672	3
19.672	3
19.672	3
19.672	3
19.672	2
19.672	3
19.672	3
19.672	3
19.672	3
19.672	3
19.672	3
19.672	3
19.672	3
19.672	3
19.672	3
19.672	3
19.672	3
19.672	3
19.672	3
19.672	3
19.672	3
19.672	3
19.672	2
19.672	3
19.672	3
19.672	3
19.672	3
19.672	3
19.672	3
19.672	3
19.672	3
19.672	3
19.672	3
19.672	2
19.672	3
19.672	3
19.672	3
19.672	3
19.672	3
19.672	3
19.672	3
19.672	3
19.672	2
19.672	3
19.672	3
19.672	3
19.672	3
19.672	3
19.672	3
19.672	2
19.672	3
19.672	3
19.672	2
19.672	3
19.672	3
19.672	3
19.672	3
19.672	3
19.672	3
19.688	3
19.688	3
19.688	3
19.688	2
19.688	4
19.688	3
19.688	3
19.688	3
19.688	3
19.688	2
19.688	3
19.688	3
19.688	3
19.688	3
19.688	3
19.688	3
19.688	3
19.688	3
19.688	3
19.688	3
19.688	3
19.688	3
19.688	3
19.688	3
19.688	3
19.688	3
19.688	3
19.688	2
19.688	3
19.688	3
19.688	3
19.688	3
19.688	3
19.688	3
19.688	3
19.688	3
19.688	3
19.688	3
19.688	2
19.688	3
19.688	3
19.688	3
19.688	3
19.688	3
19.688	3
19.688	3
19.688	3
19.688	2
19.688	3
19.688	3
19.688	3
19.688	3
19.688	3
19.688	3
19.688	2
19.688	3
19.688	3
19.688	2
19.688	3
19.688	3
19.688	3
19.688	3
19.688	3
19.688	3
19.747	3
19.747	3
19.747	3
19.747	2
19.747	4
19.747	3
19.747	3
19.747	3
19.747	3
19.747	2
19.747	3
19.747	3
19.747	3
19.747	3
19.747	3
19.747	3
19.747	3
19.747	3
19.747	3
19.747	3
19.747	3
19.747	3
19.747	3
19.747	3
19.747	3
19.747	3
19.747	3
19.747	2
19.747	3
19.747	3
19.747	3
19.747	3
19.747	3
19.747	3
19.747	3
19.747	3
19.747	3
19.747	3
19.747	2
19.747	3
19.747	3
19.747	3
19.747	3
19.747	3
19.747	3
19.747	3
19.747	3
19.747	2
19.747	3
19.747	3
19.747	3
19.747	3
19.747	3
19.747	3
19.747	2
19.747	3
19.747	3
19.747	3
19.747	3
19.747	3
19.747	3
19.747	3
19.747	3
19.747	3
19.761	3
19.761	3
19.761	3
19.761	2
19.761	4
19.761	3
19.761	3
19.761	3
19.761	3
19.761	2
19.761	3
19.761	3
19.761	3
19.761	3
19.761	3
19.761	3
19.761	3
19.761	3
19.761	3
19.761	3
19.761	3
19.761	3
19.761	3
19.761	3
19.761	3
19.761	3
19.761	3
19.761	3
19.761	3
19.761	3
19.761	3
19.761	3
19.761	3
19.761	3
19.761	3
19.761	3
19.761	3
19.761	3
19.761	2
19.761	3
19.761	3
19.761	3
19.761	3
19.761	3
19.761	3
19.761	3
19.761	3
19.761	2
19.761	3
19.761	3
19.761	3
19.761	3
19.761	3
19.761	3
19.761	2
19.761	3
19.761	3
19.761	3
19.761	3
19.761	3
19.761	3
19.761	3
19.761	3
19.761	3
19.765	3
19.765	3
19.765	3
19.765	2
19.765	4
19.765	3
19.765	3
19.765	3
19.765	3
19.765	2
19.765	3
19.765	3
19.765	3
19.765	3
19.765	3
19.765	3
19.765	3
19.765	3
19.765	3
19.765	3
19.765	3
19.765	3
19.765	3
19.765	3
19.765	3
19.765	3
19.765	3
19.765	3
19.765	3
19.765	3
19.765	3
19.765	3
19.765	3
19.765	3
19.765	3
19.765	3
19.765	3
19.765	3
19.765	2
19.765	3
19.765	3
19.765	3
19.765	3
19.765	3
19.765	3
19.765	3
19.765	3
19.765	2
19.765	3
19.765	3
19.765	3
19.765	3
19.765	3
19.765	3
19.765	3
19.765	3
19.765	3
19.765	3
19.765	3
19.765	3
19.765	3
19.765	3
19.765	3
19.765	3
19.78	3
19.78	3
19.78	3
19.78	2
19.78	4
19.78	3
19.78	3
19.78	3
19.78	3
19.78	2
19.78	3
19.78	3
19.78	3
19.78	3
19.78	3
19.78	3
19.78	3
19.78	3
19.78	3
19.78	3
19.78	3
19.78	3
19.78	3
19.78	3
19.78	3
19.78	3
19.78	3
19.78	4
19.78	3
19.78	3
19.78	3
19.78	3
19.78	3
19.78	3
19.78	3
19.78	3
19.78	3
19.78	3
19.78	2
19.78	3
19.78	3
19.78	3
19.78	3
19.78	3
19.78	3
19.78	3
19.78	3
19.78	2
19.78	3
19.78	3
19.78	3
19.78	3
19.78	3
19.78	3
19.78	3
19.78	3
19.78	3
19.78	3
19.78	3
19.78	3
19.78	3
19.78	3
19.78	3
19.78	3
19.847	3
19.847	3
19.847	3
19.847	2
19.847	4
19.847	3
19.847	3
19.847	3
19.847	3
19.847	2
19.847	3
19.847	3
19.847	3
19.847	3
19.847	3
19.847	3
19.847	3
19.847	3
19.847	3
19.847	3
19.847	3
19.847	3
19.847	3
19.847	3
19.847	3
19.847	3
19.847	3
19.847	4
19.847	3
19.847	3
19.847	3
19.847	3
19.847	3
19.847	3
19.847	3
19.847	3
19.847	3
19.847	3
19.847	2
19.847	3
19.847	3
19.847	3
19.847	3
19.847	3
19.847	3
19.847	3
19.847	3
19.847	3
19.847	3
19.847	3
19.847	3
19.847	3
19.847	3
19.847	3
19.847	3
19.847	3
19.847	3
19.847	3
19.847	3
19.847	3
19.847	3
19.847	3
19.847	3
19.847	3
19.851	3
19.851	3
19.851	3
19.851	2
19.851	4
19.851	3
19.851	3
19.851	3
19.851	3
19.851	3
19.851	3
19.851	3
19.851	3
19.851	3
19.851	3
19.851	3
19.851	3
19.851	3
19.851	3
19.851	3
19.851	3
19.851	3
19.851	3
19.851	3
19.851	3
19.851	3
19.851	3
19.851	4
19.851	3
19.851	3
19.851	3
19.851	3
19.851	3
19.851	3
19.851	3
19.851	3
19.851	3
19.851	3
19.851	2
19.851	3
19.851	3
19.851	3
19.851	3
19.851	3
19.851	3
19.851	3
19.851	3
19.851	3
19.851	3
19.851	3
19.851	3
19.851	3
19.851	3
19.851	3
19.851	3
19.851	3
19.851	3
19.851	3
19.851	3
19.851	3
19.851	3
19.851	3
19.851	3
19.851	3
19.866	3
19.866	3
19.866	3
19.866	2
19.866	4
19.866	3
19.866	3
19.866	3
19.866	3
19.866	3
19.866	3
19.866	3
19.866	3
19.866	3
19.866	3
19.866	3
19.866	3
19.866	3
19.866	3
19.866	3
19.866	3
19.866	3
19.866	3
19.866	3
19.866	3
19.866	3
19.866	3
19.866	4
19.866	3
19.866	3
19.866	3
19.866	3
19.866	3
19.866	3
19.866	3
19.866	3
19.866	3
19.866	3
19.866	2
19.866	4
19.866	3
19.866	3
19.866	3
19.866	3
19.866	3
19.866	3
19.866	3
19.866	3
19.866	3
19.866	3
19.866	3
19.866	3
19.866	3
19.866	3
19.866	3
19.866	3
19.866	3
19.866	3
19.866	3
19.866	3
19.866	3
19.866	3
19.866	3
19.866	3
19.869	3
19.869	3
19.869	3
19.869	2
19.869	4
19.869	3
19.869	3
19.869	3
19.869	3
19.869	4
19.869	3
19.869	3
19.869	3
19.869	3
19.869	3
19.869	3
19.869	3
19.869	3
19.869	3
19.869	3
19.869	3
19.869	3
19.869	3
19.869	3
19.869	3
19.869	3
19.869	3
19.869	4
19.869	3
19.869	3
19.869	3
19.869	3
19.869	3
19.869	3
19.869	3
19.869	3
19.869	3
19.869	3
19.869	2
19.869	4
19.869	3
19.869	3
19.869	3
19.869	3
19.869	3
19.869	3
19.869	3
19.869	3
19.869	3
19.869	3
19.869	3
19.869	3
19.869	3
19.869	3
19.869	3
19.869	3
19.869	3
19.869	3
19.869	3
19.869	3
19.869	3
19.869	3
19.869	3
19.869	3
19.877	3
19.877	3
19.877	3
19.877	2
19.877	5
19.877	3
19.877	3
19.877	3
19.877	3
19.877	4
19.877	3
19.877	3
19.877	3
19.877	3
19.877	3
19.877	3
19.877	3
19.877	3
19.877	3
19.877	3
19.877	3
19.877	3
19.877	3
19.877	3
19.877	3
19.877	3
19.877	3
19.877	4
19.877	3
19.877	3
19.877	3
19.877	3
19.877	3
19.877	3
19.877	3
19.877	3
19.877	3
19.877	3
19.877	2
19.877	4
19.877	3
19.877	3
19.877	3
19.877	3
19.877	3
19.877	3
19.877	3
19.877	3
19.877	3
19.877	3
19.877	3
19.877	3
19.877	3
19.877	3
19.877	3
19.877	3
19.877	3
19.877	3
19.877	3
19.877	3
19.877	3
19.877	3
19.877	3
19.877	3
19.878	3
19.878	3
19.878	3
19.878	2
19.878	5
19.878	3
19.878	3
19.878	3
19.878	3
19.878	4
19.878	3
19.878	3
19.878	3
19.878	3
19.878	3
19.878	3
19.878	3
19.878	3
19.878	3
19.878	3
19.878	4
19.878	3
19.878	3
19.878	3
19.878	3
19.878	3
19.878	3
19.878	4
19.878	3
19.878	3
19.878	3
19.878	3
19.878	3
19.878	3
19.878	3
19.878	3
19.878	3
19.878	3
19.878	2
19.878	4
19.878	3
19.878	3
19.878	3
19.878	3
19.878	3
19.878	3
19.878	3
19.878	3
19.878	3
19.878	3
19.878	3
19.878	3
19.878	3
19.878	3
19.878	3
19.878	3
19.878	3
19.878	3
19.878	3
19.878	3
19.878	3
19.878	3
19.878	3
19.878	3
19.888	3
19.888	3
19.888	3
19.888	2
19.888	5
19.888	3
19.888	3
19.888	3
19.888	3
19.888	4
19.888	3
19.888	3
19.888	3
19.888	3
19.888	3
19.888	3
19.888	3
19.888	3
19.888	3
19.888	3
19.888	4
19.888	3
19.888	3
19.888	3
19.888	3
19.888	3
19.888	3
19.888	4
19.888	3
19.888	3
19.888	3
19.888	3
19.888	3
19.888	3
19.888	3
19.888	3
19.888	3
19.888	3
19.888	2
19.888	4
19.888	3
19.888	3
19.888	3
19.888	3
19.888	3
19.888	3
19.888	3
19.888	4
19.888	3
19.888	3
19.888	3
19.888	3
19.888	3
19.888	3
19.888	3
19.888	3
19.888	3
19.888	3
19.888	3
19.888	3
19.888	3
19.888	3
19.888	3
19.888	3
19.889	3
19.889	3
19.889	3
19.889	3
19.889	5
19.889	3
19.889	3
19.889	3
19.889	3
19.889	4
19.889	3
19.889	3
19.889	3
19.889	3
19.889	3
19.889	3
19.889	3
19.889	3
19.889	3
19.889	3
19.889	4
19.889	3
19.889	3
19.889	3
19.889	3
19.889	3
19.889	3
19.889	4
19.889	3
19.889	3
19.889	3
19.889	3
19.889	3
19.889	3
19.889	3
19.889	3
19.889	3
19.889	3
19.889	2
19.889	4
19.889	3
19.889	3
19.889	3
19.889	3
19.889	3
19.889	3
19.889	3
19.889	4
19.889	3
19.889	3
19.889	3
19.889	3
19.889	3
19.889	3
19.889	3
19.889	3
19.889	3
19.889	3
19.889	3
19.889	3
19.889	3
19.889	3
19.889	3
19.889	3
19.931	3
19.931	3
19.931	3
19.931	4
19.931	5
19.931	3
19.931	3
19.931	3
19.931	3
19.931	4
19.931	3
19.931	3
19.931	3
19.931	3
19.931	3
19.931	3
19.931	3
19.931	3
19.931	3
19.931	3
19.931	4
19.931	3
19.931	3
19.931	3
19.931	3
19.931	3
19.931	3
19.931	4
19.931	3
19.931	3
19.931	3
19.931	3
19.931	3
19.931	3
19.931	3
19.931	3
19.931	3
19.931	3
19.931	2
19.931	4
19.931	3
19.931	3
19.931	3
19.931	3
19.931	3
19.931	3
19.931	3
19.931	4
19.931	3
19.931	3
19.931	3
19.931	3
19.931	3
19.931	3
19.931	3
19.931	3
19.931	3
19.931	3
19.931	3
19.931	3
19.931	3
19.931	3
19.931	3
19.931	3
19.96	3
19.96	3
19.96	3
19.96	4
19.96	5
19.96	3
19.96	3
19.96	3
19.96	3
19.96	4
19.96	3
19.96	3
19.96	3
19.96	3
19.96	3
19.96	3
19.96	3
19.96	3
19.96	3
19.96	3
19.96	4
19.96	3
19.96	3
19.96	3
19.96	3
19.96	3
19.96	3
19.96	4
19.96	3
19.96	3
19.96	3
19.96	3
19.96	3
19.96	3
19.96	3
19.96	3
19.96	3
19.96	3
19.96	3
19.96	4
19.96	3
19.96	3
19.96	3
19.96	3
19.96	3
19.96	3
19.96	3
19.96	4
19.96	3
19.96	3
19.96	3
19.96	3
19.96	3
19.96	3
19.96	3
19.96	3
19.96	3
19.96	3
19.96	3
19.96	3
19.96	3
19.96	3
19.96	3
19.96	3
19.967	3
19.967	3
19.967	3
19.967	4
19.967	5
19.967	3
19.967	3
19.967	3
19.967	3
19.967	5
19.967	3
19.967	3
19.967	3
19.967	3
19.967	3
19.967	3
19.967	3
19.967	3
19.967	3
19.967	3
19.967	4
19.967	3
19.967	3
19.967	3
19.967	3
19.967	3
19.967	3
19.967	4
19.967	3
19.967	3
19.967	3
19.967	3
19.967	3
19.967	3
19.967	3
19.967	3
19.967	3
19.967	3
19.967	3
19.967	4
19.967	3
19.967	3
19.967	3
19.967	3
19.967	3
19.967	3
19.967	3
19.967	4
19.967	3
19.967	3
19.967	3
19.967	3
19.967	3
19.967	3
19.967	3
19.967	3
19.967	3
19.967	3
19.967	3
19.967	3
19.967	3
19.967	3
19.967	3
19.967	3
19.981	3
19.981	3
19.981	3
19.981	4
19.981	5
19.981	3
19.981	3
19.981	3
19.981	3
19.981	5
19.981	3
19.981	3
19.981	3
19.981	3
19.981	3
19.981	3
19.981	3
19.981	3
19.981	3
19.981	3
19.981	4
19.981	3
19.981	3
19.981	3
19.981	3
19.981	3
19.981	3
19.981	4
19.981	3
19.981	3
19.981	3
19.981	3
19.981	3
19.981	3
19.981	3
19.981	3
19.981	3
19.981	3
19.981	4
19.981	4
19.981	3
19.981	3
19.981	3
19.981	3
19.981	3
19.981	3
19.981	3
19.981	4
19.981	3
19.981	3
19.981	3
19.981	3
19.981	3
19.981	3
19.981	3
19.981	3
19.981	3
19.981	3
19.981	3
19.981	3
19.981	3
19.981	3
19.981	3
19.981	3
20.002	3
20.002	3
20.002	3
20.002	4
20.002	5
20.002	3
20.002	3
20.002	3
20.002	3
20.002	5
20.002	3
20.002	3
20.002	3
20.002	3
20.002	3
20.002	3
20.002	3
20.002	3
20.002	3
20.002	3
20.002	4
20.002	3
20.002	3
20.002	3
20.002	3
20.002	3
20.002	3
20.002	4
20.002	3
20.002	3
20.002	3
20.002	3
20.002	3
20.002	3
20.002	3
20.002	3
20.002	3
20.002	3
20.002	5
20.002	4
20.002	3
20.002	3
20.002	3
20.002	3
20.002	3
20.002	3
20.002	3
20.002	4
20.002	3
20.002	3
20.002	3
20.002	3
20.002	3
20.002	3
20.002	3
20.002	3
20.002	3
20.002	3
20.002	3
20.002	3
20.002	3
20.002	3
20.002	3
20.002	3
20.011	3
20.011	3
20.011	3
20.011	4
20.011	5
20.011	3
20.011	3
20.011	3
20.011	3
20.011	5
20.011	3
20.011	3
20.011	3
20.011	3
20.011	3
20.011	3
20.011	3
20.011	3
20.011	3
20.011	3
20.011	4
20.011	3
20.011	3
20.011	3
20.011	3
20.011	3
20.011	3
20.011	4
20.011	3
20.011	3
20.011	3
20.011	3
20.011	3
20.011	3
20.011	3
20.011	3
20.011	3
20.011	3
20.011	5
20.011	5
20.011	3
20.011	3
20.011	3
20.011	3
20.011	3
20.011	3
20.011	3
20.011	4
20.011	3
20.011	3
20.011	3
20.011	3
20.011	3
20.011	3
20.011	3
20.011	3
20.011	3
20.011	3
20.011	3
20.011	3
20.011	3
20.011	3
20.011	3
20.011	3
20.014	3
20.014	3
20.014	3
20.014	4
20.014	5
20.014	3
20.014	3
20.014	3
20.014	3
20.014	5
20.014	3
20.014	3
20.014	3
20.014	3
20.014	3
20.014	3
20.014	3
20.014	3
20.014	3
20.014	3
20.014	4
20.014	3
20.014	3
20.014	3
20.014	3
20.014	3
20.014	3
20.014	4
20.014	3
20.014	3
20.014	3
20.014	3
20.014	3
20.014	3
20.014	3
20.014	3
20.014	3
20.014	3
20.014	5
20.014	5
20.014	3
20.014	3
20.014	3
20.014	3
20.014	3
20.014	3
20.014	3
20.014	4
20.014	3
20.014	3
20.014	3
20.014	3
20.014	3
20.014	3
20.014	4
20.014	3
20.014	3
20.014	3
20.014	3
20.014	3
20.014	3
20.014	3
20.014	3
20.014	3
20.075	3
20.075	3
20.075	3
20.075	4
20.075	5
20.075	3
20.075	3
20.075	3
20.075	3
20.075	5
20.075	3
20.075	3
20.075	3
20.075	3
20.075	3
20.075	3
20.075	3
20.075	3
20.075	3
20.075	3
20.075	4
20.075	3
20.075	3
20.075	3
20.075	3
20.075	3
20.075	3
20.075	4
20.075	3
20.075	3
20.075	3
20.075	3
20.075	3
20.075	3
20.075	3
20.075	3
20.075	3
20.075	3
20.075	5
20.075	5
20.075	3
20.075	3
20.075	3
20.075	3
20.075	3
20.075	3
20.075	3
20.075	5
20.075	3
20.075	3
20.075	3
20.075	3
20.075	3
20.075	3
20.075	4
20.075	3
20.075	3
20.075	3
20.075	3
20.075	3
20.075	3
20.075	3
20.075	3
20.075	3
20.077	3
20.077	3
20.077	3
20.077	4
20.077	5
20.077	3
20.077	3
20.077	3
20.077	3
20.077	5
20.077	3
20.077	3
20.077	3
20.077	3
20.077	3
20.077	3
20.077	3
20.077	3
20.077	3
20.077	3
20.077	4
20.077	3
20.077	3
20.077	3
20.077	3
20.077	3
20.077	3
20.077	4
20.077	3
20.077	3
20.077	3
20.077	3
20.077	3
20.077	3
20.077	3
20.077	3
20.077	3
20.077	3
20.077	6
20.077	5
20.077	3
20.077	3
20.077	3
20.077	3
20.077	3
20.077	3
20.077	3
20.077	5
20.077	3
20.077	3
20.077	3
20.077	3
20.077	3
20.077	3
20.077	4
20.077	3
20.077	3
20.077	3
20.077	3
20.077	3
20.077	3
20.077	3
20.077	3
20.077	3
20.122	3
20.122	3
20.122	3
20.122	4
20.122	5
20.122	3
20.122	3
20.122	3
20.122	3
20.122	5
20.122	3
20.122	3
20.122	3
20.122	3
20.122	3
20.122	3
20.122	3
20.122	3
20.122	3
20.122	3
20.122	4
20.122	3
20.122	3
20.122	3
20.122	3
20.122	3
20.122	3
20.122	4
20.122	3
20.122	3
20.122	3
20.122	3
20.122	3
20.122	3
20.122	3
20.122	3
20.122	3
20.122	3
20.122	6
20.122	5
20.122	3
20.122	3
20.122	3
20.122	3
20.122	3
20.122	3
20.122	3
20.122	5
20.122	3
20.122	3
20.122	3
20.122	3
20.122	3
20.122	3
20.122	5
20.122	3
20.122	3
20.122	3
20.122	3
20.122	3
20.122	3
20.122	3
20.122	3
20.122	3
20.166	3
20.166	3
20.166	3
20.166	4
20.166	5
20.166	3
20.166	3
20.166	3
20.166	3
20.166	6
20.166	3
20.166	3
20.166	3
20.166	3
20.166	3
20.166	3
20.166	3
20.166	3
20.166	3
20.166	3
20.166	4
20.166	3
20.166	3
20.166	3
20.166	3
20.166	3
20.166	3
20.166	4
20.166	3
20.166	3
20.166	3
20.166	3
20.166	3
20.166	3
20.166	3
20.166	3
20.166	3
20.166	3
20.166	6
20.166	5
20.166	3
20.166	3
20.166	3
20.166	3
20.166	3
20.166	3
20.166	3
20.166	5
20.166	3
20.166	3
20.166	3
20.166	3
20.166	3
20.166	3
20.166	5
20.166	3
20.166	3
20.166	3
20.166	3
20.166	3
20.166	3
20.166	3
20.166	3
20.166	3
20.183	3
20.183	3
20.183	3
20.183	5
20.183	5
20.183	3
20.183	3
20.183	3
20.183	3
20.183	6
20.183	3
20.183	3
20.183	3
20.183	3
20.183	3
20.183	3
20.183	3
20.183	3
20.183	3
20.183	3
20.183	4
20.183	3
20.183	3
20.183	3
20.183	3
20.183	3
20.183	3
20.183	4
20.183	3
20.183	3
20.183	3
20.183	3
20.183	3
20.183	3
20.183	3
20.183	3
20.183	3
20.183	3
20.183	6
20.183	5
20.183	3
20.183	3
20.183	3
20.183	3
20.183	3
20.183	3
20.183	3
20.183	5
20.183	3
20.183	3
20.183	3
20.183	3
20.183	3
20.183	3
20.183	5
20.183	3
20.183	3
20.183	3
20.183	3
20.183	3
20.183	3
20.183	3
20.183	3
20.183	3
20.191	3
20.191	3
20.191	3
20.191	5
20.191	5
20.191	3
20.191	3
20.191	3
20.191	3
20.191	6
20.191	3
20.191	3
20.191	3
20.191	3
20.191	3
20.191	3
20.191	3
20.191	3
20.191	3
20.191	3
20.191	4
20.191	3
20.191	3
20.191	3
20.191	3
20.191	3
20.191	3
20.191	4
20.191	3
20.191	3
20.191	3
20.191	3
20.191	3
20.191	3
20.191	3
20.191	3
20.191	3
20.191	3
20.191	6
20.191	5
20.191	3
20.191	3
20.191	3
20.191	3
20.191	3
20.191	3
20.191	3
20.191	6
20.191	3
20.191	3
20.191	3
20.191	3
20.191	3
20.191	3
20.191	5
20.191	3
20.191	3
20.191	3
20.191	3
20.191	3
20.191	3
20.191	3
20.191	3
20.191	3
20.204	3
20.204	3
20.204	3
20.204	5
20.204	6
20.204	3
20.204	3
20.204	3
20.204	3
20.204	6
20.204	3
20.204	3
20.204	3
20.204	3
20.204	3
20.204	3
20.204	3
20.204	3
20.204	3
20.204	3
20.204	4
20.204	3
20.204	3
20.204	3
20.204	3
20.204	3
20.204	3
20.204	4
20.204	3
20.204	3
20.204	3
20.204	3
20.204	3
20.204	3
20.204	3
20.204	3
20.204	3
20.204	3
20.204	6
20.204	5
20.204	3
20.204	3
20.204	3
20.204	3
20.204	3
20.204	3
20.204	3
20.204	6
20.204	3
20.204	3
20.204	3
20.204	3
20.204	3
20.204	3
20.204	5
20.204	3
20.204	3
20.204	3
20.204	3
20.204	3
20.204	3
20.204	3
20.204	3
20.204	3
20.227	3
20.227	3
20.227	3
20.227	5
20.227	6
20.227	3
20.227	3
20.227	3
20.227	3
20.227	6
20.227	3
20.227	3
20.227	3
20.227	3
20.227	3
20.227	3
20.227	3
20.227	3
20.227	3
20.227	3
20.227	4
20.227	3
20.227	3
20.227	3
20.227	3
20.227	3
20.227	3
20.227	4
20.227	3
20.227	3
20.227	3
20.227	3
20.227	3
20.227	3
20.227	3
20.227	3
20.227	3
20.227	3
20.227	7
20.227	5
20.227	3
20.227	3
20.227	3
20.227	3
20.227	3
20.227	3
20.227	3
20.227	6
20.227	3
20.227	3
20.227	3
20.227	3
20.227	3
20.227	3
20.227	5
20.227	3
20.227	3
20.227	3
20.227	3
20.227	3
20.227	3
20.227	3
20.227	3
20.227	3
21.06	3
21.06	3
21.06	3
21.06	4
21.06	6
21.06	3
21.06	3
21.06	3
21.06	3
21.06	6
21.06	3
21.06	3
21.06	3
21.06	3
21.06	3
21.06	3
21.06	3
21.06	3
21.06	3
21.06	3
21.06	4
21.06	3
21.06	3
21.06	3
21.06	3
21.06	3
21.06	3
21.06	4
21.06	3
21.06	3
21.06	3
21.06	3
21.06	3
21.06	3
21.06	3
21.06	3
21.06	3
21.06	3
21.06	7
21.06	5
21.06	3
21.06	3
21.06	3
21.06	3
21.06	3
21.06	3
21.06	3
21.06	6
21.06	3
21.06	3
21.06	3
21.06	3
21.06	3
21.06	3
21.06	5
21.06	3
21.06	3
21.06	3
21.06	3
21.06	3
21.06	3
21.06	3
21.06	3
21.06	3
21.916	3
21.916	3
21.916	3
21.916	4
21.916	6
21.916	3
21.916	3
21.916	3
21.916	3
21.916	6
21.916	3
21.916	3
21.916	3
21.916	3
21.916	3
21.916	3
21.916	3
21.916	3
21.916	3
21.916	3
21.916	4
21.916	3
21.916	3
21.916	3
21.916	3
21.916	3
21.916	3
21.916	3
21.916	3
21.916	3
21.916	3
21.916	3
21.916	3
21.916	3
21.916	3
21.916	3
21.916	3
21.916	3
21.916	7
21.916	5
21.916	3
21.916	3
21.916	3
21.916	3
21.916	3
21.916	3
21.916	3
21.916	6
21.916	3
21.916	3
21.916	3
21.916	3
21.916	3
21.916	3
21.916	5
21.916	3
21.916	3
21.916	3
21.916	3
21.916	3
21.916	3
21.916	3
21.916	3
21.916	3
22.181	3
22.181	3
22.181	3
22.181	4
22.181	6
22.181	3
22.181	3
22.181	3
22.181	3
22.181	6
22.181	3
22.181	3
22.181	3
22.181	3
22.181	3
22.181	3
22.181	3
22.181	3
22.181	3
22.181	3
22.181	3
22.181	3
22.181	3
22.181	3
22.181	3
22.181	3
22.181	3
22.181	3
22.181	3
22.181	3
22.181	3
22.181	3
22.181	3
22.181	3
22.181	3
22.181	3
22.181	3
22.181	3
22.181	7
22.181	5
22.181	3
22.181	3
22.181	3
22.181	3
22.181	3
22.181	3
22.181	3
22.181	6
22.181	3
22.181	3
22.181	3
22.181	3
22.181	3
22.181	3
22.181	5
22.181	3
22.181	3
22.181	3
22.181	3
22.181	3
22.181	3
22.181	3
22.181	3
22.181	3
23.158	3
23.158	3
23.158	3
23.158	3
23.158	6
23.158	3
23.158	3
23.158	3
23.158	3
23.158	6
23.158	3
23.158	3
23.158	3
23.158	3
23.158	3
23.158	3
23.158	3
23.158	3
23.158	3
23.158	3
23.158	3
23.158	3
23.158	3
23.158	3
23.158	3
23.158	3
23.158	3
23.158	3
23.158	3
23.158	3
23.158	3
23.158	3
23.158	3
23.158	3
23.158	3
23.158	3
23.158	3
23.158	3
23.158	7
23.158	5
23.158	3
23.158	3
23.158	3
23.158	3
23.158	3
23.158	3
23.158	3
23.158	6
23.158	3
23.158	3
23.158	3
23.158	3
23.158	3
23.158	3
23.158	5
23.158	3
23.158	3
23.158	3
23.158	3
23.158	3
23.158	3
23.158	3
23.158	3
23.158	3
23.59	3
23.59	3
23.59	3
23.59	3
23.59	6
23.59	3
23.59	3
23.59	3
23.59	3
23.59	6
23.59	3
23.59	3
23.59	3
23.59	3
23.59	3
23.59	3
23.59	3
23.59	3
23.59	3
23.59	3
23.59	3
23.59	3
23.59	3
23.59	3
23.59	3
23.59	3
23.59	3
23.59	3
23.59	3
23.59	3
23.59	3
23.59	3
23.59	3
23.59	3
23.59	3
23.59	3
23.59	3
23.59	3
23.59	7
23.59	5
23.59	3
23.59	3
23.59	3
23.59	3
23.59	3
23.59	3
23.59	3
23.59	5
23.59	3
23.59	3
23.59	3
23.59	3
23.59	3
23.59	3
23.59	5
23.59	3
23.59	3
23.59	3
23.59	3
23.59	3
23.59	3
23.59	3
23.59	3
23.59	3
23.83	3
23.83	3
23.83	3
23.83	3
23.83	6
23.83	3
23.83	3
23.83	3
23.83	3
23.83	6
23.83	3
23.83	3
23.83	3
23.83	3
23.83	3
23.83	3
23.83	3
23.83	3
23.83	3
23.83	3
23.83	3
23.83	3
23.83	3
23.83	3
23.83	3
23.83	3
23.83	3
23.83	3
23.83	3
23.83	3
23.83	3
23.83	3
23.83	3
23.83	3
23.83	3
23.83	3
23.83	3
23.83	3
23.83	7
23.83	5
23.83	3
23.83	3
23.83	3
23.83	3
23.83	3
23.83	3
23.83	3
23.83	5
23.83	3
23.83	3
23.83	3
23.83	3
23.83	3
23.83	3
23.83	4
23.83	3
23.83	3
23.83	3
23.83	3
23.83	3
23.83	3
23.83	3
23.83	3
23.83	3
25.337	3
25.337	3
25.337	3
25.337	3
25.337	6
25.337	3
25.337	3
25.337	3
25.337	3
25.337	6
25.337	3
25.337	3
25.337	3
25.337	3
25.337	3
25.337	3
25.337	3
25.337	3
25.337	3
25.337	3
25.337	3
25.337	3
25.337	3
25.337	3
25.337	3
25.337	3
25.337	3
25.337	2
25.337	3
25.337	3
25.337	3
25.337	3
25.337	3
25.337	3
25.337	3
25.337	3
25.337	3
25.337	3
25.337	7
25.337	5
25.337	3
25.337	3
25.337	3
25.337	3
25.337	3
25.337	3
25.337	3
25.337	5
25.337	3
25.337	3
25.337	3
25.337	3
25.337	3
25.337	3
25.337	4
25.337	3
25.337	3
25.337	3
25.337	3
25.337	3
25.337	3
25.337	3
25.337	3
25.337	3
25.58	3
25.58	3
25.58	3
25.58	3
25.58	5
25.58	3
25.58	3
25.58	3
25.58	3
25.58	6
25.58	3
25.58	3
25.58	3
25.58	3
25.58	3
25.58	3
25.58	3
25.58	3
25.58	3
25.58	3
25.58	3
25.58	3
25.58	3
25.58	3
25.58	3
25.58	3
25.58	3
25.58	2
25.58	3
25.58	3
25.58	3
25.58	3
25.58	3
25.58	3
25.58	3
25.58	3
25.58	3
25.58	3
25.58	7
25.58	5
25.58	3
25.58	3
25.58	3
25.58	3
25.58	3
25.58	3
25.58	3
25.58	5
25.58	3
25.58	3
25.58	3
25.58	3
25.58	3
25.58	3
25.58	4
25.58	3
25.58	3
25.58	3
25.58	3
25.58	3
25.58	3
25.58	3
25.58	3
25.58	3
25.957	3
25.957	3
25.957	3
25.957	3
25.957	5
25.957	3
25.957	3
25.957	3
25.957	3
25.957	6
25.957	3
25.957	3
25.957	3
25.957	3
25.957	3
25.957	3
25.957	3
25.957	3
25.957	3
25.957	3
25.957	3
25.957	3
25.957	3
25.957	3
25.957	3
25.957	3
25.957	3
25.957	3
25.957	3
25.957	3
25.957	3
25.957	3
25.957	3
25.957	3
25.957	3
25.957	3
25.957	3
25.957	3
25.957	7
25.957	5
25.957	3
25.957	3
25.957	3
25.957	3
25.957	3
25.957	3
25.957	3
25.957	5
25.957	3
25.957	3
25.957	3
25.957	3
25.957	3
25.957	3
25.957	4
25.957	3
25.957	3
25.957	3
25.957	3
25.957	3
25.957	3
25.957	3
25.957	3
25.957	3
26.001	3
26.001	3
26.001	3
26.001	3
26.001	5
26.001	3
26.001	3
26.001	3
26.001	3
26.001	6
26.001	3
26.001	3
26.001	3
26.001	3
26.001	3
26.001	3
26.001	3
26.001	3
26.001	3
26.001	3
26.001	3
26.001	3
26.001	3
26.001	3
26.001	3
26.001	3
26.001	3
26.001	3
26.001	3
26.001	3
26.001	3
26.001	3
26.001	3
26.001	3
26.001	3
26.001	3
26.001	3
26.001	3
26.001	7
26.001	4
26.001	3
26.001	3
26.001	3
26.001	3
26.001	3
26.001	3
26.001	3
26.001	5
26.001	3
26.001	3
26.001	3
26.001	3
26.001	3
26.001	3
26.001	4
26.001	3
26.001	3
26.001	3
26.001	3
26.001	3
26.001	3
26.001	3
26.001	3
26.001	3
26.268	3
26.268	3
26.268	3
26.268	3
26.268	4
26.268	3
26.268	3
26.268	3
26.268	3
26.268	6
26.268	3
26.268	3
26.268	3
26.268	3
26.268	3
26.268	3
26.268	3
26.268	3
26.268	3
26.268	3
26.268	3
26.268	3
26.268	3
26.268	3
26.268	3
26.268	3
26.268	3
26.268	3
26.268	3
26.268	3
26.268	3
26.268	3
26.268	3
26.268	3
26.268	3
26.268	3
26.268	3
26.268	3
26.268	7
26.268	4
26.268	3
26.268	3
26.268	3
26.268	3
26.268	3
26.268	3
26.268	3
26.268	5
26.268	3
26.268	3
26.268	3
26.268	3
26.268	3
26.268	3
26.268	4
26.268	3
26.268	3
26.268	3
26.268	3
26.268	3
26.268	3
26.268	3
26.268	3
26.268	3
26.294	3
26.294	3
26.294	3
26.294	3
26.294	4
26.294	3
26.294	3
26.294	3
26.294	3
26.294	6
26.294	3
26.294	3
26.294	3
26.294	3
26.294	3
26.294	3
26.294	3
26.294	3
26.294	3
26.294	3
26.294	3
26.294	3
26.294	3
26.294	3
26.294	3
26.294	3
26.294	3
26.294	3
26.294	3
26.294	3
26.294	3
26.294	3
26.294	3
26.294	3
26.294	3
26.294	3
26.294	3
26.294	3
26.294	7
26.294	4
26.294	3
26.294	3
26.294	3
26.294	3
26.294	3
26.294	3
26.294	3
26.294	4
26.294	3
26.294	3
26.294	3
26.294	3
26.294	3
26.294	3
26.294	4
26.294	3
26.294	3
26.294	3
26.294	3
26.294	3
26.294	3
26.294	3
26.294	3
26.294	3
26.373	3
26.373	3
26.373	3
26.373	3
26.373	4
26.373	3
26.373	3
26.373	3
26.373	3
26.373	6
26.373	3
26.373	3
26.373	3
26.373	3
26.373	3
26.373	3
26.373	3
26.373	3
26.373	3
26.373	3
26.373	3
26.373	3
26.373	3
26.373	3
26.373	3
26.373	3
26.373	3
26.373	3
26.373	3
26.373	3
26.373	3
26.373	3
26.373	3
26.373	3
26.373	3
26.373	3
26.373	3
26.373	3
26.373	6
26.373	4
26.373	3
26.373	3
26.373	3
26.373	3
26.373	3
26.373	3
26.373	3
26.373	4
26.373	3
26.373	3
26.373	3
26.373	3
26.373	3
26.373	3
26.373	4
26.373	3
26.373	3
26.373	3
26.373	3
26.373	3
26.373	3
26.373	3
26.373	3
26.373	3
26.441	3
26.441	3
26.441	3
26.441	3
26.441	4
26.441	3
26.441	3
26.441	3
26.441	3
26.441	6
26.441	3
26.441	3
26.441	3
26.441	3
26.441	3
26.441	3
26.441	3
26.441	3
26.441	3
26.441	3
26.441	2
26.441	3
26.441	3
26.441	3
26.441	3
26.441	3
26.441	3
26.441	3
26.441	3
26.441	3
26.441	3
26.441	3
26.441	3
26.441	3
26.441	3
26.441	3
26.441	3
26.441	3
26.441	6
26.441	4
26.441	3
26.441	3
26.441	3
26.441	3
26.441	3
26.441	3
26.441	3
26.441	4
26.441	3
26.441	3
26.441	3
26.441	3
26.441	3
26.441	3
26.441	4
26.441	3
26.441	3
26.441	3
26.441	3
26.441	3
26.441	3
26.441	3
26.441	3
26.441	3
26.959	3
26.959	3
26.959	3
26.959	3
26.959	4
26.959	3
26.959	3
26.959	3
26.959	3
26.959	6
26.959	3
26.959	3
26.959	3
26.959	3
26.959	3
26.959	3
26.959	3
26.959	3
26.959	3
26.959	3
26.959	3
26.959	3
26.959	3
26.959	3
26.959	3
26.959	3
26.959	3
26.959	3
26.959	3
26.959	3
26.959	3
26.959	3
26.959	3
26.959	3
26.959	3
26.959	3
26.959	3
26.959	3
26.959	6
26.959	4
26.959	3
26.959	3
26.959	3
26.959	3
26.959	3
26.959	3
26.959	3
26.959	4
26.959	3
26.959	3
26.959	3
26.959	3
26.959	3
26.959	3
26.959	4
26.959	3
26.959	3
26.959	3
26.959	3
26.959	3
26.959	3
26.959	3
26.959	3
26.959	3
27.072	3
27.072	3
27.072	3
27.072	3
27.072	4
27.072	3
27.072	3
27.072	3
27.072	3
27.072	6
27.072	3
27.072	3
27.072	3
27.072	3
27.072	3
27.072	3
27.072	3
27.072	3
27.072	3
27.072	3
27.072	4
27.072	3
27.072	3
27.072	3
27.072	3
27.072	3
27.072	3
27.072	3
27.072	3
27.072	3
27.072	3
27.072	3
27.072	3
27.072	3
27.072	3
27.072	3
27.072	3
27.072	3
27.072	6
27.072	4
27.072	3
27.072	3
27.072	3
27.072	3
27.072	3
27.072	3
27.072	3
27.072	4
27.072	3
27.072	3
27.072	3
27.072	3
27.072	3
27.072	3
27.072	4
27.072	3
27.072	3
27.072	3
27.072	3
27.072	3
27.072	3
27.072	3
27.072	3
27.072	3
27.369	3
27.369	3
27.369	3
27.369	3
27.369	3
27.369	3
27.369	3
27.369	3
27.369	3
27.369	6
27.369	3
27.369	3
27.369	3
27.369	3
27.369	3
27.369	3
27.369	3
27.369	3
27.369	3
27.369	3
27.369	4
27.369	3
27.369	3
27.369	3
27.369	3
27.369	3
27.369	3
27.369	3
27.369	3
27.369	3
27.369	3
27.369	3
27.369	3
27.369	3
27.369	3
27.369	3
27.369	3
27.369	3
27.369	6
27.369	4
27.369	3
27.369	3
27.369	3
27.369	3
27.369	3
27.369	3
27.369	3
27.369	4
27.369	3
27.369	3
27.369	3
27.369	3
27.369	3
27.369	3
27.369	4
27.369	3
27.369	3
27.369	3
27.369	3
27.369	3
27.369	3
27.369	3
27.369	3
27.369	3
28.192	3
28.192	3
28.192	3
28.192	3
28.192	3
28.192	3
28.192	3
28.192	3
28.192	3
28.192	6
28.192	3
28.192	3
28.192	3
28.192	3
28.192	3
28.192	3
28.192	3
28.192	3
28.192	3
28.192	3
28.192	4
28.192	3
28.192	3
28.192	3
28.192	3
28.192	3
28.192	3
28.192	3
28.192	3
28.192	3
28.192	3
28.192	3
28.192	3
28.192	3
28.192	3
28.192	3
28.192	3
28.192	3
28.192	5
28.192	4
28.192	3
28.192	3
28.192	3
28.192	3
28.192	3
28.192	3
28.192	3
28.192	4
28.192	3
28.192	3
28.192	3
28.192	3
28.192	3
28.192	3
28.192	4
28.192	3
28.192	3
28.192	3
28.192	3
28.192	3
28.192	3
28.192	3
28.192	3
28.192	3
28.207	3
28.207	3
28.207	3
28.207	3
28.207	3
28.207	3
28.207	3
28.207	3
28.207	3
28.207	6
28.207	3
28.207	3
28.207	3
28.207	3
28.207	3
28.207	3
28.207	3
28.207	3
28.207	3
28.207	3
28.207	4
28.207	3
28.207	3
28.207	3
28.207	3
28.207	3
28.207	3
28.207	3
28.207	3
28.207	3
28.207	3
28.207	3
28.207	3
28.207	3
28.207	3
28.207	3
28.207	3
28.207	3
28.207	5
28.207	4
28.207	3
28.207	3
28.207	3
28.207	3
28.207	3
28.207	3
28.207	3
28.207	4
28.207	3
28.207	3
28.207	3
28.207	3
28.207	3
28.207	3
28.207	3
28.207	3
28.207	3
28.207	3
28.207	3
28.207	3
28.207	3
28.207	3
28.207	3
28.207	3
29.361	3
29.361	3
29.361	3
29.361	3
29.361	3
29.361	3
29.361	3
29.361	3
29.361	3
29.361	6
29.361	3
29.361	3
29.361	3
29.361	3
29.361	3
29.361	3
29.361	3
29.361	3
29.361	3
29.361	3
29.361	4
29.361	3
29.361	3
29.361	3
29.361	3
29.361	3
29.361	3
29.361	3
29.361	3
29.361	3
29.361	3
29.361	3
29.361	3
29.361	3
29.361	3
29.361	3
29.361	3
29.361	3
29.361	5
29.361	3
29.361	3
29.361	3
29.361	3
29.361	3
29.361	3
29.361	3
29.361	3
29.361	4
29.361	3
29.361	3
29.361	3
29.361	3
29.361	3
29.361	3
29.361	3
29.361	3
29.361	3
29.361	3
29.361	3
29.361	3
29.361	3
29.361	3
29.361	3
29.361	3
35.595	3
35.595	3
35.595	3
35.595	3
35.595	3
35.595	3
35.595	3
35.595	3
35.595	3
35.595	5
35.595	3
35.595	3
35.595	3
35.595	3
35.595	3
35.595	3
35.595	3
35.595	3
35.595	3
35.595	3
35.595	4
35.595	3
35.595	3
35.595	3
35.595	3
35.595	3
35.595	3
35.595	3
35.595	3
35.595	3
35.595	3
35.595	3
35.595	3
35.595	3
35.595	3
35.595	3
35.595	3
35.595	3
35.595	5
35.595	3
35.595	3
35.595	3
35.595	3
35.595	3
35.595	3
35.595	3
35.595	3
35.595	4
35.595	3
35.595	3
35.595	3
35.595	3
35.595	3
35.595	3
35.595	3
35.595	3
35.595	3
35.595	3
35.595	3
35.595	3
35.595	3
35.595	3
35.595	3
35.595	3
35.665	3
35.665	3
35.665	3
35.665	3
35.665	3
35.665	3
35.665	3
35.665	3
35.665	3
35.665	4
35.665	3
35.665	3
35.665	3
35.665	3
35.665	3
35.665	3
35.665	3
35.665	3
35.665	3
35.665	3
35.665	4
35.665	3
35.665	3
35.665	3
35.665	3
35.665	3
35.665	3
35.665	3
35.665	3
35.665	3
35.665	3
35.665	3
35.665	3
35.665	3
35.665	3
35.665	3
35.665	3
35.665	3
35.665	5
35.665	3
35.665	3
35.665	3
35.665	3
35.665	3
35.665	3
35.665	3
35.665	3
35.665	4
35.665	3
35.665	3
35.665	3
35.665	3
35.665	3
35.665	3
35.665	3
35.665	3
35.665	3
35.665	3
35.665	3
35.665	3
35.665	3
35.665	3
35.665	3
35.665	3
37.931	3
37.931	3
37.931	3
37.931	3
37.931	3
37.931	3
37.931	3
37.931	3
37.931	3
37.931	4
37.931	3
37.931	3
37.931	3
37.931	3
37.931	3
37.931	3
37.931	3
37.931	3
37.931	3
37.931	3
37.931	3
37.931	3
37.931	3
37.931	3
37.931	3
37.931	3
37.931	3
37.931	3
37.931	3
37.931	3
37.931	3
37.931	3
37.931	3
37.931	3
37.931	3
37.931	3
37.931	3
37.931	3
37.931	5
37.931	3
37.931	3
37.931	3
37.931	3
37.931	3
37.931	3
37.931	3
37.931	3
37.931	4
37.931	3
37.931	3
37.931	3
37.931	3
37.931	3
37.931	3
37.931	3
37.931	3
37.931	3
37.931	3
37.931	3
37.931	3
37.931	3
37.931	3
37.931	3
37.931	3
37.982	3
37.982	3
37.982	3
37.982	3
37.982	3
37.982	3
37.982	3
37.982	3
37.982	3
37.982	4
37.982	3
37.982	3
37.982	3
37.982	3
37.982	3
37.982	3
37.982	3
37.982	3
37.982	3
37.982	3
37.982	3
37.982	3
37.982	3
37.982	3
37.982	3
37.982	3
37.982	3
37.982	3
37.982	3
37.982	3
37.982	3
37.982	3
37.982	3
37.982	3
37.982	3
37.982	3
37.982	3
37.982	3
37.982	5
37.982	3
37.982	3
37.982	3
37.982	3
37.982	3
37.982	3
37.982	3
37.982	3
37.982	3
37.982	3
37.982	3
37.982	3
37.982	3
37.982	3
37.982	3
37.982	3
37.982	3
37.982	3
37.982	3
37.982	3
37.982	3
37.982	3
37.982	3
37.982	3
37.982	3
40.639	3
40.639	3
40.639	3
40.639	3
40.639	3
40.639	3
40.639	3
40.639	3
40.639	3
40.639	3
40.639	3
40.639	3
40.639	3
40.639	3
40.639	3
40.639	3
40.639	3
40.639	3
40.639	3
40.639	3
40.639	3
40.639	3
40.639	3
40.639	3
40.639	3
40.639	3
40.639	3
40.639	3
40.639	3
40.639	3
40.639	3
40.639	3
40.639	3
40.639	3
40.639	3
40.639	3
40.639	3
40.639	3
40.639	5
40.639	3
40.639	3
40.639	3
40.639	3
40.639	3
40.639	3
40.639	3
40.639	3
40.639	3
40.639	3
40.639	3
40.639	3
40.639	3
40.639	3
40.639	3
40.639	3
40.639	3
40.639	3
40.639	3
40.639	3
40.639	3
40.639	3
40.639	3
40.639	3
40.639	3
40.78	3
40.78	3
40.78	3
40.78	3
40.78	3
40.78	3
40.78	3
40.78	3
40.78	3
40.78	3
40.78	3
40.78	3
40.78	3
40.78	3
40.78	3
40.78	3
40.78	3
40.78	3
40.78	3
40.78	3
40.78	3
40.78	3
40.78	3
40.78	3
40.78	3
40.78	3
40.78	3
40.78	3
40.78	3
40.78	3
40.78	3
40.78	3
40.78	3
40.78	3
40.78	3
40.78	3
40.78	3
40.78	3
40.78	4
40.78	3
40.78	3
40.78	3
40.78	3
40.78	3
40.78	3
40.78	3
40.78	3
40.78	3
40.78	3
40.78	3
40.78	3
40.78	3
40.78	3
40.78	3
40.78	3
40.78	3
40.78	3
40.78	3
40.78	3
40.78	3
40.78	3
40.78	3
40.78	3
40.78	3
41.008	3
41.008	3
41.008	3
41.008	3
41.008	3
41.008	3
41.008	3
41.008	3
41.008	3
41.008	3
41.008	3
41.008	3
41.008	3
41.008	3
41.008	3
41.008	3
41.008	3
41.008	3
41.008	3
41.008	3
41.008	3
41.008	3
41.008	3
41.008	3
41.008	3
41.008	3
41.008	3
41.008	3
41.008	3
41.008	3
41.008	3
41.008	3
41.008	3
41.008	3
41.008	3
41.008	3
41.008	3
41.008	3
41.008	3
41.008	3
41.008	3
41.008	3
41.008	3
41.008	3
41.008	3
41.008	3
41.008	3
41.008	3
41.008	3
41.008	3
41.008	3
41.008	3
41.008	3
41.008	3
41.008	3
41.008	3
41.008	3
41.008	3
41.008	3
41.008	3
41.008	3
41.008	3
41.008	3
41.008	3
