0.001	1
0.002	1
0.003	1
0.004	1
0.005	1
0.006	1
0.007	1
0.008	1
0.009	1
0.01	1.001407789770061
0.02	1.0042900042900043
0.03	1.0073118279569893
0.04	1.0139968895800933
0.05	1.0188496858385694
0.06	1.0318391286133222
0.07	1.042857142857143
0.08	1.0547380812242495
0.09	1.0488188976377952
0.1	1.0964672296895444
0.2	1.3513962116774068
0.3	1.330117899249732
0.4	1.2652479892761395
0.5	1.36527489626556
0.6	1.5337770853986687
0.7	1.6751968503937007
0.8	1.7200094551471456
0.9	1.8729062924400182
1.0	2.3579938226209736
2.0	2.7347797973992383
3.0	2.7814633105802047
4.0	2.7775343861436577
5.0	2.816457092433267
6.0	2.8637856298436883
7.0	2.9182641107561236
8.0	2.9104880581516097
9.0	2.9213045019496633
10.0	2.9681256496131194
20.0	2.9883630721489527
30.0	2.9945269741985925
70.0	2.8046875
