0.001	1
0.002	1
0.003	1
0.004	1
0.005	1
0.006	1
0.007	1
0.008	1
0.009	1
0.01	1.0019361084220717
0.02	1.00859375
0.03	1.0158730158730158
0.04	1.0483870967741935
0.05	1.0713224368499257
0.06	1.1584454409566518
0.07	1.3416370106761566
0.08	1.337468982630273
0.09	1.3583333333333334
0.1	1.15
0.2	1.2053231939163498
0.3	1.396502156205079
0.4	1.6766648321408917
0.5	1.8290258449304175
0.6	2.1640402221221673
0.7	2.6546801346801345
0.8	3.114193663862538
0.9	3.3560637851447757
1.0	4.069714221924537
2.0	4.034262125902993
3.0	3.5228879791589134
4.0	3.322322743530402
5.0	3.179739932885906
6.0	3.103981264637002
7.0	3.0750605326876514
8.0	3.045550847457627
9.0	3.0311203319502074
10.0	3.015625
