20.014	1
20.052	1
20.066	1
20.101	1
20.109	1
20.111	1
20.118	1
20.128	1
20.135	1
20.143	1
20.158	1
20.19	2
20.232	2
20.25	2
20.273	2
20.278	2
20.298	2
20.404	2
20.421	2
20.459	2
20.5	3
20.502	3
20.556	3
20.567	4
20.61	4
20.654	4
20.736	4
20.743	4
20.76	4
20.77	4
20.822	4
20.9	4
20.946	4
20.985	4
21.045	4
21.127	4
21.231	4
21.239	4
21.3	4
21.509	4
21.845	3
22.255	3
22.533	3
22.698	3
22.765	3
23.294	3
23.547	3
27.221	3
27.726	3
31.873	3
19.868	1
19.929	2
20.014	2
20.052	2
20.066	2
20.101	2
20.109	2
20.111	2
20.118	2
20.128	2
20.135	2
20.143	2
20.158	2
20.19	2
20.232	2
20.25	2
20.273	2
20.278	2
20.298	2
20.404	2
20.421	2
20.459	2
20.5	2
20.502	2
20.556	2
20.567	3
20.61	3
20.654	3
20.736	3
20.743	3
20.76	3
20.77	3
20.822	3
20.9	3
20.946	4
20.985	4
21.045	4
21.127	4
21.231	4
21.239	4
21.3	4
21.509	4
21.845	4
22.255	4
22.533	3
22.698	3
22.765	3
23.294	3
23.547	3
27.221	3
27.726	3
31.873	3
19.929	1
20.014	2
20.052	2
20.066	2
20.101	2
20.109	2
20.111	2
20.118	2
20.128	2
20.135	2
20.143	2
20.158	2
20.19	2
20.232	2
20.25	2
20.273	2
20.278	2
20.298	2
20.404	2
20.421	2
20.459	3
20.5	3
20.502	3
20.556	3
20.567	3
20.61	3
20.654	3
20.736	3
20.743	3
20.76	3
20.77	3
20.822	3
20.9	3
20.946	3
20.985	3
21.045	3
21.127	3
21.231	3
21.239	3
21.3	3
21.509	3
21.845	3
22.255	3
22.533	3
22.698	3
22.765	3
23.294	3
23.547	3
27.221	3
27.726	3
31.873	3
20.459	1
20.5	1
20.502	1
20.556	1
20.567	1
20.61	1
20.654	1
20.736	1
20.743	1
20.76	1
20.77	1
20.822	1
20.9	1
20.946	1
20.985	2
21.045	2
21.127	2
21.231	3
21.239	3
21.3	4
21.509	4
21.845	4
22.255	4
22.533	4
22.698	3
22.765	3
23.294	3
23.547	3
27.221	3
27.726	3
31.873	3
20.111	1
20.118	1
20.128	1
20.135	2
20.143	2
20.158	2
20.19	2
20.232	2
20.25	2
20.273	2
20.278	2
20.298	2
20.404	2
20.421	2
20.459	3
20.5	3
20.502	3
20.556	3
20.567	3
20.61	3
20.654	3
20.736	3
20.743	3
20.76	3
20.77	3
20.822	3
20.9	3
20.946	3
20.985	3
21.045	3
21.127	3
21.231	3
21.239	3
21.3	3
21.509	3
21.845	3
22.255	3
22.533	3
22.698	3
22.765	3
23.294	3
23.547	3
27.221	3
27.726	3
31.873	3
20.014	1
20.052	1
20.066	1
20.101	1
20.109	2
20.111	2
20.118	2
20.128	2
20.135	2
20.143	2
20.158	2
20.19	2
20.232	2
20.25	2
20.273	2
20.278	2
20.298	2
20.404	2
20.421	2
20.459	2
20.5	2
20.502	2
20.556	2
20.567	3
20.61	3
20.654	3
20.736	3
20.743	3
20.76	3
20.77	3
20.822	3
20.9	3
20.946	3
20.985	3
21.045	3
21.127	3
21.231	3
21.239	3
21.3	3
21.509	3
21.845	3
22.255	3
22.533	3
22.698	3
22.765	3
23.294	3
23.547	3
27.221	3
27.726	3
31.873	3
20.118	1
20.128	1
20.135	1
20.143	1
20.158	1
20.19	1
20.232	1
20.25	1
20.273	1
20.278	1
20.298	1
20.404	1
20.421	1
20.459	2
20.5	2
20.502	2
20.556	2
20.567	2
20.61	2
20.654	2
20.736	2
20.743	2
20.76	2
20.77	2
20.822	2
20.9	3
20.946	3
20.985	3
21.045	3
21.127	3
21.231	3
21.239	3
21.3	3
21.509	3
21.845	3
22.255	3
22.533	3
22.698	3
22.765	3
23.294	3
23.547	3
27.221	3
27.726	3
31.873	3
19.825	1
19.854	1
19.868	1
19.929	2
20.014	2
20.052	2
20.066	3
20.101	3
20.109	3
20.111	3
20.118	3
20.128	3
20.135	3
20.143	3
20.158	3
20.19	3
20.232	3
20.25	3
20.273	3
20.278	3
20.298	3
20.404	3
20.421	3
20.459	3
20.5	3
20.502	3
20.556	3
20.567	3
20.61	3
20.654	3
20.736	3
20.743	3
20.76	3
20.77	3
20.822	3
20.9	3
20.946	3
20.985	3
21.045	3
21.127	3
21.231	3
21.239	3
21.3	3
21.509	3
21.845	3
22.255	3
22.533	3
22.698	3
22.765	3
23.294	3
23.547	3
27.221	3
27.726	3
31.873	3
20.118	1
20.128	1
20.135	1
20.143	1
20.158	1
20.19	1
20.232	1
20.25	1
20.273	1
20.278	1
20.298	1
20.404	1
20.421	1
20.459	2
20.5	2
20.502	2
20.556	2
20.567	2
20.61	2
20.654	2
20.736	2
20.743	2
20.76	2
20.77	2
20.822	2
20.9	2
20.946	2
20.985	3
21.045	3
21.127	3
21.231	3
21.239	3
21.3	3
21.509	3
21.845	3
22.255	3
22.533	3
22.698	3
22.765	3
23.294	3
23.547	3
27.221	3
27.726	3
31.873	3
20.109	1
20.111	1
20.118	1
20.128	1
20.135	1
20.143	1
20.158	1
20.19	1
20.232	1
20.25	1
20.273	1
20.278	1
20.298	1
20.404	1
20.421	1
20.459	1
20.5	1
20.502	2
20.556	2
20.567	3
20.61	3
20.654	3
20.736	3
20.743	3
20.76	3
20.77	3
20.822	3
20.9	3
20.946	3
20.985	3
21.045	3
21.127	3
21.231	3
21.239	3
21.3	3
21.509	3
21.845	3
22.255	3
22.533	3
22.698	3
22.765	3
23.294	3
23.547	3
27.221	3
27.726	3
31.873	3
20.066	1
20.101	1
20.109	1
20.111	1
20.118	1
20.128	1
20.135	1
20.143	1
20.158	1
20.19	1
20.232	1
20.25	1
20.273	1
20.278	1
20.298	1
20.404	1
20.421	1
20.459	1
20.5	1
20.502	1
20.556	1
20.567	2
20.61	2
20.654	2
20.736	2
20.743	2
20.76	2
20.77	2
20.822	2
20.9	2
20.946	2
20.985	3
21.045	3
21.127	3
21.231	3
21.239	3
21.3	3
21.509	3
21.845	3
22.255	3
22.533	3
22.698	3
22.765	3
23.294	3
23.547	3
27.221	3
27.726	3
31.873	3
20.014	1
20.052	1
20.066	1
20.101	1
20.109	1
20.111	1
20.118	1
20.128	1
20.135	1
20.143	1
20.158	1
20.19	1
20.232	1
20.25	1
20.273	1
20.278	2
20.298	2
20.404	2
20.421	2
20.459	3
20.5	3
20.502	3
20.556	3
20.567	3
20.61	3
20.654	3
20.736	3
20.743	3
20.76	3
20.77	3
20.822	3
20.9	3
20.946	3
20.985	3
21.045	3
21.127	3
21.231	3
21.239	3
21.3	3
21.509	3
21.845	3
22.255	3
22.533	3
22.698	3
22.765	3
23.294	3
23.547	3
27.221	3
27.726	3
31.873	3
19.825	1
19.854	1
19.868	2
19.929	2
20.014	2
20.052	2
20.066	2
20.101	2
20.109	2
20.111	2
20.118	3
20.128	3
20.135	3
20.143	3
20.158	3
20.19	3
20.232	3
20.25	3
20.273	3
20.278	3
20.298	3
20.404	3
20.421	3
20.459	3
20.5	3
20.502	3
20.556	3
20.567	3
20.61	3
20.654	3
20.736	3
20.743	3
20.76	3
20.77	3
20.822	3
20.9	3
20.946	3
20.985	3
21.045	3
21.127	3
21.231	3
21.239	3
21.3	3
21.509	3
21.845	3
22.255	3
22.533	3
22.698	3
22.765	3
23.294	3
23.547	3
27.221	3
27.726	3
31.873	3
20.111	1
20.118	1
20.128	1
20.135	1
20.143	1
20.158	1
20.19	1
20.232	1
20.25	1
20.273	1
20.278	1
20.298	1
20.404	1
20.421	1
20.459	2
20.5	2
20.502	2
20.556	2
20.567	2
20.61	2
20.654	2
20.736	2
20.743	2
20.76	2
20.77	2
20.822	2
20.9	2
20.946	2
20.985	3
21.045	3
21.127	3
21.231	3
21.239	3
21.3	3
21.509	3
21.845	3
22.255	3
22.533	3
22.698	3
22.765	3
23.294	3
23.547	3
27.221	3
27.726	3
31.873	3
20.111	1
20.118	1
20.128	1
20.135	1
20.143	1
20.158	1
20.19	1
20.232	1
20.25	1
20.273	1
20.278	1
20.298	1
20.404	1
20.421	1
20.459	1
20.5	1
20.502	1
20.556	1
20.567	1
20.61	1
20.654	1
20.736	1
20.743	2
20.76	2
20.77	2
20.822	2
20.9	2
20.946	2
20.985	3
21.045	3
21.127	3
21.231	3
21.239	3
21.3	3
21.509	3
21.845	3
22.255	3
22.533	3
22.698	3
22.765	3
23.294	3
23.547	3
27.221	3
27.726	3
31.873	3
20.052	1
20.066	1
20.101	1
20.109	1
20.111	1
20.118	1
20.128	1
20.135	1
20.143	1
20.158	1
20.19	1
20.232	1
20.25	1
20.273	1
20.278	2
20.298	2
20.404	2
20.421	2
20.459	3
20.5	3
20.502	3
20.556	3
20.567	3
20.61	3
20.654	3
20.736	3
20.743	3
20.76	3
20.77	3
20.822	3
20.9	3
20.946	3
20.985	3
21.045	3
21.127	3
21.231	3
21.239	3
21.3	3
21.509	3
21.845	3
22.255	3
22.533	3
22.698	3
22.765	3
23.294	3
23.547	3
27.221	3
27.726	3
31.873	3
19.825	1
19.854	1
19.868	1
19.929	1
20.014	1
20.052	1
20.066	1
20.101	1
20.109	1
20.111	1
20.118	1
20.128	1
20.135	1
20.143	1
20.158	1
20.19	1
20.232	1
20.25	1
20.273	1
20.278	2
20.298	2
20.404	2
20.421	2
20.459	2
20.5	2
20.502	2
20.556	2
20.567	2
20.61	2
20.654	2
20.736	2
20.743	2
20.76	2
20.77	2
20.822	2
20.9	2
20.946	2
20.985	2
21.045	2
21.127	2
21.231	2
21.239	2
21.3	2
21.509	2
21.845	2
22.255	2
22.533	2
22.698	2
22.765	2
23.294	2
23.547	2
27.221	2
27.726	2
31.873	2
20.014	1
20.052	1
20.066	1
20.101	1
20.109	2
20.111	2
20.118	2
20.128	2
20.135	2
20.143	2
20.158	2
20.19	2
20.232	2
20.25	2
20.273	2
20.278	2
20.298	2
20.404	2
20.421	2
20.459	2
20.5	2
20.502	2
20.556	2
20.567	3
20.61	3
20.654	3
20.736	3
20.743	3
20.76	3
20.77	3
20.822	3
20.9	3
20.946	3
20.985	3
21.045	3
21.127	3
21.231	3
21.239	3
21.3	3
21.509	3
21.845	3
22.255	3
22.533	3
22.698	3
22.765	3
23.294	3
23.547	3
27.221	3
27.726	3
31.873	3
20.109	1
20.111	1
20.118	2
20.128	2
20.135	2
20.143	2
20.158	2
20.19	2
20.232	2
20.25	2
20.273	2
20.278	2
20.298	2
20.404	2
20.421	2
20.459	2
20.5	2
20.502	2
20.556	2
20.567	2
20.61	2
20.654	2
20.736	2
20.743	2
20.76	2
20.77	2
20.822	2
20.9	2
20.946	2
20.985	3
21.045	3
21.127	3
21.231	3
21.239	3
21.3	3
21.509	3
21.845	3
22.255	3
22.533	3
22.698	3
22.765	3
23.294	3
23.547	3
27.221	3
27.726	3
31.873	3
19.868	1
19.929	1
20.014	2
20.052	2
20.066	2
20.101	2
20.109	3
20.111	3
20.118	3
20.128	3
20.135	3
20.143	3
20.158	3
20.19	3
20.232	3
20.25	3
20.273	3
20.278	3
20.298	3
20.404	3
20.421	3
20.459	3
20.5	3
20.502	3
20.556	3
20.567	3
20.61	3
20.654	3
20.736	3
20.743	3
20.76	3
20.77	3
20.822	3
20.9	3
20.946	3
20.985	3
21.045	3
21.127	3
21.231	3
21.239	3
21.3	3
21.509	3
21.845	3
22.255	3
22.533	3
22.698	3
22.765	3
23.294	3
23.547	3
27.221	3
27.726	3
31.873	3
20.052	1
20.066	1
20.101	1
20.109	1
20.111	1
20.118	2
20.128	2
20.135	2
20.143	2
20.158	2
20.19	2
20.232	2
20.25	2
20.273	2
20.278	3
20.298	3
20.404	3
20.421	3
20.459	3
20.5	3
20.502	3
20.556	3
20.567	3
20.61	3
20.654	3
20.736	3
20.743	3
20.76	3
20.77	3
20.822	3
20.9	3
20.946	3
20.985	3
21.045	3
21.127	3
21.231	3
21.239	3
21.3	3
21.509	3
21.845	3
22.255	3
22.533	3
22.698	3
22.765	3
23.294	3
23.547	3
27.221	3
27.726	3
31.873	3
19.868	1
19.929	1
20.014	1
20.052	1
20.066	1
20.101	1
20.109	1
20.111	1
20.118	1
20.128	1
20.135	1
20.143	1
20.158	1
20.19	1
20.232	1
20.25	1
20.273	1
20.278	1
20.298	1
20.404	1
20.421	1
20.459	1
20.5	1
20.502	1
20.556	1
20.567	1
20.61	1
20.654	1
20.736	1
20.743	1
20.76	1
20.77	1
20.822	1
20.9	1
20.946	1
20.985	1
21.045	1
21.127	2
21.231	2
21.239	2
21.3	2
21.509	2
21.845	2
22.255	2
22.533	2
22.698	2
22.765	2
23.294	2
23.547	2
27.221	2
27.726	2
31.873	2
20.111	1
20.118	1
20.128	1
20.135	1
20.143	1
20.158	1
20.19	1
20.232	1
20.25	1
20.273	1
20.278	1
20.298	1
20.404	1
20.421	1
20.459	1
20.5	1
20.502	1
20.556	1
20.567	2
20.61	2
20.654	2
20.736	2
20.743	2
20.76	2
20.77	2
20.822	2
20.9	2
20.946	2
20.985	3
21.045	3
21.127	3
21.231	3
21.239	3
21.3	3
21.509	3
21.845	3
22.255	3
22.533	3
22.698	3
22.765	3
23.294	3
23.547	3
27.221	3
27.726	3
31.873	3
19.825	1
19.854	1
19.868	1
19.929	1
20.014	1
20.052	1
20.066	1
20.101	1
20.109	1
20.111	2
20.118	2
20.128	2
20.135	2
20.143	2
20.158	2
20.19	2
20.232	2
20.25	2
20.273	2
20.278	2
20.298	2
20.404	2
20.421	2
20.459	2
20.5	2
20.502	2
20.556	2
20.567	2
20.61	2
20.654	2
20.736	2
20.743	2
20.76	2
20.77	2
20.822	2
20.9	2
20.946	2
20.985	3
21.045	3
21.127	3
21.231	3
21.239	3
21.3	3
21.509	3
21.845	3
22.255	3
22.533	3
22.698	3
22.765	3
23.294	3
23.547	3
27.221	3
27.726	3
31.873	3
19.868	1
19.929	1
20.014	2
20.052	2
20.066	2
20.101	2
20.109	2
20.111	2
20.118	2
20.128	2
20.135	2
20.143	2
20.158	2
20.19	2
20.232	2
20.25	2
20.273	2
20.278	2
20.298	2
20.404	2
20.421	2
20.459	2
20.5	2
20.502	3
20.556	3
20.567	3
20.61	3
20.654	3
20.736	3
20.743	3
20.76	3
20.77	3
20.822	3
20.9	3
20.946	3
20.985	3
21.045	3
21.127	3
21.231	3
21.239	3
21.3	3
21.509	3
21.845	3
22.255	3
22.533	3
22.698	3
22.765	3
23.294	3
23.547	3
27.221	3
27.726	3
31.873	3
20.502	1
20.556	1
20.567	2
20.61	2
20.654	2
20.736	2
20.743	2
20.76	3
20.77	3
20.822	3
20.9	3
20.946	3
20.985	3
21.045	3
21.127	3
21.231	3
21.239	3
21.3	3
21.509	3
21.845	3
22.255	3
22.533	3
22.698	3
22.765	3
23.294	3
23.547	3
27.221	3
27.726	3
31.873	3
20.014	1
20.052	1
20.066	2
20.101	2
20.109	2
20.111	2
20.118	2
20.128	2
20.135	2
20.143	2
20.158	2
20.19	2
20.232	2
20.25	2
20.273	2
20.278	2
20.298	2
20.404	2
20.421	2
20.459	2
20.5	2
20.502	2
20.556	2
20.567	2
20.61	2
20.654	2
20.736	2
20.743	2
20.76	2
20.77	2
20.822	2
20.9	2
20.946	2
20.985	3
21.045	3
21.127	3
21.231	3
21.239	3
21.3	3
21.509	3
21.845	3
22.255	3
22.533	3
22.698	3
22.765	3
23.294	3
23.547	3
27.221	3
27.726	3
31.873	3
19.825	1
19.854	1
19.868	1
19.929	1
20.014	1
20.052	1
20.066	1
20.101	1
20.109	1
20.111	1
20.118	1
20.128	1
20.135	1
20.143	1
20.158	1
20.19	1
20.232	1
20.25	1
20.273	1
20.278	1
20.298	1
20.404	1
20.421	1
20.459	2
20.5	2
20.502	2
20.556	2
20.567	2
20.61	2
20.654	2
20.736	2
20.743	2
20.76	2
20.77	2
20.822	2
20.9	2
20.946	2
20.985	2
21.045	2
21.127	2
21.231	2
21.239	2
21.3	2
21.509	2
21.845	2
22.255	2
22.533	2
22.698	2
22.765	2
23.294	2
23.547	2
27.221	2
27.726	2
31.873	2
19.868	1
19.929	1
20.014	1
20.052	1
20.066	1
20.101	1
20.109	1
20.111	2
20.118	2
20.128	2
20.135	2
20.143	2
20.158	2
20.19	2
20.232	2
20.25	2
20.273	2
20.278	3
20.298	3
20.404	3
20.421	3
20.459	3
20.5	3
20.502	3
20.556	3
20.567	3
20.61	3
20.654	3
20.736	3
20.743	3
20.76	3
20.77	3
20.822	3
20.9	3
20.946	3
20.985	3
21.045	3
21.127	3
21.231	3
21.239	3
21.3	3
21.509	3
21.845	3
22.255	3
22.533	3
22.698	3
22.765	3
23.294	3
23.547	3
27.221	3
27.726	3
31.873	3
19.929	1
20.014	1
20.052	1
20.066	1
20.101	1
20.109	1
20.111	1
20.118	2
20.128	2
20.135	2
20.143	2
20.158	2
20.19	2
20.232	2
20.25	2
20.273	2
20.278	2
20.298	2
20.404	2
20.421	2
20.459	3
20.5	3
20.502	3
20.556	3
20.567	3
20.61	3
20.654	3
20.736	3
20.743	3
20.76	3
20.77	3
20.822	3
20.9	3
20.946	3
20.985	3
21.045	3
21.127	3
21.231	3
21.239	3
21.3	3
21.509	3
21.845	3
22.255	3
22.533	3
22.698	3
22.765	3
23.294	3
23.547	3
27.221	3
27.726	3
31.873	3
20.109	1
20.111	1
20.118	1
20.128	1
20.135	1
20.143	1
20.158	1
20.19	1
20.232	1
20.25	1
20.273	1
20.278	1
20.298	1
20.404	1
20.421	1
20.459	1
20.5	1
20.502	1
20.556	1
20.567	1
20.61	1
20.654	1
20.736	1
20.743	1
20.76	1
20.77	1
20.822	1
20.9	1
20.946	1
20.985	2
21.045	2
21.127	2
21.231	2
21.239	2
21.3	2
21.509	2
21.845	2
22.255	2
22.533	2
22.698	2
22.765	2
23.294	2
23.547	2
27.221	2
27.726	2
31.873	2
19.868	1
19.929	1
20.014	1
20.052	1
20.066	1
20.101	1
20.109	1
20.111	1
20.118	2
20.128	2
20.135	2
20.143	2
20.158	2
20.19	2
20.232	2
20.25	2
20.273	2
20.278	2
20.298	2
20.404	2
20.421	2
20.459	3
20.5	3
20.502	3
20.556	3
20.567	3
20.61	3
20.654	3
20.736	3
20.743	3
20.76	3
20.77	3
20.822	3
20.9	3
20.946	3
20.985	3
21.045	3
21.127	3
21.231	3
21.239	3
21.3	3
21.509	3
21.845	3
22.255	3
22.533	3
22.698	3
22.765	3
23.294	3
23.547	3
27.221	3
27.726	3
31.873	3
19.825	1
19.854	1
19.868	1
19.929	1
20.014	1
20.052	1
20.066	1
20.101	1
20.109	1
20.111	1
20.118	1
20.128	1
20.135	1
20.143	1
20.158	1
20.19	1
20.232	1
20.25	1
20.273	1
20.278	1
20.298	1
20.404	1
20.421	1
20.459	2
20.5	2
20.502	2
20.556	2
20.567	2
20.61	2
20.654	2
20.736	2
20.743	2
20.76	2
20.77	2
20.822	2
20.9	2
20.946	2
20.985	2
21.045	2
21.127	2
21.231	2
21.239	3
21.3	3
21.509	3
21.845	3
22.255	3
22.533	3
22.698	3
22.765	3
23.294	3
23.547	3
27.221	3
27.726	3
31.873	3
19.825	1
19.854	1
19.868	1
19.929	1
20.014	1
20.052	1
20.066	1
20.101	1
20.109	1
20.111	1
20.118	1
20.128	1
20.135	1
20.143	1
20.158	1
20.19	1
20.232	1
20.25	1
20.273	1
20.278	1
20.298	1
20.404	1
20.421	1
20.459	1
20.5	1
20.502	1
20.556	1
20.567	2
20.61	2
20.654	2
20.736	2
20.743	2
20.76	2
20.77	2
20.822	2
20.9	2
20.946	2
20.985	3
21.045	3
21.127	3
21.231	3
21.239	3
21.3	3
21.509	3
21.845	3
22.255	3
22.533	3
22.698	3
22.765	3
23.294	3
23.547	3
27.221	3
27.726	3
31.873	3
19.825	1
19.854	1
19.868	1
19.929	2
20.014	2
20.052	2
20.066	2
20.101	2
20.109	2
20.111	2
20.118	2
20.128	3
20.135	3
20.143	3
20.158	3
20.19	3
20.232	3
20.25	3
20.273	3
20.278	3
20.298	3
20.404	3
20.421	3
20.459	3
20.5	3
20.502	3
20.556	3
20.567	3
20.61	3
20.654	3
20.736	3
20.743	3
20.76	3
20.77	3
20.822	3
20.9	3
20.946	3
20.985	3
21.045	3
21.127	3
21.231	3
21.239	3
21.3	3
21.509	3
21.845	3
22.255	2
22.533	2
22.698	2
22.765	2
23.294	2
23.547	2
27.221	2
27.726	2
31.873	2
20.014	1
20.052	1
20.066	1
20.101	1
20.109	1
20.111	2
20.118	2
20.128	2
20.135	2
20.143	2
20.158	2
20.19	2
20.232	2
20.25	2
20.273	2
20.278	2
20.298	2
20.404	2
20.421	2
20.459	2
20.5	2
20.502	2
20.556	2
20.567	2
20.61	2
20.654	2
20.736	2
20.743	2
20.76	2
20.77	2
20.822	2
20.9	2
20.946	2
20.985	3
21.045	3
21.127	3
21.231	3
21.239	3
21.3	3
21.509	3
21.845	3
22.255	3
22.533	3
22.698	3
22.765	3
23.294	3
23.547	3
27.221	3
27.726	3
31.873	3
20.014	1
20.052	2
20.066	3
20.101	3
20.109	3
20.111	3
20.118	3
20.128	3
20.135	3
20.143	3
20.158	3
20.19	3
20.232	3
20.25	3
20.273	3
20.278	3
20.298	3
20.404	3
20.421	4
20.459	4
20.5	4
20.502	4
20.556	4
20.567	4
20.61	4
20.654	4
20.736	4
20.743	4
20.76	4
20.77	4
20.822	4
20.9	4
20.946	4
20.985	4
21.045	4
21.127	4
21.231	4
21.239	4
21.3	4
21.509	4
21.845	4
22.255	4
22.533	4
22.698	4
22.765	4
23.294	4
23.547	4
27.221	4
27.726	4
31.873	3
20.066	1
20.101	1
20.109	1
20.111	1
20.118	1
20.128	1
20.135	1
20.143	1
20.158	1
20.19	1
20.232	1
20.25	2
20.273	2
20.278	2
20.298	2
20.404	2
20.421	2
20.459	3
20.5	3
20.502	4
20.556	4
20.567	4
20.61	4
20.654	4
20.736	4
20.743	4
20.76	4
20.77	4
20.822	4
20.9	4
20.946	4
20.985	4
21.045	4
21.127	4
21.231	4
21.239	4
21.3	4
21.509	4
21.845	4
22.255	4
22.533	4
22.698	4
22.765	4
23.294	4
23.547	4
27.221	4
27.726	3
31.873	3
19.825	1
19.854	1
19.868	2
19.929	3
20.014	3
20.052	3
20.066	3
20.101	3
20.109	3
20.111	3
20.118	3
20.128	3
20.135	3
20.143	3
20.158	3
20.19	3
20.232	3
20.25	3
20.273	3
20.278	3
20.298	3
20.404	3
20.421	3
20.459	3
20.5	3
20.502	3
20.556	3
20.567	3
20.61	3
20.654	3
20.736	3
20.743	3
20.76	3
20.77	3
20.822	3
20.9	3
20.946	3
20.985	3
21.045	3
21.127	3
21.231	3
21.239	3
21.3	3
21.509	3
21.845	3
22.255	3
22.533	3
22.698	3
22.765	3
23.294	3
23.547	3
27.221	3
27.726	3
31.873	3
20.052	1
20.066	1
20.101	1
20.109	1
20.111	1
20.118	1
20.128	1
20.135	1
20.143	1
20.158	1
20.19	1
20.232	1
20.25	1
20.273	1
20.278	2
20.298	2
20.404	2
20.421	2
20.459	3
20.5	3
20.502	3
20.556	3
20.567	3
20.61	3
20.654	3
20.736	3
20.743	3
20.76	3
20.77	3
20.822	3
20.9	3
20.946	3
20.985	3
21.045	3
21.127	3
21.231	3
21.239	3
21.3	3
21.509	3
21.845	3
22.255	3
22.533	3
22.698	3
22.765	3
23.294	3
23.547	3
27.221	3
27.726	3
31.873	3
19.825	1
19.854	1
19.868	1
19.929	1
20.014	1
20.052	2
20.066	2
20.101	2
20.109	2
20.111	2
20.118	2
20.128	2
20.135	2
20.143	2
20.158	2
20.19	2
20.232	2
20.25	2
20.273	2
20.278	2
20.298	2
20.404	2
20.421	2
20.459	2
20.5	2
20.502	2
20.556	2
20.567	3
20.61	3
20.654	3
20.736	3
20.743	3
20.76	3
20.77	3
20.822	3
20.9	3
20.946	3
20.985	3
21.045	3
21.127	3
21.231	3
21.239	3
21.3	3
21.509	3
21.845	3
22.255	3
22.533	3
22.698	3
22.765	3
23.294	3
23.547	3
27.221	3
27.726	3
31.873	3
19.929	1
20.014	1
20.052	1
20.066	1
20.101	1
20.109	2
20.111	2
20.118	2
20.128	2
20.135	2
20.143	2
20.158	2
20.19	2
20.232	2
20.25	2
20.273	2
20.278	2
20.298	2
20.404	2
20.421	2
20.459	2
20.5	2
20.502	2
20.556	2
20.567	3
20.61	3
20.654	3
20.736	3
20.743	3
20.76	3
20.77	3
20.822	3
20.9	3
20.946	3
20.985	3
21.045	3
21.127	3
21.231	3
21.239	3
21.3	3
21.509	3
21.845	3
22.255	3
22.533	3
22.698	3
22.765	3
23.294	3
23.547	3
27.221	3
27.726	3
31.873	3
20.052	1
20.066	1
20.101	1
20.109	1
20.111	1
20.118	1
20.128	1
20.135	1
20.143	1
20.158	1
20.19	1
20.232	1
20.25	1
20.273	1
20.278	1
20.298	1
20.404	1
20.421	1
20.459	1
20.5	1
20.502	2
20.556	2
20.567	2
20.61	2
20.654	3
20.736	3
20.743	3
20.76	3
20.77	3
20.822	3
20.9	3
20.946	3
20.985	3
21.045	3
21.127	3
21.231	3
21.239	3
21.3	3
21.509	3
21.845	3
22.255	3
22.533	3
22.698	3
22.765	3
23.294	3
23.547	3
27.221	3
27.726	3
31.873	3
19.929	1
20.014	1
20.052	1
20.066	1
20.101	1
20.109	1
20.111	1
20.118	1
20.128	1
20.135	1
20.143	1
20.158	1
20.19	1
20.232	1
20.25	1
20.273	1
20.278	1
20.298	1
20.404	1
20.421	1
20.459	1
20.5	1
20.502	1
20.556	1
20.567	2
20.61	2
20.654	2
20.736	2
20.743	2
20.76	2
20.77	2
20.822	2
20.9	2
20.946	2
20.985	2
21.045	2
21.127	2
21.231	2
21.239	2
21.3	2
21.509	2
21.845	2
22.255	2
22.533	2
22.698	2
22.765	2
23.294	2
23.547	2
27.221	2
27.726	2
31.873	2
19.868	1
19.929	1
20.014	1
20.052	1
20.066	1
20.101	1
20.109	1
20.111	1
20.118	2
20.128	2
20.135	2
20.143	2
20.158	2
20.19	2
20.232	2
20.25	2
20.273	2
20.278	2
20.298	2
20.404	2
20.421	2
20.459	2
20.5	2
20.502	3
20.556	3
20.567	3
20.61	3
20.654	3
20.736	3
20.743	3
20.76	3
20.77	3
20.822	3
20.9	3
20.946	3
20.985	3
21.045	3
21.127	3
21.231	3
21.239	3
21.3	3
21.509	3
21.845	3
22.255	3
22.533	3
22.698	3
22.765	3
23.294	3
23.547	3
27.221	3
27.726	3
31.873	3
19.929	1
20.014	1
20.052	1
20.066	1
20.101	1
20.109	1
20.111	1
20.118	1
20.128	1
20.135	1
20.143	1
20.158	1
20.19	1
20.232	1
20.25	1
20.273	1
20.278	2
20.298	2
20.404	2
20.421	2
20.459	2
20.5	2
20.502	2
20.556	2
20.567	3
20.61	3
20.654	3
20.736	3
20.743	3
20.76	3
20.77	3
20.822	3
20.9	3
20.946	3
20.985	3
21.045	3
21.127	3
21.231	3
21.239	3
21.3	3
21.509	3
21.845	3
22.255	3
22.533	3
22.698	3
22.765	3
23.294	3
23.547	3
27.221	3
27.726	3
31.873	3
19.825	1
19.854	1
19.868	1
19.929	1
20.014	1
20.052	2
20.066	2
20.101	2
20.109	2
20.111	2
20.118	2
20.128	2
20.135	2
20.143	2
20.158	2
20.19	2
20.232	2
20.25	2
20.273	2
20.278	2
20.298	2
20.404	2
20.421	2
20.459	2
20.5	2
20.502	3
20.556	3
20.567	3
20.61	3
20.654	3
20.736	3
20.743	3
20.76	3
20.77	3
20.822	3
20.9	3
20.946	3
20.985	3
21.045	3
21.127	3
21.231	3
21.239	3
21.3	3
21.509	3
21.845	3
22.255	3
22.533	3
22.698	3
22.765	3
23.294	3
23.547	3
27.221	3
27.726	3
31.873	3
20.052	1
20.066	1
20.101	1
20.109	2
20.111	2
20.118	2
20.128	2
20.135	2
20.143	3
20.158	3
20.19	3
20.232	3
20.25	3
20.273	3
20.278	3
20.298	3
20.404	3
20.421	3
20.459	3
20.5	3
20.502	3
20.556	3
20.567	3
20.61	3
20.654	3
20.736	3
20.743	3
20.76	3
20.77	3
20.822	3
20.9	3
20.946	3
20.985	3
21.045	3
21.127	3
21.231	3
21.239	3
21.3	3
21.509	3
21.845	3
22.255	3
22.533	3
22.698	3
22.765	3
23.294	3
23.547	3
27.221	3
27.726	3
31.873	3
19.825	1
19.854	1
19.868	2
19.929	2
20.014	2
20.052	2
20.066	2
20.101	2
20.109	2
20.111	2
20.118	2
20.128	2
20.135	2
20.143	2
20.158	2
20.19	2
20.232	2
20.25	2
20.273	2
20.278	2
20.298	2
20.404	2
20.421	2
20.459	2
20.5	2
20.502	2
20.556	2
20.567	2
20.61	2
20.654	2
20.736	2
20.743	2
20.76	2
20.77	2
20.822	2
20.9	2
20.946	2
20.985	2
21.045	2
21.127	2
21.231	2
21.239	2
21.3	2
21.509	2
21.845	2
22.255	2
22.533	2
22.698	2
22.765	2
23.294	2
23.547	2
27.221	2
27.726	2
31.873	2
20.111	1
20.118	1
20.128	1
20.135	1
20.143	1
20.158	2
20.19	2
20.232	2
20.25	2
20.273	2
20.278	2
20.298	2
20.404	2
20.421	2
20.459	2
20.5	2
20.502	2
20.556	2
20.567	2
20.61	2
20.654	2
20.736	2
20.743	2
20.76	2
20.77	2
20.822	2
20.9	2
20.946	2
20.985	3
21.045	3
21.127	3
21.231	3
21.239	3
21.3	3
21.509	3
21.845	3
22.255	3
22.533	3
22.698	3
22.765	3
23.294	3
23.547	3
27.221	3
27.726	3
31.873	3
20.052	1
20.066	1
20.101	1
20.109	1
20.111	1
20.118	2
20.128	2
20.135	2
20.143	2
20.158	2
20.19	2
20.232	2
20.25	2
20.273	2
20.278	2
20.298	2
20.404	2
20.421	2
20.459	3
20.5	3
20.502	3
20.556	3
20.567	3
20.61	3
20.654	3
20.736	3
20.743	3
20.76	3
20.77	3
20.822	3
20.9	3
20.946	3
20.985	3
21.045	3
21.127	3
21.231	3
21.239	3
21.3	3
21.509	3
21.845	3
22.255	3
22.533	3
22.698	3
22.765	3
23.294	3
23.547	3
27.221	3
27.726	3
31.873	3
19.868	1
19.929	1
20.014	1
20.052	1
20.066	1
20.101	1
20.109	1
20.111	1
20.118	2
20.128	2
20.135	2
20.143	2
20.158	2
20.19	2
20.232	2
20.25	2
20.273	2
20.278	2
20.298	2
20.404	2
20.421	2
20.459	2
20.5	2
20.502	3
20.556	3
20.567	3
20.61	3
20.654	3
20.736	3
20.743	3
20.76	3
20.77	3
20.822	3
20.9	3
20.946	3
20.985	3
21.045	3
21.127	3
21.231	3
21.239	3
21.3	3
21.509	3
21.845	3
22.255	3
22.533	3
22.698	3
22.765	3
23.294	3
23.547	3
27.221	3
27.726	3
31.873	3
20.014	1
20.052	1
20.066	1
20.101	1
20.109	2
20.111	3
20.118	3
20.128	3
20.135	3
20.143	3
20.158	3
20.19	3
20.232	3
20.25	3
20.273	3
20.278	3
20.298	3
20.404	3
20.421	3
20.459	3
20.5	3
20.502	3
20.556	3
20.567	3
20.61	3
20.654	3
20.736	3
20.743	3
20.76	3
20.77	3
20.822	3
20.9	3
20.946	3
20.985	3
21.045	3
21.127	3
21.231	3
21.239	3
21.3	3
21.509	3
21.845	3
22.255	3
22.533	3
22.698	3
22.765	3
23.294	3
23.547	3
27.221	3
27.726	3
31.873	3
19.825	1
19.854	1
19.868	1
19.929	2
20.014	2
20.052	2
20.066	2
20.101	2
20.109	2
20.111	2
20.118	2
20.128	2
20.135	2
20.143	2
20.158	2
20.19	2
20.232	2
20.25	2
20.273	2
20.278	2
20.298	2
20.404	2
20.421	2
20.459	2
20.5	2
20.502	2
20.556	2
20.567	2
20.61	2
20.654	2
20.736	2
20.743	2
20.76	2
20.77	2
20.822	2
20.9	2
20.946	2
20.985	3
21.045	3
21.127	3
21.231	3
21.239	3
21.3	3
21.509	3
21.845	3
22.255	3
22.533	3
22.698	3
22.765	3
23.294	3
23.547	3
27.221	3
27.726	3
31.873	3
20.111	1
20.118	1
20.128	1
20.135	1
20.143	1
20.158	1
20.19	1
20.232	1
20.25	1
20.273	1
20.278	2
20.298	2
20.404	2
20.421	2
20.459	3
20.5	3
20.502	3
20.556	3
20.567	3
20.61	3
20.654	3
20.736	3
20.743	3
20.76	3
20.77	3
20.822	3
20.9	3
20.946	3
20.985	3
21.045	3
21.127	3
21.231	3
21.239	3
21.3	3
21.509	3
21.845	3
22.255	3
22.533	3
22.698	3
22.765	3
23.294	3
23.547	3
27.221	3
27.726	3
31.873	3
19.868	1
19.929	1
20.014	1
20.052	1
20.066	1
20.101	1
20.109	1
20.111	1
20.118	2
20.128	2
20.135	2
20.143	2
20.158	2
20.19	2
20.232	2
20.25	2
20.273	2
20.278	2
20.298	2
20.404	2
20.421	2
20.459	2
20.5	2
20.502	2
20.556	2
20.567	3
20.61	3
20.654	3
20.736	3
20.743	3
20.76	3
20.77	3
20.822	3
20.9	3
20.946	3
20.985	3
21.045	3
21.127	3
21.231	3
21.239	3
21.3	3
21.509	3
21.845	3
22.255	3
22.533	3
22.698	3
22.765	3
23.294	3
23.547	3
27.221	3
27.726	3
31.873	3
20.109	1
20.111	1
20.118	1
20.128	1
20.135	1
20.143	1
20.158	1
20.19	1
20.232	1
20.25	1
20.273	1
20.278	1
20.298	1
20.404	1
20.421	1
20.459	1
20.5	1
20.502	1
20.556	1
20.567	2
20.61	2
20.654	2
20.736	2
20.743	2
20.76	2
20.77	2
20.822	2
20.9	2
20.946	2
20.985	3
21.045	3
21.127	3
21.231	3
21.239	3
21.3	3
21.509	3
21.845	3
22.255	3
22.533	3
22.698	3
22.765	3
23.294	3
23.547	3
27.221	3
27.726	3
31.873	3
19.825	1
19.854	1
19.868	1
19.929	1
20.014	1
20.052	1
20.066	1
20.101	2
20.109	2
20.111	2
20.118	2
20.128	2
20.135	2
20.143	2
20.158	2
20.19	2
20.232	2
20.25	2
20.273	2
20.278	2
20.298	2
20.404	2
20.421	2
20.459	3
20.5	3
20.502	3
20.556	3
20.567	3
20.61	3
20.654	3
20.736	3
20.743	3
20.76	3
20.77	3
20.822	3
20.9	3
20.946	3
20.985	3
21.045	3
21.127	3
21.231	3
21.239	3
21.3	3
21.509	3
21.845	3
22.255	3
22.533	3
22.698	3
22.765	3
23.294	3
23.547	3
27.221	3
27.726	3
31.873	3
19.868	1
19.929	1
20.014	2
20.052	2
20.066	2
20.101	2
20.109	2
20.111	2
20.118	3
20.128	3
20.135	3
20.143	3
20.158	3
20.19	3
20.232	3
20.25	3
20.273	3
20.278	3
20.298	3
20.404	3
20.421	3
20.459	3
20.5	3
20.502	3
20.556	3
20.567	3
20.61	3
20.654	3
20.736	3
20.743	3
20.76	3
20.77	3
20.822	3
20.9	3
20.946	3
20.985	3
21.045	3
21.127	3
21.231	3
21.239	3
21.3	3
21.509	3
21.845	3
22.255	3
22.533	3
22.698	3
22.765	3
23.294	3
23.547	3
27.221	3
27.726	3
31.873	3
20.111	1
20.118	1
20.128	1
20.135	1
20.143	1
20.158	1
20.19	1
20.232	1
20.25	1
20.273	1
20.278	2
20.298	2
20.404	2
20.421	2
20.459	2
20.5	2
20.502	2
20.556	2
20.567	2
20.61	2
20.654	2
20.736	2
20.743	2
20.76	2
20.77	2
20.822	2
20.9	2
20.946	2
20.985	3
21.045	3
21.127	3
21.231	3
21.239	3
21.3	3
21.509	3
21.845	3
22.255	3
22.533	3
22.698	3
22.765	3
23.294	3
23.547	3
27.221	3
27.726	3
31.873	3
20.109	1
20.111	1
20.118	1
20.128	1
20.135	1
20.143	1
20.158	1
20.19	1
20.232	1
20.25	1
20.273	1
20.278	2
20.298	2
20.404	2
20.421	2
20.459	3
20.5	3
20.502	3
20.556	3
20.567	3
20.61	3
20.654	3
20.736	3
20.743	3
20.76	3
20.77	3
20.822	3
20.9	3
20.946	3
20.985	3
21.045	3
21.127	3
21.231	3
21.239	3
21.3	3
21.509	3
21.845	3
22.255	3
22.533	3
22.698	3
22.765	3
23.294	3
23.547	3
27.221	3
27.726	3
31.873	3
19.868	1
19.929	1
20.014	1
20.052	1
20.066	2
20.101	2
20.109	2
20.111	2
20.118	2
20.128	2
20.135	2
20.143	2
20.158	2
20.19	2
20.232	2
20.25	2
20.273	2
20.278	2
20.298	2
20.404	2
20.421	2
20.459	2
20.5	2
20.502	3
20.556	3
20.567	3
20.61	3
20.654	3
20.736	3
20.743	3
20.76	3
20.77	3
20.822	3
20.9	3
20.946	3
20.985	3
21.045	3
21.127	3
21.231	3
21.239	3
21.3	3
21.509	3
21.845	3
22.255	3
22.533	3
22.698	3
22.765	3
23.294	3
23.547	3
27.221	3
27.726	3
31.873	3
20.014	1
20.052	1
20.066	1
20.101	1
20.109	1
20.111	1
20.118	1
20.128	1
20.135	1
20.143	1
20.158	1
20.19	1
20.232	1
20.25	1
20.273	1
20.278	1
20.298	1
20.404	1
20.421	1
20.459	2
20.5	2
20.502	3
20.556	3
20.567	3
20.61	3
20.654	3
20.736	3
20.743	3
20.76	3
20.77	3
20.822	3
20.9	3
20.946	3
20.985	3
21.045	3
21.127	3
21.231	3
21.239	3
21.3	3
21.509	3
21.845	3
22.255	3
22.533	3
22.698	3
22.765	3
23.294	3
23.547	3
27.221	3
27.726	3
31.873	3
20.109	1
20.111	1
20.118	1
20.128	1
20.135	1
20.143	1
20.158	1
20.19	1
20.232	1
20.25	1
20.273	1
20.278	1
20.298	1
20.404	1
20.421	1
20.459	1
20.5	1
20.502	1
20.556	1
20.567	2
20.61	2
20.654	2
20.736	2
20.743	2
20.76	2
20.77	2
20.822	2
20.9	2
20.946	2
20.985	3
21.045	3
21.127	3
21.231	3
21.239	3
21.3	3
21.509	3
21.845	3
22.255	3
22.533	3
22.698	3
22.765	3
23.294	3
23.547	3
27.221	3
27.726	3
31.873	3
19.929	1
20.014	1
20.052	1
20.066	1
20.101	1
20.109	1
20.111	1
20.118	1
20.128	1
20.135	1
20.143	1
20.158	1
20.19	1
20.232	1
20.25	1
20.273	1
20.278	2
20.298	2
20.404	2
20.421	2
20.459	2
20.5	2
20.502	2
20.556	2
20.567	2
20.61	2
20.654	2
20.736	3
20.743	3
20.76	3
20.77	3
20.822	3
20.9	3
20.946	3
20.985	3
21.045	3
21.127	3
21.231	3
21.239	3
21.3	3
21.509	3
21.845	3
22.255	3
22.533	3
22.698	3
22.765	3
23.294	3
23.547	3
27.221	3
27.726	3
31.873	3
19.868	1
19.929	1
20.014	2
20.052	2
20.066	2
20.101	2
20.109	2
20.111	2
20.118	2
20.128	2
20.135	2
20.143	2
20.158	2
20.19	2
20.232	2
20.25	2
20.273	2
20.278	2
20.298	2
20.404	2
20.421	2
20.459	2
20.5	2
20.502	2
20.556	2
20.567	3
20.61	3
20.654	3
20.736	3
20.743	3
20.76	3
20.77	3
20.822	3
20.9	3
20.946	3
20.985	3
21.045	3
21.127	3
21.231	3
21.239	3
21.3	3
21.509	3
21.845	3
22.255	3
22.533	3
22.698	3
22.765	3
23.294	3
23.547	3
27.221	3
27.726	3
31.873	3
20.109	1
20.111	2
20.118	2
20.128	2
20.135	2
20.143	2
20.158	2
20.19	2
20.232	2
20.25	2
20.273	2
20.278	2
20.298	2
20.404	2
20.421	2
20.459	2
20.5	2
20.502	2
20.556	2
20.567	2
20.61	2
20.654	2
20.736	2
20.743	2
20.76	2
20.77	2
20.822	2
20.9	2
20.946	2
20.985	2
21.045	2
21.127	2
21.231	2
21.239	2
21.3	2
21.509	2
21.845	2
22.255	2
22.533	2
22.698	2
22.765	2
23.294	2
23.547	2
27.221	2
27.726	2
31.873	2
19.825	1
19.854	1
19.868	1
19.929	1
20.014	1
20.052	1
20.066	1
20.101	1
20.109	1
20.111	1
20.118	2
20.128	2
20.135	2
20.143	2
20.158	2
20.19	2
20.232	2
20.25	2
20.273	2
20.278	3
20.298	3
20.404	3
20.421	3
20.459	3
20.5	3
20.502	3
20.556	3
20.567	3
20.61	3
20.654	3
20.736	3
20.743	3
20.76	3
20.77	3
20.822	3
20.9	3
20.946	3
20.985	3
21.045	3
21.127	3
21.231	3
21.239	3
21.3	3
21.509	3
21.845	3
22.255	3
22.533	3
22.698	3
22.765	3
23.294	3
23.547	3
27.221	3
27.726	3
31.873	3
19.868	1
19.929	2
20.014	2
20.052	2
20.066	2
20.101	2
20.109	2
20.111	2
20.118	2
20.128	2
20.135	2
20.143	2
20.158	2
20.19	2
20.232	2
20.25	2
20.273	2
20.278	2
20.298	2
20.404	2
20.421	2
20.459	2
20.5	2
20.502	2
20.556	2
20.567	2
20.61	2
20.654	2
20.736	2
20.743	2
20.76	2
20.77	2
20.822	2
20.9	2
20.946	2
20.985	2
21.045	2
21.127	2
21.231	2
21.239	2
21.3	2
21.509	2
21.845	2
22.255	2
22.533	2
22.698	2
22.765	2
23.294	2
23.547	2
27.221	2
27.726	2
31.873	2
20.014	1
20.052	1
20.066	1
20.101	1
20.109	1
20.111	1
20.118	1
20.128	1
20.135	1
20.143	1
20.158	1
20.19	1
20.232	1
20.25	1
20.273	1
20.278	1
20.298	1
20.404	1
20.421	1
20.459	1
20.5	1
20.502	1
20.556	1
20.567	2
20.61	2
20.654	2
20.736	2
20.743	2
20.76	2
20.77	2
20.822	2
20.9	2
20.946	2
20.985	3
21.045	3
21.127	3
21.231	3
21.239	3
21.3	3
21.509	3
21.845	3
22.255	3
22.533	3
22.698	3
22.765	3
23.294	3
23.547	3
27.221	3
27.726	3
31.873	3
19.825	1
19.854	1
19.868	1
19.929	1
20.014	1
20.052	1
20.066	1
20.101	1
20.109	1
20.111	1
20.118	1
20.128	1
20.135	1
20.143	1
20.158	1
20.19	1
20.232	1
20.25	1
20.273	1
20.278	1
20.298	1
20.404	1
20.421	1
20.459	1
20.5	1
20.502	2
20.556	2
20.567	2
20.61	2
20.654	2
20.736	2
20.743	2
20.76	2
20.77	2
20.822	2
20.9	2
20.946	2
20.985	2
21.045	2
21.127	2
21.231	2
21.239	2
21.3	2
21.509	2
21.845	2
22.255	2
22.533	2
22.698	2
22.765	2
23.294	2
23.547	2
27.221	2
27.726	2
31.873	2
19.868	1
19.929	1
20.014	1
20.052	2
20.066	2
20.101	2
20.109	2
20.111	2
20.118	2
20.128	2
20.135	2
20.143	2
20.158	2
20.19	2
20.232	2
20.25	2
20.273	2
20.278	2
20.298	2
20.404	2
20.421	2
20.459	2
20.5	2
20.502	3
20.556	3
20.567	3
20.61	3
20.654	3
20.736	3
20.743	3
20.76	3
20.77	3
20.822	3
20.9	3
20.946	3
20.985	3
21.045	3
21.127	3
21.231	3
21.239	3
21.3	3
21.509	3
21.845	3
22.255	3
22.533	3
22.698	3
22.765	3
23.294	3
23.547	3
27.221	3
27.726	3
31.873	3
19.854	1
19.868	1
19.929	1
20.014	1
20.052	1
20.066	1
20.101	1
20.109	1
20.111	1
20.118	2
20.128	2
20.135	2
20.143	2
20.158	2
20.19	2
20.232	2
20.25	2
20.273	2
20.278	2
20.298	2
20.404	2
20.421	2
20.459	2
20.5	2
20.502	2
20.556	2
20.567	2
20.61	2
20.654	2
20.736	2
20.743	2
20.76	2
20.77	2
20.822	2
20.9	2
20.946	2
20.985	3
21.045	3
21.127	3
21.231	3
21.239	3
21.3	3
21.509	3
21.845	3
22.255	3
22.533	3
22.698	3
22.765	3
23.294	3
23.547	3
27.221	3
27.726	3
31.873	3
20.014	1
20.052	1
20.066	1
20.101	1
20.109	2
20.111	2
20.118	2
20.128	2
20.135	2
20.143	2
20.158	2
20.19	2
20.232	2
20.25	2
20.273	2
20.278	2
20.298	2
20.404	2
20.421	2
20.459	3
20.5	3
20.502	3
20.556	3
20.567	3
20.61	3
20.654	3
20.736	3
20.743	3
20.76	3
20.77	3
20.822	3
20.9	3
20.946	3
20.985	3
21.045	3
21.127	3
21.231	3
21.239	3
21.3	3
21.509	3
21.845	3
22.255	3
22.533	3
22.698	3
22.765	3
23.294	3
23.547	3
27.221	3
27.726	3
31.873	3
20.109	1
20.111	2
20.118	3
20.128	3
20.135	3
20.143	3
20.158	3
20.19	3
20.232	3
20.25	3
20.273	3
20.278	3
20.298	3
20.404	3
20.421	3
20.459	3
20.5	3
20.502	3
20.556	3
20.567	3
20.61	3
20.654	3
20.736	3
20.743	3
20.76	3
20.77	3
20.822	3
20.9	3
20.946	3
20.985	3
21.045	3
21.127	3
21.231	3
21.239	3
21.3	3
21.509	3
21.845	3
22.255	3
22.533	3
22.698	3
22.765	3
23.294	3
23.547	3
27.221	3
27.726	3
31.873	3
19.868	1
19.929	1
20.014	1
20.052	1
20.066	2
20.101	2
20.109	2
20.111	2
20.118	2
20.128	2
20.135	2
20.143	2
20.158	2
20.19	2
20.232	2
20.25	2
20.273	2
20.278	2
20.298	2
20.404	2
20.421	2
20.459	2
20.5	2
20.502	3
20.556	3
20.567	3
20.61	3
20.654	3
20.736	3
20.743	3
20.76	3
20.77	3
20.822	3
20.9	3
20.946	3
20.985	3
21.045	3
21.127	3
21.231	3
21.239	3
21.3	3
21.509	3
21.845	3
22.255	3
22.533	3
22.698	3
22.765	3
23.294	3
23.547	3
27.221	3
27.726	3
31.873	3
19.929	1
20.014	1
20.052	1
20.066	1
20.101	1
20.109	1
20.111	1
20.118	1
20.128	1
20.135	1
20.143	1
20.158	1
20.19	1
20.232	1
20.25	1
20.273	1
20.278	1
20.298	1
20.404	1
20.421	1
20.459	1
20.5	1
20.502	1
20.556	1
20.567	2
20.61	2
20.654	2
20.736	2
20.743	2
20.76	2
20.77	2
20.822	2
20.9	2
20.946	2
20.985	2
21.045	2
21.127	2
21.231	2
21.239	2
21.3	2
21.509	2
21.845	2
22.255	2
22.533	2
22.698	2
22.765	2
23.294	2
23.547	2
27.221	2
27.726	2
31.873	2
20.118	1
20.128	1
20.135	1
20.143	1
20.158	1
20.19	1
20.232	1
20.25	1
20.273	1
20.278	1
20.298	1
20.404	1
20.421	1
20.459	1
20.5	1
20.502	2
20.556	2
20.567	2
20.61	2
20.654	2
20.736	2
20.743	2
20.76	2
20.77	2
20.822	2
20.9	2
20.946	2
20.985	2
21.045	2
21.127	2
21.231	2
21.239	2
21.3	2
21.509	2
21.845	2
22.255	2
22.533	2
22.698	2
22.765	2
23.294	2
23.547	2
27.221	2
27.726	2
31.873	2
20.109	1
20.111	1
20.118	2
20.128	2
20.135	2
20.143	2
20.158	2
20.19	2
20.232	2
20.25	2
20.273	2
20.278	3
20.298	3
20.404	3
20.421	3
20.459	3
20.5	3
20.502	3
20.556	3
20.567	3
20.61	3
20.654	3
20.736	3
20.743	3
20.76	3
20.77	3
20.822	3
20.9	3
20.946	3
20.985	3
21.045	3
21.127	3
21.231	3
21.239	3
21.3	3
21.509	3
21.845	3
22.255	3
22.533	3
22.698	3
22.765	3
23.294	3
23.547	3
27.221	3
27.726	3
31.873	3
19.825	1
19.854	1
19.868	2
19.929	2
20.014	2
20.052	2
20.066	2
20.101	2
20.109	2
20.111	2
20.118	2
20.128	2
20.135	2
20.143	2
20.158	2
20.19	2
20.232	2
20.25	2
20.273	2
20.278	2
20.298	2
20.404	2
20.421	2
20.459	2
20.5	2
20.502	2
20.556	2
20.567	2
20.61	2
20.654	2
20.736	2
20.743	2
20.76	2
20.77	2
20.822	2
20.9	2
20.946	2
20.985	2
21.045	2
21.127	2
21.231	2
21.239	2
21.3	2
21.509	3
21.845	3
22.255	3
22.533	3
22.698	3
22.765	3
23.294	3
23.547	3
27.221	3
27.726	3
31.873	3
19.825	1
19.854	1
19.868	1
19.929	1
20.014	1
20.052	1
20.066	1
20.101	1
20.109	1
20.111	1
20.118	1
20.128	1
20.135	1
20.143	1
20.158	1
20.19	1
20.232	1
20.25	1
20.273	1
20.278	2
20.298	2
20.404	2
20.421	2
20.459	2
20.5	2
20.502	2
20.556	2
20.567	2
20.61	2
20.654	2
20.736	2
20.743	2
20.76	2
20.77	2
20.822	2
20.9	2
20.946	2
20.985	2
21.045	2
21.127	2
21.231	2
21.239	2
21.3	2
21.509	2
21.845	2
22.255	2
22.533	2
22.698	2
22.765	2
23.294	2
23.547	2
27.221	2
27.726	2
31.873	2
20.109	1
20.111	1
20.118	1
20.128	1
20.135	1
20.143	1
20.158	1
20.19	1
20.232	1
20.25	1
20.273	1
20.278	2
20.298	2
20.404	2
20.421	2
20.459	2
20.5	2
20.502	3
20.556	3
20.567	3
20.61	3
20.654	3
20.736	3
20.743	3
20.76	3
20.77	3
20.822	3
20.9	3
20.946	3
20.985	3
21.045	3
21.127	3
21.231	3
21.239	3
21.3	3
21.509	3
21.845	3
22.255	3
22.533	3
22.698	3
22.765	3
23.294	3
23.547	3
27.221	3
27.726	3
31.873	3
20.014	1
20.052	1
20.066	2
20.101	2
20.109	2
20.111	3
20.118	3
20.128	3
20.135	3
20.143	3
20.158	3
20.19	3
20.232	3
20.25	3
20.273	3
20.278	3
20.298	3
20.404	3
20.421	3
20.459	3
20.5	3
20.502	3
20.556	3
20.567	3
20.61	3
20.654	3
20.736	3
20.743	3
20.76	3
20.77	3
20.822	3
20.9	3
20.946	3
20.985	3
21.045	3
21.127	3
21.231	3
21.239	3
21.3	3
21.509	3
21.845	3
22.255	3
22.533	3
22.698	3
22.765	3
23.294	3
23.547	3
27.221	3
27.726	3
31.873	3
20.066	1
20.101	1
20.109	1
20.111	1
20.118	2
20.128	2
20.135	2
20.143	2
20.158	2
20.19	2
20.232	2
20.25	2
20.273	2
20.278	2
20.298	2
20.404	2
20.421	2
20.459	2
20.5	2
20.502	3
20.556	3
20.567	3
20.61	3
20.654	3
20.736	3
20.743	3
20.76	3
20.77	3
20.822	3
20.9	3
20.946	3
20.985	3
21.045	3
21.127	3
21.231	3
21.239	3
21.3	3
21.509	3
21.845	3
22.255	3
22.533	3
22.698	3
22.765	3
23.294	3
23.547	3
27.221	3
27.726	3
31.873	3
19.929	1
20.014	1
20.052	1
20.066	1
20.101	1
20.109	1
20.111	2
20.118	2
20.128	2
20.135	2
20.143	2
20.158	2
20.19	2
20.232	2
20.25	2
20.273	2
20.278	2
20.298	2
20.404	3
20.421	3
20.459	3
20.5	3
20.502	3
20.556	3
20.567	4
20.61	4
20.654	4
20.736	4
20.743	4
20.76	4
20.77	3
20.822	3
20.9	3
20.946	3
20.985	3
21.045	3
21.127	3
21.231	3
21.239	3
21.3	3
21.509	3
21.845	3
22.255	3
22.533	3
22.698	3
22.765	3
23.294	2
23.547	2
27.221	2
27.726	2
31.873	2
20.109	1
20.111	1
20.118	2
20.128	2
20.135	2
20.143	2
20.158	2
20.19	2
20.232	2
20.25	2
20.273	2
20.278	2
20.298	2
20.404	2
20.421	2
20.459	2
20.5	2
20.502	2
20.556	2
20.567	2
20.61	2
20.654	2
20.736	2
20.743	2
20.76	2
20.77	2
20.822	2
20.9	2
20.946	2
20.985	3
21.045	3
21.127	3
21.231	3
21.239	3
21.3	3
21.509	3
21.845	3
22.255	3
22.533	3
22.698	3
22.765	3
23.294	3
23.547	3
27.221	3
27.726	3
31.873	3
19.929	1
20.014	1
20.052	1
20.066	1
20.101	1
20.109	1
20.111	2
20.118	2
20.128	2
20.135	2
20.143	2
20.158	2
20.19	2
20.232	2
20.25	2
20.273	2
20.278	2
20.298	2
20.404	2
20.421	2
20.459	2
20.5	2
20.502	2
20.556	2
20.567	2
20.61	2
20.654	2
20.736	2
20.743	2
20.76	2
20.77	2
20.822	2
20.9	2
20.946	2
20.985	2
21.045	2
21.127	2
21.231	2
21.239	2
21.3	2
21.509	2
21.845	2
22.255	2
22.533	2
22.698	2
22.765	2
23.294	2
23.547	2
27.221	2
27.726	2
31.873	2
20.066	1
20.101	1
20.109	1
20.111	1
20.118	1
20.128	1
20.135	1
20.143	1
20.158	1
20.19	1
20.232	2
20.25	2
20.273	2
20.278	2
20.298	2
20.404	2
20.421	2
20.459	2
20.5	2
20.502	3
20.556	3
20.567	3
20.61	3
20.654	3
20.736	3
20.743	3
20.76	3
20.77	3
20.822	3
20.9	3
20.946	3
20.985	3
21.045	3
21.127	3
21.231	3
21.239	3
21.3	3
21.509	3
21.845	3
22.255	3
22.533	3
22.698	3
22.765	3
23.294	3
23.547	3
27.221	3
27.726	3
31.873	3
20.109	1
20.111	1
20.118	1
20.128	1
20.135	1
20.143	1
20.158	1
20.19	1
20.232	1
20.25	1
20.273	1
20.278	1
20.298	1
20.404	1
20.421	1
20.459	1
20.5	1
20.502	1
20.556	1
20.567	1
20.61	1
20.654	1
20.736	1
20.743	1
20.76	1
20.77	1
20.822	1
20.9	1
20.946	1
20.985	2
21.045	2
21.127	2
21.231	2
21.239	2
21.3	2
21.509	2
21.845	2
22.255	2
22.533	2
22.698	2
22.765	2
23.294	2
23.547	2
27.221	2
27.726	2
31.873	2
19.825	1
19.854	1
19.868	1
19.929	1
20.014	1
20.052	2
20.066	3
20.101	3
20.109	3
20.111	3
20.118	3
20.128	3
20.135	3
20.143	3
20.158	3
20.19	3
20.232	3
20.25	3
20.273	3
20.278	3
20.298	3
20.404	3
20.421	3
20.459	3
20.5	3
20.502	3
20.556	3
20.567	3
20.61	3
20.654	3
20.736	3
20.743	3
20.76	3
20.77	3
20.822	3
20.9	3
20.946	3
20.985	3
21.045	3
21.127	3
21.231	3
21.239	3
21.3	3
21.509	3
21.845	3
22.255	3
22.533	3
22.698	3
22.765	3
23.294	3
23.547	3
27.221	3
27.726	3
31.873	3
19.868	1
19.929	2
20.014	2
20.052	2
20.066	2
20.101	2
20.109	2
20.111	2
20.118	2
20.128	2
20.135	2
20.143	2
20.158	2
20.19	2
20.232	2
20.25	2
20.273	2
20.278	2
20.298	2
20.404	2
20.421	2
20.459	2
20.5	2
20.502	2
20.556	2
20.567	2
20.61	2
20.654	2
20.736	2
20.743	2
20.76	2
20.77	2
20.822	2
20.9	2
20.946	2
20.985	2
21.045	3
21.127	3
21.231	3
21.239	3
21.3	3
21.509	3
21.845	3
22.255	3
22.533	3
22.698	3
22.765	3
23.294	3
23.547	3
27.221	3
27.726	3
31.873	3
19.868	1
19.929	2
20.014	2
20.052	2
20.066	2
20.101	2
20.109	2
20.111	2
20.118	2
20.128	2
20.135	2
20.143	2
20.158	2
20.19	2
20.232	2
20.25	2
20.273	2
20.278	3
20.298	3
20.404	3
20.421	3
20.459	3
20.5	3
20.502	3
20.556	3
20.567	3
20.61	3
20.654	3
20.736	3
20.743	3
20.76	3
20.77	3
20.822	3
20.9	3
20.946	3
20.985	3
21.045	3
21.127	3
21.231	3
21.239	3
21.3	3
21.509	3
21.845	3
22.255	3
22.533	3
22.698	3
22.765	3
23.294	3
23.547	3
27.221	3
27.726	3
31.873	3
19.868	1
19.929	2
20.014	2
20.052	2
20.066	2
20.101	2
20.109	2
20.111	2
20.118	2
20.128	2
20.135	2
20.143	2
20.158	2
20.19	2
20.232	2
20.25	2
20.273	2
20.278	2
20.298	2
20.404	2
20.421	2
20.459	2
20.5	2
20.502	2
20.556	2
20.567	2
20.61	2
20.654	2
20.736	2
20.743	2
20.76	2
20.77	2
20.822	2
20.9	2
20.946	2
20.985	2
21.045	2
21.127	2
21.231	2
21.239	2
21.3	2
21.509	2
21.845	2
22.255	2
22.533	2
22.698	2
22.765	2
23.294	2
23.547	2
27.221	2
27.726	2
31.873	2
20.014	1
20.052	1
20.066	1
20.101	1
20.109	2
20.111	2
20.118	2
20.128	2
20.135	2
20.143	2
20.158	2
20.19	2
20.232	2
20.25	2
20.273	2
20.278	3
20.298	3
20.404	3
20.421	3
20.459	3
20.5	3
20.502	3
20.556	3
20.567	3
20.61	3
20.654	3
20.736	3
20.743	3
20.76	3
20.77	3
20.822	3
20.9	3
20.946	3
20.985	3
21.045	3
21.127	3
21.231	3
21.239	3
21.3	3
21.509	3
21.845	3
22.255	3
22.533	3
22.698	3
22.765	3
23.294	3
23.547	3
27.221	3
27.726	3
31.873	3
20.052	1
20.066	2
20.101	2
20.109	2
20.111	2
20.118	2
20.128	2
20.135	2
20.143	2
20.158	2
20.19	2
20.232	2
20.25	2
20.273	2
20.278	2
20.298	2
20.404	2
20.421	2
20.459	3
20.5	3
20.502	3
20.556	3
20.567	3
20.61	3
20.654	3
20.736	3
20.743	3
20.76	3
20.77	3
20.822	3
20.9	3
20.946	3
20.985	3
21.045	3
21.127	3
21.231	3
21.239	3
21.3	3
21.509	3
21.845	3
22.255	3
22.533	3
22.698	3
22.765	3
23.294	3
23.547	3
27.221	3
27.726	3
31.873	3
20.052	1
20.066	1
20.101	1
20.109	1
20.111	1
20.118	1
20.128	1
20.135	1
20.143	1
20.158	1
20.19	1
20.232	1
20.25	1
20.273	1
20.278	1
20.298	1
20.404	1
20.421	1
20.459	1
20.5	1
20.502	2
20.556	2
20.567	3
20.61	3
20.654	3
20.736	3
20.743	3
20.76	3
20.77	3
20.822	3
20.9	3
20.946	3
20.985	3
21.045	3
21.127	3
21.231	3
21.239	3
21.3	3
21.509	3
21.845	3
22.255	3
22.533	3
22.698	3
22.765	3
23.294	3
23.547	3
27.221	3
27.726	3
31.873	3
20.052	1
20.066	2
20.101	2
20.109	2
20.111	2
20.118	3
20.128	3
20.135	3
20.143	3
20.158	3
20.19	3
20.232	3
20.25	3
20.273	3
20.278	3
20.298	3
20.404	3
20.421	3
20.459	3
20.5	3
20.502	3
20.556	3
20.567	3
20.61	3
20.654	3
20.736	3
20.743	3
20.76	3
20.77	3
20.822	3
20.9	3
20.946	3
20.985	3
21.045	3
21.127	3
21.231	3
21.239	3
21.3	3
21.509	3
21.845	3
22.255	3
22.533	3
22.698	3
22.765	3
23.294	3
23.547	3
27.221	3
27.726	3
31.873	3
19.929	1
20.014	1
20.052	1
20.066	1
20.101	1
20.109	1
20.111	2
20.118	2
20.128	2
20.135	2
20.143	2
20.158	2
20.19	2
20.232	2
20.25	2
20.273	2
20.278	2
20.298	2
20.404	2
20.421	2
20.459	2
20.5	2
20.502	2
20.556	2
20.567	2
20.61	2
20.654	2
20.736	2
20.743	2
20.76	2
20.77	2
20.822	2
20.9	2
20.946	2
20.985	2
21.045	2
21.127	2
21.231	2
21.239	2
21.3	2
21.509	2
21.845	2
22.255	2
22.533	2
22.698	2
22.765	2
23.294	2
23.547	2
27.221	2
27.726	2
31.873	2
19.825	1
19.854	1
19.868	1
19.929	2
20.014	2
20.052	2
20.066	3
20.101	3
20.109	3
20.111	3
20.118	3
20.128	3
20.135	3
20.143	3
20.158	3
20.19	3
20.232	3
20.25	3
20.273	3
20.278	3
20.298	3
20.404	3
20.421	3
20.459	3
20.5	3
20.502	3
20.556	3
20.567	3
20.61	3
20.654	3
20.736	3
20.743	3
20.76	3
20.77	3
20.822	3
20.9	3
20.946	3
20.985	3
21.045	3
21.127	3
21.231	3
21.239	3
21.3	3
21.509	3
21.845	3
22.255	3
22.533	3
22.698	3
22.765	3
23.294	3
23.547	3
27.221	3
27.726	3
31.873	3
19.825	1
19.854	1
19.868	2
19.929	3
20.014	3
20.052	3
20.066	3
20.101	3
20.109	3
20.111	3
20.118	3
20.128	3
20.135	3
20.143	3
20.158	3
20.19	3
20.232	3
20.25	3
20.273	3
20.278	3
20.298	3
20.404	3
20.421	3
20.459	3
20.5	3
20.502	3
20.556	3
20.567	3
20.61	3
20.654	3
20.736	3
20.743	3
20.76	3
20.77	3
20.822	3
20.9	3
20.946	3
20.985	3
21.045	3
21.127	3
21.231	3
21.239	3
21.3	3
21.509	3
21.845	3
22.255	3
22.533	3
22.698	3
22.765	3
23.294	3
23.547	3
27.221	3
27.726	3
31.873	3
20.014	1
20.052	1
20.066	1
20.101	1
20.109	1
20.111	1
20.118	2
20.128	2
20.135	2
20.143	2
20.158	2
20.19	2
20.232	2
20.25	2
20.273	2
20.278	3
20.298	3
20.404	3
20.421	3
20.459	3
20.5	3
20.502	3
20.556	3
20.567	3
20.61	3
20.654	3
20.736	3
20.743	3
20.76	3
20.77	3
20.822	3
20.9	3
20.946	3
20.985	3
21.045	3
21.127	3
21.231	3
21.239	3
21.3	3
21.509	3
21.845	3
22.255	3
22.533	3
22.698	3
22.765	3
23.294	3
23.547	3
27.221	3
27.726	3
31.873	3
19.825	1
19.854	1
19.868	1
19.929	1
20.014	1
20.052	1
20.066	1
20.101	1
20.109	1
20.111	1
20.118	1
20.128	1
20.135	1
20.143	1
20.158	1
20.19	1
20.232	1
20.25	1
20.273	1
20.278	1
20.298	1
20.404	1
20.421	1
20.459	1
20.5	1
20.502	2
20.556	2
20.567	2
20.61	2
20.654	2
20.736	2
20.743	2
20.76	2
20.77	2
20.822	2
20.9	2
20.946	2
20.985	2
21.045	2
21.127	2
21.231	2
21.239	2
21.3	2
21.509	2
21.845	2
22.255	2
22.533	2
22.698	2
22.765	2
23.294	2
23.547	2
27.221	2
27.726	2
31.873	2
20.118	1
20.128	1
20.135	1
20.143	1
20.158	1
20.19	1
20.232	1
20.25	1
20.273	1
20.278	1
20.298	1
20.404	1
20.421	1
20.459	2
20.5	2
20.502	3
20.556	3
20.567	3
20.61	3
20.654	3
20.736	3
20.743	3
20.76	3
20.77	3
20.822	3
20.9	3
20.946	3
20.985	3
21.045	3
21.127	3
21.231	3
21.239	3
21.3	3
21.509	3
21.845	3
22.255	3
22.533	3
22.698	3
22.765	3
23.294	3
23.547	3
27.221	3
27.726	3
31.873	3
20.014	1
20.052	1
20.066	2
20.101	2
20.109	2
20.111	2
20.118	2
20.128	2
20.135	2
20.143	2
20.158	2
20.19	2
20.232	2
20.25	2
20.273	2
20.278	2
20.298	2
20.404	2
20.421	2
20.459	2
20.5	2
20.502	2
20.556	2
20.567	2
20.61	2
20.654	2
20.736	2
20.743	2
20.76	2
20.77	2
20.822	2
20.9	2
20.946	2
20.985	2
21.045	2
21.127	2
21.231	2
21.239	2
21.3	2
21.509	2
21.845	2
22.255	2
22.533	2
22.698	2
22.765	2
23.294	2
23.547	2
27.221	2
27.726	2
31.873	2
20.014	1
20.052	1
20.066	1
20.101	1
20.109	2
20.111	2
20.118	2
20.128	2
20.135	2
20.143	2
20.158	2
20.19	2
20.232	2
20.25	2
20.273	2
20.278	3
20.298	3
20.404	3
20.421	3
20.459	3
20.5	3
20.502	4
20.556	4
20.567	4
20.61	4
20.654	4
20.736	4
20.743	4
20.76	4
20.77	4
20.822	4
20.9	4
20.946	4
20.985	4
21.045	4
21.127	4
21.231	4
21.239	4
21.3	4
21.509	4
21.845	4
22.255	4
22.533	4
22.698	4
22.765	3
23.294	3
23.547	3
27.221	3
27.726	3
31.873	3
19.929	1
20.014	1
20.052	1
20.066	1
20.101	1
20.109	1
20.111	1
20.118	1
20.128	1
20.135	1
20.143	1
20.158	1
20.19	1
20.232	1
20.25	1
20.273	1
20.278	1
20.298	1
20.404	1
20.421	1
20.459	1
20.5	1
20.502	1
20.556	1
20.567	1
20.61	1
20.654	1
20.736	1
20.743	1
20.76	1
20.77	1
20.822	1
20.9	1
20.946	1
20.985	2
21.045	2
21.127	2
21.231	2
21.239	2
21.3	2
21.509	2
21.845	2
22.255	2
22.533	2
22.698	2
22.765	2
23.294	2
23.547	2
27.221	2
27.726	2
31.873	2
19.825	1
19.854	1
19.868	1
19.929	1
20.014	1
20.052	1
20.066	1
20.101	1
20.109	1
20.111	1
20.118	1
20.128	1
20.135	1
20.143	1
20.158	1
20.19	1
20.232	1
20.25	1
20.273	1
20.278	1
20.298	1
20.404	1
20.421	1
20.459	1
20.5	1
20.502	2
20.556	2
20.567	3
20.61	3
20.654	3
20.736	3
20.743	3
20.76	3
20.77	3
20.822	3
20.9	3
20.946	3
20.985	3
21.045	3
21.127	3
21.231	3
21.239	3
21.3	3
21.509	3
21.845	3
22.255	3
22.533	3
22.698	3
22.765	3
23.294	3
23.547	3
27.221	3
27.726	3
31.873	3
19.825	1
19.854	1
19.868	1
19.929	1
20.014	1
20.052	1
20.066	1
20.101	1
20.109	2
20.111	2
20.118	2
20.128	2
20.135	2
20.143	2
20.158	2
20.19	2
20.232	2
20.25	2
20.273	2
20.278	2
20.298	2
20.404	2
20.421	2
20.459	2
20.5	2
20.502	2
20.556	2
20.567	2
20.61	2
20.654	2
20.736	2
20.743	2
20.76	2
20.77	2
20.822	2
20.9	2
20.946	2
20.985	2
21.045	2
21.127	2
21.231	2
21.239	2
21.3	2
21.509	2
21.845	2
22.255	2
22.533	2
22.698	2
22.765	2
23.294	2
23.547	2
27.221	2
27.726	2
31.873	2
20.109	1
20.111	1
20.118	2
20.128	2
20.135	2
20.143	2
20.158	2
20.19	2
20.232	2
20.25	2
20.273	2
20.278	2
20.298	2
20.404	2
20.421	2
20.459	3
20.5	3
20.502	3
20.556	3
20.567	3
20.61	3
20.654	3
20.736	3
20.743	3
20.76	3
20.77	3
20.822	3
20.9	3
20.946	3
20.985	3
21.045	3
21.127	3
21.231	3
21.239	3
21.3	3
21.509	3
21.845	3
22.255	3
22.533	3
22.698	3
22.765	3
23.294	3
23.547	3
27.221	3
27.726	3
31.873	3
20.014	1
20.052	1
20.066	1
20.101	1
20.109	1
20.111	2
20.118	2
20.128	2
20.135	2
20.143	2
20.158	2
20.19	2
20.232	2
20.25	2
20.273	2
20.278	3
20.298	3
20.404	3
20.421	3
20.459	3
20.5	3
20.502	3
20.556	3
20.567	3
20.61	3
20.654	3
20.736	3
20.743	3
20.76	3
20.77	3
20.822	3
20.9	3
20.946	3
20.985	3
21.045	3
21.127	3
21.231	3
21.239	3
21.3	3
21.509	3
21.845	3
22.255	3
22.533	3
22.698	3
22.765	3
23.294	3
23.547	3
27.221	3
27.726	3
31.873	3
20.052	1
20.066	2
20.101	2
20.109	2
20.111	2
20.118	2
20.128	2
20.135	2
20.143	2
20.158	2
20.19	2
20.232	2
20.25	2
20.273	2
20.278	2
20.298	2
20.404	2
20.421	2
20.459	2
20.5	2
20.502	2
20.556	2
20.567	2
20.61	2
20.654	2
20.736	2
20.743	2
20.76	2
20.77	2
20.822	2
20.9	2
20.946	2
20.985	2
21.045	2
21.127	2
21.231	2
21.239	2
21.3	2
21.509	2
21.845	2
22.255	2
22.533	2
22.698	2
22.765	2
23.294	2
23.547	2
27.221	2
27.726	2
31.873	2
19.825	1
19.854	1
19.868	2
19.929	3
20.014	3
20.052	3
20.066	3
20.101	3
20.109	3
20.111	3
20.118	3
20.128	3
20.135	3
20.143	3
20.158	3
20.19	3
20.232	3
20.25	3
20.273	3
20.278	3
20.298	3
20.404	3
20.421	3
20.459	3
20.5	3
20.502	3
20.556	3
20.567	3
20.61	3
20.654	3
20.736	3
20.743	3
20.76	3
20.77	3
20.822	3
20.9	3
20.946	3
20.985	3
21.045	3
21.127	3
21.231	3
21.239	3
21.3	3
21.509	3
21.845	3
22.255	3
22.533	3
22.698	3
22.765	3
23.294	3
23.547	3
27.221	3
27.726	3
31.873	3
20.014	1
20.052	1
20.066	1
20.101	1
20.109	1
20.111	1
20.118	2
20.128	2
20.135	2
20.143	2
20.158	2
20.19	2
20.232	2
20.25	2
20.273	2
20.278	2
20.298	2
20.404	2
20.421	2
20.459	2
20.5	2
20.502	2
20.556	2
20.567	2
20.61	2
20.654	2
20.736	2
20.743	2
20.76	2
20.77	2
20.822	2
20.9	2
20.946	2
20.985	3
21.045	3
21.127	3
21.231	3
21.239	3
21.3	3
21.509	3
21.845	3
22.255	3
22.533	3
22.698	3
22.765	3
23.294	3
23.547	3
27.221	3
27.726	3
31.873	3
19.929	1
20.014	1
20.052	1
20.066	1
20.101	1
20.109	1
20.111	1
20.118	1
20.128	1
20.135	1
20.143	1
20.158	1
20.19	1
20.232	1
20.25	1
20.273	1
20.278	1
20.298	2
20.404	2
20.421	2
20.459	2
20.5	2
20.502	2
20.556	2
20.567	2
20.61	2
20.654	2
20.736	2
20.743	2
20.76	2
20.77	2
20.822	2
20.9	2
20.946	2
20.985	2
21.045	2
21.127	2
21.231	2
21.239	2
21.3	2
21.509	2
21.845	2
22.255	2
22.533	2
22.698	2
22.765	2
23.294	2
23.547	2
27.221	2
27.726	2
31.873	2
20.066	1
20.101	1
20.109	1
20.111	1
20.118	1
20.128	1
20.135	1
20.143	1
20.158	1
20.19	1
20.232	1
20.25	1
20.273	1
20.278	2
20.298	2
20.404	2
20.421	2
20.459	2
20.5	2
20.502	3
20.556	3
20.567	3
20.61	3
20.654	3
20.736	3
20.743	3
20.76	3
20.77	3
20.822	3
20.9	3
20.946	3
20.985	3
21.045	3
21.127	3
21.231	3
21.239	3
21.3	3
21.509	3
21.845	3
22.255	3
22.533	3
22.698	3
22.765	3
23.294	3
23.547	3
27.221	3
27.726	3
31.873	3
19.825	1
19.854	1
19.868	1
19.929	1
20.014	1
20.052	1
20.066	1
20.101	1
20.109	1
20.111	1
20.118	1
20.128	1
20.135	1
20.143	1
20.158	1
20.19	1
20.232	1
20.25	1
20.273	1
20.278	2
20.298	2
20.404	2
20.421	2
20.459	2
20.5	2
20.502	2
20.556	2
20.567	2
20.61	2
20.654	2
20.736	2
20.743	2
20.76	2
20.77	2
20.822	2
20.9	2
20.946	2
20.985	2
21.045	2
21.127	2
21.231	2
21.239	2
21.3	2
21.509	2
21.845	2
22.255	2
22.533	2
22.698	2
22.765	2
23.294	2
23.547	2
27.221	2
27.726	2
31.873	2
20.109	1
20.111	2
20.118	3
20.128	3
20.135	3
20.143	3
20.158	3
20.19	3
20.232	3
20.25	3
20.273	3
20.278	3
20.298	3
20.404	3
20.421	3
20.459	3
20.5	3
20.502	3
20.556	3
20.567	3
20.61	3
20.654	3
20.736	3
20.743	3
20.76	3
20.77	3
20.822	3
20.9	3
20.946	3
20.985	3
21.045	3
21.127	3
21.231	3
21.239	3
21.3	3
21.509	3
21.845	3
22.255	3
22.533	3
22.698	3
22.765	3
23.294	3
23.547	3
27.221	3
27.726	3
31.873	3
19.825	1
19.854	1
19.868	2
19.929	2
20.014	2
20.052	2
20.066	3
20.101	3
20.109	3
20.111	3
20.118	3
20.128	3
20.135	3
20.143	3
20.158	3
20.19	3
20.232	3
20.25	3
20.273	3
20.278	3
20.298	3
20.404	3
20.421	3
20.459	3
20.5	3
20.502	3
20.556	3
20.567	3
20.61	3
20.654	3
20.736	3
20.743	3
20.76	3
20.77	3
20.822	3
20.9	3
20.946	3
20.985	3
21.045	3
21.127	3
21.231	3
21.239	3
21.3	3
21.509	3
21.845	3
22.255	3
22.533	3
22.698	3
22.765	3
23.294	3
23.547	3
27.221	3
27.726	3
31.873	3
20.109	1
20.111	1
20.118	1
20.128	1
20.135	1
20.143	1
20.158	1
20.19	1
20.232	1
20.25	1
20.273	1
20.278	2
20.298	2
20.404	2
20.421	2
20.459	3
20.5	3
20.502	3
20.556	3
20.567	3
20.61	3
20.654	3
20.736	3
20.743	3
20.76	3
20.77	3
20.822	3
20.9	3
20.946	3
20.985	3
21.045	3
21.127	3
21.231	3
21.239	3
21.3	3
21.509	3
21.845	3
22.255	3
22.533	3
22.698	3
22.765	3
23.294	3
23.547	3
27.221	3
27.726	3
31.873	3
19.868	1
19.929	1
20.014	1
20.052	2
20.066	2
20.101	2
20.109	2
20.111	2
20.118	2
20.128	2
20.135	2
20.143	2
20.158	2
20.19	2
20.232	2
20.25	2
20.273	2
20.278	2
20.298	2
20.404	2
20.421	2
20.459	2
20.5	2
20.502	2
20.556	2
20.567	2
20.61	2
20.654	2
20.736	2
20.743	2
20.76	2
20.77	2
20.822	2
20.9	2
20.946	2
20.985	2
21.045	2
21.127	2
21.231	2
21.239	2
21.3	2
21.509	2
21.845	2
22.255	2
22.533	2
22.698	2
22.765	2
23.294	2
23.547	2
27.221	2
27.726	2
31.873	2
20.014	1
20.052	1
20.066	2
20.101	2
20.109	2
20.111	2
20.118	2
20.128	2
20.135	2
20.143	2
20.158	2
20.19	2
20.232	2
20.25	2
20.273	2
20.278	2
20.298	2
20.404	2
20.421	2
20.459	2
20.5	2
20.502	3
20.556	3
20.567	3
20.61	3
20.654	3
20.736	3
20.743	3
20.76	3
20.77	3
20.822	3
20.9	3
20.946	3
20.985	3
21.045	3
21.127	3
21.231	3
21.239	3
21.3	3
21.509	3
21.845	3
22.255	3
22.533	3
22.698	3
22.765	3
23.294	3
23.547	3
27.221	3
27.726	3
31.873	3
20.118	1
20.128	1
20.135	1
20.143	1
20.158	1
20.19	1
20.232	1
20.25	1
20.273	1
20.278	2
20.298	2
20.404	2
20.421	2
20.459	2
20.5	2
20.502	2
20.556	2
20.567	2
20.61	2
20.654	2
20.736	2
20.743	2
20.76	2
20.77	2
20.822	2
20.9	2
20.946	2
20.985	3
21.045	3
21.127	3
21.231	3
21.239	3
21.3	3
21.509	3
21.845	3
22.255	3
22.533	3
22.698	3
22.765	3
23.294	3
23.547	3
27.221	3
27.726	3
31.873	3
20.052	1
20.066	2
20.101	2
20.109	2
20.111	2
20.118	2
20.128	2
20.135	2
20.143	2
20.158	2
20.19	2
20.232	2
20.25	2
20.273	2
20.278	2
20.298	2
20.404	2
20.421	2
20.459	2
20.5	2
20.502	2
20.556	3
20.567	3
20.61	3
20.654	3
20.736	3
20.743	3
20.76	3
20.77	3
20.822	4
20.9	4
20.946	4
20.985	4
21.045	4
21.127	4
21.231	4
21.239	4
21.3	4
21.509	4
21.845	4
22.255	4
22.533	4
22.698	4
22.765	4
23.294	4
23.547	4
27.221	3
27.726	3
31.873	3
19.825	1
19.854	1
19.868	1
19.929	1
20.014	1
20.052	1
20.066	1
20.101	1
20.109	1
20.111	1
20.118	1
20.128	1
20.135	1
20.143	1
20.158	1
20.19	1
20.232	1
20.25	1
20.273	1
20.278	1
20.298	1
20.404	1
20.421	1
20.459	1
20.5	1
20.502	1
20.556	1
20.567	1
20.61	1
20.654	1
20.736	1
20.743	1
20.76	1
20.77	1
20.822	1
20.9	1
20.946	1
20.985	2
21.045	2
21.127	2
21.231	2
21.239	2
21.3	2
21.509	2
21.845	2
22.255	2
22.533	2
22.698	2
22.765	2
23.294	2
23.547	2
27.221	2
27.726	2
31.873	2
20.111	1
20.118	2
20.128	2
20.135	2
20.143	2
20.158	2
20.19	2
20.232	2
20.25	2
20.273	2
20.278	3
20.298	3
20.404	3
20.421	3
20.459	3
20.5	3
20.502	3
20.556	3
20.567	3
20.61	3
20.654	3
20.736	3
20.743	3
20.76	3
20.77	3
20.822	3
20.9	3
20.946	3
20.985	3
21.045	3
21.127	3
21.231	3
21.239	3
21.3	3
21.509	3
21.845	3
22.255	3
22.533	3
22.698	3
22.765	3
23.294	3
23.547	3
27.221	3
27.726	3
31.873	3
19.868	1
19.929	1
20.014	1
20.052	1
20.066	1
20.101	1
20.109	1
20.111	2
20.118	2
20.128	2
20.135	2
20.143	2
20.158	2
20.19	2
20.232	2
20.25	2
20.273	2
20.278	2
20.298	2
20.404	2
20.421	2
20.459	2
20.5	2
20.502	3
20.556	3
20.567	3
20.61	3
20.654	3
20.736	3
20.743	3
20.76	3
20.77	3
20.822	3
20.9	3
20.946	3
20.985	3
21.045	3
21.127	3
21.231	3
21.239	3
21.3	3
21.509	3
21.845	3
22.255	3
22.533	3
22.698	3
22.765	3
23.294	3
23.547	3
27.221	3
27.726	3
31.873	3
19.868	1
19.929	1
20.014	1
20.052	1
20.066	1
20.101	1
20.109	2
20.111	2
20.118	2
20.128	2
20.135	2
20.143	2
20.158	2
20.19	2
20.232	2
20.25	2
20.273	2
20.278	2
20.298	2
20.404	2
20.421	2
20.459	2
20.5	2
20.502	2
20.556	2
20.567	2
20.61	2
20.654	2
20.736	2
20.743	2
20.76	2
20.77	2
20.822	2
20.9	2
20.946	2
20.985	3
21.045	3
21.127	3
21.231	3
21.239	3
21.3	3
21.509	3
21.845	3
22.255	3
22.533	3
22.698	3
22.765	3
23.294	3
23.547	3
27.221	3
27.726	3
31.873	3
19.825	1
19.854	1
19.868	2
19.929	2
20.014	2
20.052	2
20.066	2
20.101	2
20.109	2
20.111	2
20.118	2
20.128	2
20.135	2
20.143	2
20.158	2
20.19	2
20.232	2
20.25	2
20.273	3
20.278	3
20.298	3
20.404	3
20.421	3
20.459	3
20.5	3
20.502	3
20.556	3
20.567	3
20.61	4
20.654	4
20.736	4
20.743	4
20.76	4
20.77	4
20.822	4
20.9	4
20.946	4
20.985	4
21.045	4
21.127	4
21.231	4
21.239	4
21.3	4
21.509	4
21.845	4
22.255	4
22.533	4
22.698	4
22.765	4
23.294	4
23.547	3
27.221	3
27.726	3
31.873	3
