0.023	1.1363636363636365
0.043	1.1333333333333333
0.053	1.1555555555555554
0.15	1.1896551724137931
0.29	1.2535211267605635
0.33	1.3411764705882352
0.34	1.3529411764705883
0.53	1.3647058823529412
0.6	1.39
0.64	1.5523809523809524
0.71	1.5471698113207548
0.74	1.654867256637168
0.95	1.663716814159292
0.99	1.6725663716814159
1.0	1.6814159292035398
1.1	1.8571428571428572
1.2	1.8487394957983194
1.3	2.074380165289256
1.4	2.309917355371901
1.5	2.322314049586777
1.6	2.325102880658436
1.7	2.3278688524590163
2.2	2.3360655737704916
2.3	2.3278688524590163
3.1	2.319672131147541
4.7	2.4603174603174605
4.9	2.609375
6.4	2.7734375
6.9	2.765625
9.1	2.9921875
10.0	3
