0.3299999999999983	1
0.33800000000000097	1
0.532	1
0.5970000000000013	1
0.6400000000000006	1
0.7109999999999985	1
0.7409999999999997	2
0.9460000000000015	2
0.9879999999999995	2
1.0100000000000016	2
1.0519999999999996	2
1.2270000000000003	2
1.2989999999999995	2
1.3539999999999992	2
1.3979999999999997	2
1.5109999999999992	2
1.6050000000000004	2
1.625	2
1.6990000000000016	2
2.247	2
2.346	2
3.1469999999999985	2
4.707000000000001	2
4.875	2
6.359000000000002	2
6.920000000000002	2
9.099	3
10.484000000000002	3
1.2989999999999995	1
1.3539999999999992	2
1.3979999999999997	2
1.5109999999999992	2
1.6050000000000004	2
1.625	2
1.6990000000000016	2
2.247	2
2.346	2
3.1469999999999985	2
4.707000000000001	2
4.875	2
6.359000000000002	2
6.920000000000002	2
9.099	3
10.484000000000002	3
0.1490000000000009	1
0.28600000000000136	1
0.3299999999999983	2
0.33800000000000097	2
0.532	2
0.5970000000000013	2
0.6400000000000006	2
0.7109999999999985	2
0.7409999999999997	3
0.9460000000000015	3
0.9879999999999995	3
1.0100000000000016	3
1.0519999999999996	3
1.2270000000000003	3
1.2989999999999995	3
1.3539999999999992	3
1.3979999999999997	3
1.5109999999999992	3
1.6050000000000004	3
1.625	3
1.6990000000000016	3
2.247	3
2.346	3
3.1469999999999985	3
4.707000000000001	3
4.875	3
6.359000000000002	3
6.920000000000002	3
9.099	3
10.484000000000002	3
0.1490000000000009	1
0.28600000000000136	2
0.3299999999999983	2
0.33800000000000097	2
0.532	2
0.5970000000000013	2
0.6400000000000006	2
0.7109999999999985	2
0.7409999999999997	2
0.9460000000000015	2
0.9879999999999995	2
1.0100000000000016	2
1.0519999999999996	2
1.2270000000000003	2
1.2989999999999995	2
1.3539999999999992	3
1.3979999999999997	3
1.5109999999999992	3
1.6050000000000004	3
1.625	3
1.6990000000000016	3
2.247	3
2.346	3
3.1469999999999985	3
4.707000000000001	3
4.875	3
6.359000000000002	3
6.920000000000002	3
9.099	3
10.484000000000002	3
0.022999999999999687	1
0.04299999999999926	1
0.053000000000000824	1
0.1490000000000009	1
0.28600000000000136	1
0.3299999999999983	1
0.33800000000000097	1
0.532	1
0.5970000000000013	1
0.6400000000000006	1
0.7109999999999985	1
0.7409999999999997	1
0.9460000000000015	1
0.9879999999999995	1
1.0100000000000016	1
1.0519999999999996	1
1.2270000000000003	1
1.2989999999999995	1
1.3539999999999992	2
1.3979999999999997	2
1.5109999999999992	2
1.6050000000000004	2
1.625	2
1.6990000000000016	2
2.247	2
2.346	2
3.1469999999999985	2
4.707000000000001	2
4.875	2
6.359000000000002	2
6.920000000000002	2
9.099	3
10.484000000000002	3
0.3299999999999983	1
0.33800000000000097	1
0.532	1
0.5970000000000013	1
0.6400000000000006	1
0.7109999999999985	1
0.7409999999999997	1
0.9460000000000015	1
0.9879999999999995	1
1.0100000000000016	1
1.0519999999999996	1
1.2270000000000003	1
1.2989999999999995	1
1.3539999999999992	1
1.3979999999999997	1
1.5109999999999992	1
1.6050000000000004	1
1.625	1
1.6990000000000016	1
2.247	1
2.346	1
3.1469999999999985	1
4.707000000000001	2
4.875	2
6.359000000000002	2
6.920000000000002	2
9.099	3
10.484000000000002	3
0.022999999999999687	1
0.04299999999999926	1
0.053000000000000824	1
0.1490000000000009	1
0.28600000000000136	1
0.3299999999999983	1
0.33800000000000097	1
0.532	1
0.5970000000000013	1
0.6400000000000006	1
0.7109999999999985	1
0.7409999999999997	1
0.9460000000000015	1
0.9879999999999995	1
1.0100000000000016	1
1.0519999999999996	1
1.2270000000000003	1
1.2989999999999995	1
1.3539999999999992	2
1.3979999999999997	2
1.5109999999999992	2
1.6050000000000004	2
1.625	2
1.6990000000000016	2
2.247	2
2.346	2
3.1469999999999985	2
4.707000000000001	2
4.875	2
6.359000000000002	2
6.920000000000002	2
9.099	3
10.484000000000002	3
0.022999999999999687	1
0.04299999999999926	1
0.053000000000000824	1
0.1490000000000009	1
0.28600000000000136	1
0.3299999999999983	1
0.33800000000000097	1
0.532	1
0.5970000000000013	2
0.6400000000000006	2
0.7109999999999985	2
0.7409999999999997	2
0.9460000000000015	2
0.9879999999999995	2
1.0100000000000016	2
1.0519999999999996	2
1.2270000000000003	2
1.2989999999999995	2
1.3539999999999992	2
1.3979999999999997	2
1.5109999999999992	2
1.6050000000000004	2
1.625	2
1.6990000000000016	2
2.247	2
2.346	2
3.1469999999999985	2
4.707000000000001	2
4.875	2
6.359000000000002	3
6.920000000000002	3
9.099	3
10.484000000000002	3
0.3299999999999983	1
0.33800000000000097	1
0.532	1
0.5970000000000013	1
0.6400000000000006	1
0.7109999999999985	1
0.7409999999999997	2
0.9460000000000015	2
0.9879999999999995	2
1.0100000000000016	2
1.0519999999999996	2
1.2270000000000003	2
1.2989999999999995	3
1.3539999999999992	3
1.3979999999999997	3
1.5109999999999992	3
1.6050000000000004	3
1.625	3
1.6990000000000016	3
2.247	3
2.346	3
3.1469999999999985	3
4.707000000000001	3
4.875	3
6.359000000000002	3
6.920000000000002	3
9.099	3
10.484000000000002	3
0.6400000000000006	1
0.7109999999999985	1
0.7409999999999997	1
0.9460000000000015	1
0.9879999999999995	1
1.0100000000000016	1
1.0519999999999996	1
1.2270000000000003	1
1.2989999999999995	1
1.3539999999999992	2
1.3979999999999997	2
1.5109999999999992	2
1.6050000000000004	2
1.625	2
1.6990000000000016	2
2.247	2
2.346	2
3.1469999999999985	2
4.707000000000001	2
4.875	3
6.359000000000002	3
6.920000000000002	3
9.099	3
10.484000000000002	3
0.5970000000000013	1
0.6400000000000006	1
0.7109999999999985	1
0.7409999999999997	1
0.9460000000000015	1
0.9879999999999995	1
1.0100000000000016	1
1.0519999999999996	2
1.2270000000000003	2
1.2989999999999995	3
1.3539999999999992	3
1.3979999999999997	3
1.5109999999999992	3
1.6050000000000004	3
1.625	3
1.6990000000000016	3
2.247	3
2.346	3
3.1469999999999985	3
4.707000000000001	3
4.875	3
6.359000000000002	3
6.920000000000002	3
9.099	3
10.484000000000002	3
0.022999999999999687	1
0.04299999999999926	1
0.053000000000000824	1
0.1490000000000009	1
0.28600000000000136	2
0.3299999999999983	2
0.33800000000000097	2
0.532	2
0.5970000000000013	2
0.6400000000000006	2
0.7109999999999985	2
0.7409999999999997	2
0.9460000000000015	2
0.9879999999999995	2
1.0100000000000016	2
1.0519999999999996	2
1.2270000000000003	2
1.2989999999999995	2
1.3539999999999992	2
1.3979999999999997	2
1.5109999999999992	2
1.6050000000000004	2
1.625	2
1.6990000000000016	2
2.247	2
2.346	2
3.1469999999999985	2
4.707000000000001	2
4.875	2
6.359000000000002	2
6.920000000000002	2
9.099	3
10.484000000000002	3
0.28600000000000136	1
0.3299999999999983	2
0.33800000000000097	2
0.532	2
0.5970000000000013	2
0.6400000000000006	3
0.7109999999999985	3
0.7409999999999997	3
0.9460000000000015	3
0.9879999999999995	3
1.0100000000000016	3
1.0519999999999996	3
1.2270000000000003	3
1.2989999999999995	3
1.3539999999999992	3
1.3979999999999997	3
1.5109999999999992	3
1.6050000000000004	3
1.625	3
1.6990000000000016	3
2.247	3
2.346	3
3.1469999999999985	3
4.707000000000001	3
4.875	3
6.359000000000002	3
6.920000000000002	3
9.099	3
10.484000000000002	3
0.7409999999999997	1
0.9460000000000015	1
0.9879999999999995	1
1.0100000000000016	1
1.0519999999999996	1
1.2270000000000003	1
1.2989999999999995	1
1.3539999999999992	2
1.3979999999999997	2
1.5109999999999992	2
1.6050000000000004	2
1.625	2
1.6990000000000016	2
2.247	3
2.346	3
3.1469999999999985	3
4.707000000000001	3
4.875	3
6.359000000000002	3
6.920000000000002	3
9.099	3
10.484000000000002	3
0.1490000000000009	1
0.28600000000000136	1
0.3299999999999983	2
0.33800000000000097	2
0.532	2
0.5970000000000013	2
0.6400000000000006	2
0.7109999999999985	2
0.7409999999999997	3
0.9460000000000015	3
0.9879999999999995	3
1.0100000000000016	3
1.0519999999999996	3
1.2270000000000003	3
1.2989999999999995	3
1.3539999999999992	3
1.3979999999999997	3
1.5109999999999992	3
1.6050000000000004	3
1.625	3
1.6990000000000016	3
2.247	3
2.346	3
3.1469999999999985	3
4.707000000000001	3
4.875	3
6.359000000000002	3
6.920000000000002	3
9.099	3
10.484000000000002	3
0.3299999999999983	1
0.33800000000000097	1
0.532	1
0.5970000000000013	1
0.6400000000000006	1
0.7109999999999985	1
0.7409999999999997	1
0.9460000000000015	1
0.9879999999999995	1
1.0100000000000016	1
1.0519999999999996	1
1.2270000000000003	1
1.2989999999999995	1
1.3539999999999992	2
1.3979999999999997	2
1.5109999999999992	2
1.6050000000000004	2
1.625	2
1.6990000000000016	2
2.247	2
2.346	2
3.1469999999999985	2
4.707000000000001	2
4.875	2
6.359000000000002	2
6.920000000000002	2
9.099	3
10.484000000000002	3
0.3299999999999983	1
0.33800000000000097	1
0.532	1
0.5970000000000013	1
0.6400000000000006	2
0.7109999999999985	2
0.7409999999999997	2
0.9460000000000015	2
0.9879999999999995	2
1.0100000000000016	2
1.0519999999999996	2
1.2270000000000003	2
1.2989999999999995	2
1.3539999999999992	2
1.3979999999999997	2
1.5109999999999992	2
1.6050000000000004	2
1.625	2
1.6990000000000016	2
2.247	2
2.346	2
3.1469999999999985	2
4.707000000000001	2
4.875	2
6.359000000000002	2
6.920000000000002	2
9.099	3
10.484000000000002	3
0.022999999999999687	1
0.04299999999999926	1
0.053000000000000824	1
0.1490000000000009	1
0.28600000000000136	1
0.3299999999999983	1
0.33800000000000097	1
0.532	1
0.5970000000000013	1
0.6400000000000006	1
0.7109999999999985	1
0.7409999999999997	1
0.9460000000000015	1
0.9879999999999995	1
1.0100000000000016	1
1.0519999999999996	2
1.2270000000000003	2
1.2989999999999995	2
1.3539999999999992	2
1.3979999999999997	2
1.5109999999999992	2
1.6050000000000004	2
1.625	2
1.6990000000000016	2
2.247	2
2.346	2
3.1469999999999985	2
4.707000000000001	2
4.875	2
6.359000000000002	3
6.920000000000002	3
9.099	3
10.484000000000002	3
0.5970000000000013	1
0.6400000000000006	1
0.7109999999999985	1
0.7409999999999997	2
0.9460000000000015	2
0.9879999999999995	2
1.0100000000000016	2
1.0519999999999996	2
1.2270000000000003	2
1.2989999999999995	2
1.3539999999999992	2
1.3979999999999997	2
1.5109999999999992	2
1.6050000000000004	2
1.625	2
1.6990000000000016	2
2.247	2
2.346	2
3.1469999999999985	2
4.707000000000001	2
4.875	3
6.359000000000002	3
6.920000000000002	3
9.099	3
10.484000000000002	3
0.3299999999999983	1
0.33800000000000097	1
0.532	1
0.5970000000000013	1
0.6400000000000006	1
0.7109999999999985	1
0.7409999999999997	2
0.9460000000000015	2
0.9879999999999995	2
1.0100000000000016	2
1.0519999999999996	2
1.2270000000000003	2
1.2989999999999995	2
1.3539999999999992	2
1.3979999999999997	2
1.5109999999999992	2
1.6050000000000004	2
1.625	2
1.6990000000000016	2
2.247	2
2.346	2
3.1469999999999985	2
4.707000000000001	3
4.875	3
6.359000000000002	3
6.920000000000002	3
9.099	3
10.484000000000002	3
4.707000000000001	1
4.875	2
6.359000000000002	2
6.920000000000002	2
9.099	3
10.484000000000002	3
0.022999999999999687	1
0.04299999999999926	1
0.053000000000000824	1
0.1490000000000009	1
0.28600000000000136	1
0.3299999999999983	1
0.33800000000000097	1
0.532	1
0.5970000000000013	1
0.6400000000000006	1
0.7109999999999985	1
0.7409999999999997	1
0.9460000000000015	1
0.9879999999999995	1
1.0100000000000016	1
1.0519999999999996	2
1.2270000000000003	2
1.2989999999999995	3
1.3539999999999992	3
1.3979999999999997	3
1.5109999999999992	3
1.6050000000000004	3
1.625	3
1.6990000000000016	3
2.247	3
2.346	3
3.1469999999999985	3
4.707000000000001	3
4.875	3
6.359000000000002	3
6.920000000000002	3
9.099	3
10.484000000000002	3
0.022999999999999687	2
0.04299999999999926	2
0.053000000000000824	2
0.1490000000000009	2
0.28600000000000136	2
0.3299999999999983	2
0.33800000000000097	2
0.532	2
0.5970000000000013	2
0.6400000000000006	2
0.7109999999999985	2
0.7409999999999997	2
0.9460000000000015	2
0.9879999999999995	2
1.0100000000000016	2
1.0519999999999996	2
1.2270000000000003	2
1.2989999999999995	3
1.3539999999999992	3
1.3979999999999997	3
1.5109999999999992	3
1.6050000000000004	3
1.625	3
1.6990000000000016	3
2.247	3
2.346	3
3.1469999999999985	3
4.707000000000001	3
4.875	3
6.359000000000002	3
6.920000000000002	3
9.099	3
10.484000000000002	3
0.3299999999999983	1
0.33800000000000097	1
0.532	1
0.5970000000000013	2
0.6400000000000006	2
0.7109999999999985	2
0.7409999999999997	2
0.9460000000000015	2
0.9879999999999995	2
1.0100000000000016	2
1.0519999999999996	2
1.2270000000000003	2
1.2989999999999995	2
1.3539999999999992	3
1.3979999999999997	3
1.5109999999999992	3
1.6050000000000004	3
1.625	3
1.6990000000000016	3
2.247	3
2.346	3
3.1469999999999985	3
4.707000000000001	3
4.875	3
6.359000000000002	3
6.920000000000002	3
9.099	3
10.484000000000002	3
0.5970000000000013	1
0.6400000000000006	2
0.7109999999999985	2
0.7409999999999997	3
0.9460000000000015	3
0.9879999999999995	3
1.0100000000000016	3
1.0519999999999996	3
1.2270000000000003	3
1.2989999999999995	3
1.3539999999999992	3
1.3979999999999997	3
1.5109999999999992	3
1.6050000000000004	3
1.625	3
1.6990000000000016	3
2.247	3
2.346	3
3.1469999999999985	3
4.707000000000001	3
4.875	3
6.359000000000002	3
6.920000000000002	3
9.099	3
10.484000000000002	3
1.0519999999999996	1
1.2270000000000003	1
1.2989999999999995	2
1.3539999999999992	2
1.3979999999999997	2
1.5109999999999992	2
1.6050000000000004	2
1.625	2
1.6990000000000016	2
2.247	2
2.346	2
3.1469999999999985	2
4.707000000000001	2
4.875	2
6.359000000000002	2
6.920000000000002	2
9.099	3
10.484000000000002	3
0.022999999999999687	1
0.04299999999999926	1
0.053000000000000824	1
0.1490000000000009	1
0.28600000000000136	2
0.3299999999999983	2
0.33800000000000097	2
0.532	2
0.5970000000000013	2
0.6400000000000006	2
0.7109999999999985	2
0.7409999999999997	2
0.9460000000000015	2
0.9879999999999995	2
1.0100000000000016	2
1.0519999999999996	2
1.2270000000000003	2
1.2989999999999995	2
1.3539999999999992	2
1.3979999999999997	2
1.5109999999999992	2
1.6050000000000004	2
1.625	2
1.6990000000000016	2
2.247	2
2.346	2
3.1469999999999985	2
4.707000000000001	2
4.875	2
6.359000000000002	2
6.920000000000002	2
9.099	3
10.484000000000002	3
0.1490000000000009	1
0.28600000000000136	1
0.3299999999999983	2
0.33800000000000097	2
0.532	2
0.5970000000000013	2
0.6400000000000006	2
0.7109999999999985	2
0.7409999999999997	2
0.9460000000000015	2
0.9879999999999995	2
1.0100000000000016	2
1.0519999999999996	2
1.2270000000000003	2
1.2989999999999995	2
1.3539999999999992	2
1.3979999999999997	2
1.5109999999999992	2
1.6050000000000004	2
1.625	2
1.6990000000000016	2
2.247	2
2.346	2
3.1469999999999985	2
4.707000000000001	2
4.875	3
6.359000000000002	3
6.920000000000002	3
9.099	3
10.484000000000002	3
0.04299999999999926	1
0.053000000000000824	1
0.1490000000000009	1
0.28600000000000136	1
0.3299999999999983	1
0.33800000000000097	1
0.532	1
0.5970000000000013	1
0.6400000000000006	2
0.7109999999999985	2
0.7409999999999997	2
0.9460000000000015	2
0.9879999999999995	2
1.0100000000000016	2
1.0519999999999996	2
1.2270000000000003	2
1.2989999999999995	2
1.3539999999999992	2
1.3979999999999997	2
1.5109999999999992	2
1.6050000000000004	2
1.625	2
1.6990000000000016	2
2.247	2
2.346	2
3.1469999999999985	2
4.707000000000001	2
4.875	3
6.359000000000002	3
6.920000000000002	3
9.099	3
10.484000000000002	3
0.022999999999999687	2
0.04299999999999926	2
0.053000000000000824	2
0.1490000000000009	2
0.28600000000000136	2
0.3299999999999983	2
0.33800000000000097	2
0.532	2
0.5970000000000013	2
0.6400000000000006	3
0.7109999999999985	3
0.7409999999999997	3
0.9460000000000015	3
0.9879999999999995	3
1.0100000000000016	3
1.0519999999999996	3
1.2270000000000003	3
1.2989999999999995	3
1.3539999999999992	3
1.3979999999999997	3
1.5109999999999992	3
1.6050000000000004	3
1.625	3
1.6990000000000016	3
2.247	3
2.346	3
3.1469999999999985	3
4.707000000000001	3
4.875	3
6.359000000000002	3
6.920000000000002	3
9.099	3
10.484000000000002	3
0.022999999999999687	1
0.04299999999999926	1
0.053000000000000824	1
0.1490000000000009	1
0.28600000000000136	1
0.3299999999999983	1
0.33800000000000097	1
0.532	1
0.5970000000000013	2
0.6400000000000006	2
0.7109999999999985	2
0.7409999999999997	2
0.9460000000000015	2
0.9879999999999995	2
1.0100000000000016	2
1.0519999999999996	2
1.2270000000000003	2
1.2989999999999995	2
1.3539999999999992	2
1.3979999999999997	2
1.5109999999999992	2
1.6050000000000004	2
1.625	2
1.6990000000000016	2
2.247	2
2.346	2
3.1469999999999985	2
4.707000000000001	2
4.875	2
6.359000000000002	2
6.920000000000002	2
9.099	3
10.484000000000002	3
0.28600000000000136	1
0.3299999999999983	1
0.33800000000000097	1
0.532	1
0.5970000000000013	1
0.6400000000000006	1
0.7109999999999985	1
0.7409999999999997	1
0.9460000000000015	1
0.9879999999999995	1
1.0100000000000016	1
1.0519999999999996	2
1.2270000000000003	2
1.2989999999999995	3
1.3539999999999992	3
1.3979999999999997	3
1.5109999999999992	3
1.6050000000000004	3
1.625	3
1.6990000000000016	3
2.247	3
2.346	3
3.1469999999999985	3
4.707000000000001	3
4.875	3
6.359000000000002	3
6.920000000000002	3
9.099	3
10.484000000000002	3
0.5970000000000013	1
0.6400000000000006	1
0.7109999999999985	1
0.7409999999999997	1
0.9460000000000015	1
0.9879999999999995	1
1.0100000000000016	1
1.0519999999999996	1
1.2270000000000003	1
1.2989999999999995	1
1.3539999999999992	1
1.3979999999999997	1
1.5109999999999992	1
1.6050000000000004	1
1.625	1
1.6990000000000016	1
2.247	1
2.346	1
3.1469999999999985	1
4.707000000000001	1
4.875	2
6.359000000000002	2
6.920000000000002	2
9.099	3
10.484000000000002	3
0.7109999999999985	1
0.7409999999999997	1
0.9460000000000015	1
0.9879999999999995	1
1.0100000000000016	1
1.0519999999999996	2
1.2270000000000003	2
1.2989999999999995	2
1.3539999999999992	2
1.3979999999999997	2
1.5109999999999992	2
1.6050000000000004	2
1.625	2
1.6990000000000016	2
2.247	2
2.346	2
3.1469999999999985	2
4.707000000000001	2
4.875	2
6.359000000000002	2
6.920000000000002	2
9.099	3
10.484000000000002	3
0.28600000000000136	1
0.3299999999999983	1
0.33800000000000097	1
0.532	1
0.5970000000000013	1
0.6400000000000006	1
0.7109999999999985	1
0.7409999999999997	1
0.9460000000000015	1
0.9879999999999995	1
1.0100000000000016	1
1.0519999999999996	1
1.2270000000000003	1
1.2989999999999995	1
1.3539999999999992	1
1.3979999999999997	1
1.5109999999999992	1
1.6050000000000004	1
1.625	1
1.6990000000000016	1
2.247	1
2.346	1
3.1469999999999985	1
4.707000000000001	1
4.875	2
6.359000000000002	2
6.920000000000002	2
9.099	3
10.484000000000002	3
0.5970000000000013	1
0.6400000000000006	1
0.7109999999999985	1
0.7409999999999997	2
0.9460000000000015	2
0.9879999999999995	2
1.0100000000000016	2
1.0519999999999996	2
1.2270000000000003	2
1.2989999999999995	2
1.3539999999999992	2
1.3979999999999997	2
1.5109999999999992	2
1.6050000000000004	2
1.625	2
1.6990000000000016	2
2.247	2
2.346	2
3.1469999999999985	2
4.707000000000001	3
4.875	3
6.359000000000002	3
6.920000000000002	3
9.099	3
10.484000000000002	3
0.3299999999999983	1
0.33800000000000097	1
0.532	1
0.5970000000000013	1
0.6400000000000006	2
0.7109999999999985	2
0.7409999999999997	2
0.9460000000000015	2
0.9879999999999995	2
1.0100000000000016	2
1.0519999999999996	2
1.2270000000000003	2
1.2989999999999995	2
1.3539999999999992	2
1.3979999999999997	2
1.5109999999999992	2
1.6050000000000004	2
1.625	2
1.6990000000000016	2
2.247	2
2.346	2
3.1469999999999985	2
4.707000000000001	3
4.875	3
6.359000000000002	3
6.920000000000002	3
9.099	3
10.484000000000002	3
0.6400000000000006	1
0.7109999999999985	1
0.7409999999999997	1
0.9460000000000015	1
0.9879999999999995	1
1.0100000000000016	1
1.0519999999999996	1
1.2270000000000003	1
1.2989999999999995	1
1.3539999999999992	1
1.3979999999999997	1
1.5109999999999992	1
1.6050000000000004	1
1.625	1
1.6990000000000016	1
2.247	1
2.346	1
3.1469999999999985	1
4.707000000000001	1
4.875	1
6.359000000000002	2
6.920000000000002	2
9.099	3
10.484000000000002	3
0.28600000000000136	1
0.3299999999999983	1
0.33800000000000097	1
0.532	1
0.5970000000000013	1
0.6400000000000006	1
0.7109999999999985	1
0.7409999999999997	1
0.9460000000000015	1
0.9879999999999995	1
1.0100000000000016	1
1.0519999999999996	2
1.2270000000000003	2
1.2989999999999995	3
1.3539999999999992	3
1.3979999999999997	3
1.5109999999999992	3
1.6050000000000004	3
1.625	3
1.6990000000000016	3
2.247	3
2.346	3
3.1469999999999985	3
4.707000000000001	3
4.875	3
6.359000000000002	3
6.920000000000002	3
9.099	3
10.484000000000002	3
4.875	1
6.359000000000002	2
6.920000000000002	2
9.099	3
10.484000000000002	3
0.022999999999999687	1
0.04299999999999926	1
0.053000000000000824	1
0.1490000000000009	1
0.28600000000000136	1
0.3299999999999983	1
0.33800000000000097	1
0.532	1
0.5970000000000013	1
0.6400000000000006	2
0.7109999999999985	2
0.7409999999999997	2
0.9460000000000015	2
0.9879999999999995	2
1.0100000000000016	2
1.0519999999999996	2
1.2270000000000003	2
1.2989999999999995	2
1.3539999999999992	2
1.3979999999999997	2
1.5109999999999992	2
1.6050000000000004	2
1.625	2
1.6990000000000016	2
2.247	2
2.346	2
3.1469999999999985	2
4.707000000000001	2
4.875	2
6.359000000000002	3
6.920000000000002	3
9.099	3
10.484000000000002	3
0.1490000000000009	1
0.28600000000000136	1
0.3299999999999983	1
0.33800000000000097	1
0.532	1
0.5970000000000013	1
0.6400000000000006	1
0.7109999999999985	1
0.7409999999999997	1
0.9460000000000015	1
0.9879999999999995	1
1.0100000000000016	1
1.0519999999999996	2
1.2270000000000003	2
1.2989999999999995	3
1.3539999999999992	3
1.3979999999999997	3
1.5109999999999992	3
1.6050000000000004	3
1.625	3
1.6990000000000016	3
2.247	3
2.346	3
3.1469999999999985	3
4.707000000000001	3
4.875	3
6.359000000000002	3
6.920000000000002	3
9.099	3
10.484000000000002	3
0.5970000000000013	1
0.6400000000000006	1
0.7109999999999985	1
0.7409999999999997	1
0.9460000000000015	1
0.9879999999999995	1
1.0100000000000016	1
1.0519999999999996	2
1.2270000000000003	2
1.2989999999999995	2
1.3539999999999992	2
1.3979999999999997	2
1.5109999999999992	2
1.6050000000000004	2
1.625	2
1.6990000000000016	2
2.247	2
2.346	2
3.1469999999999985	2
4.707000000000001	2
4.875	2
6.359000000000002	3
6.920000000000002	3
9.099	3
10.484000000000002	3
0.022999999999999687	1
0.04299999999999926	1
0.053000000000000824	1
0.1490000000000009	1
0.28600000000000136	1
0.3299999999999983	2
0.33800000000000097	2
0.532	2
0.5970000000000013	2
0.6400000000000006	2
0.7109999999999985	2
0.7409999999999997	3
0.9460000000000015	3
0.9879999999999995	3
1.0100000000000016	3
1.0519999999999996	3
1.2270000000000003	3
1.2989999999999995	3
1.3539999999999992	3
1.3979999999999997	3
1.5109999999999992	3
1.6050000000000004	3
1.625	3
1.6990000000000016	3
2.247	3
2.346	3
3.1469999999999985	3
4.707000000000001	3
4.875	3
6.359000000000002	3
6.920000000000002	3
9.099	3
10.484000000000002	3
4.875	1
6.359000000000002	2
6.920000000000002	2
9.099	3
10.484000000000002	3
0.1490000000000009	1
0.28600000000000136	1
0.3299999999999983	2
0.33800000000000097	2
0.532	2
0.5970000000000013	2
0.6400000000000006	2
0.7109999999999985	2
0.7409999999999997	2
0.9460000000000015	2
0.9879999999999995	2
1.0100000000000016	2
1.0519999999999996	2
1.2270000000000003	2
1.2989999999999995	2
1.3539999999999992	2
1.3979999999999997	2
1.5109999999999992	2
1.6050000000000004	2
1.625	2
1.6990000000000016	2
2.247	2
2.346	2
3.1469999999999985	2
4.707000000000001	2
4.875	2
6.359000000000002	2
6.920000000000002	2
9.099	3
10.484000000000002	3
0.022999999999999687	1
0.04299999999999926	1
0.053000000000000824	1
0.1490000000000009	1
0.28600000000000136	1
0.3299999999999983	1
0.33800000000000097	1
0.532	1
0.5970000000000013	2
0.6400000000000006	3
0.7109999999999985	3
0.7409999999999997	3
0.9460000000000015	3
0.9879999999999995	3
1.0100000000000016	3
1.0519999999999996	3
1.2270000000000003	3
1.2989999999999995	3
1.3539999999999992	3
1.3979999999999997	3
1.5109999999999992	3
1.6050000000000004	3
1.625	3
1.6990000000000016	3
2.247	3
2.346	3
3.1469999999999985	3
4.707000000000001	3
4.875	3
6.359000000000002	3
6.920000000000002	3
9.099	3
10.484000000000002	3
0.022999999999999687	1
0.04299999999999926	1
0.053000000000000824	1
0.1490000000000009	1
0.28600000000000136	1
0.3299999999999983	1
0.33800000000000097	1
0.532	2
0.5970000000000013	2
0.6400000000000006	2
0.7109999999999985	2
0.7409999999999997	2
0.9460000000000015	2
0.9879999999999995	3
1.0100000000000016	3
1.0519999999999996	3
1.2270000000000003	3
1.2989999999999995	3
1.3539999999999992	3
1.3979999999999997	3
1.5109999999999992	3
1.6050000000000004	3
1.625	3
1.6990000000000016	3
2.247	3
2.346	3
3.1469999999999985	2
4.707000000000001	2
4.875	2
6.359000000000002	3
6.920000000000002	3
9.099	3
10.484000000000002	3
1.0519999999999996	1
1.2270000000000003	1
1.2989999999999995	1
1.3539999999999992	1
1.3979999999999997	1
1.5109999999999992	1
1.6050000000000004	1
1.625	1
1.6990000000000016	1
2.247	1
2.346	1
3.1469999999999985	1
4.707000000000001	2
4.875	2
6.359000000000002	2
6.920000000000002	2
9.099	3
10.484000000000002	3
1.0519999999999996	1
1.2270000000000003	1
1.2989999999999995	1
1.3539999999999992	1
1.3979999999999997	1
1.5109999999999992	1
1.6050000000000004	1
1.625	1
1.6990000000000016	1
2.247	1
2.346	1
3.1469999999999985	1
4.707000000000001	2
4.875	2
6.359000000000002	2
6.920000000000002	2
9.099	3
10.484000000000002	3
0.022999999999999687	1
0.04299999999999926	1
0.053000000000000824	1
0.1490000000000009	1
0.28600000000000136	2
0.3299999999999983	2
0.33800000000000097	2
0.532	2
0.5970000000000013	2
0.6400000000000006	2
0.7109999999999985	2
0.7409999999999997	2
0.9460000000000015	2
0.9879999999999995	2
1.0100000000000016	2
1.0519999999999996	2
1.2270000000000003	2
1.2989999999999995	2
1.3539999999999992	2
1.3979999999999997	2
1.5109999999999992	2
1.6050000000000004	2
1.625	2
1.6990000000000016	2
2.247	2
2.346	2
3.1469999999999985	2
4.707000000000001	2
4.875	2
6.359000000000002	2
6.920000000000002	2
9.099	3
10.484000000000002	3
1.2989999999999995	1
1.3539999999999992	2
1.3979999999999997	2
1.5109999999999992	2
1.6050000000000004	2
1.625	2
1.6990000000000016	2
2.247	2
2.346	2
3.1469999999999985	2
4.707000000000001	2
4.875	3
6.359000000000002	3
6.920000000000002	3
9.099	3
10.484000000000002	3
4.707000000000001	1
4.875	2
6.359000000000002	3
6.920000000000002	3
9.099	3
10.484000000000002	3
0.022999999999999687	1
0.04299999999999926	1
0.053000000000000824	1
0.1490000000000009	2
0.28600000000000136	2
0.3299999999999983	2
0.33800000000000097	2
0.532	2
0.5970000000000013	2
0.6400000000000006	2
0.7109999999999985	2
0.7409999999999997	2
0.9460000000000015	2
0.9879999999999995	2
1.0100000000000016	2
1.0519999999999996	2
1.2270000000000003	2
1.2989999999999995	2
1.3539999999999992	2
1.3979999999999997	2
1.5109999999999992	2
1.6050000000000004	2
1.625	2
1.6990000000000016	2
2.247	2
2.346	2
3.1469999999999985	2
4.707000000000001	3
4.875	3
6.359000000000002	3
6.920000000000002	3
9.099	3
10.484000000000002	3
0.7409999999999997	1
0.9460000000000015	1
0.9879999999999995	1
1.0100000000000016	1
1.0519999999999996	1
1.2270000000000003	1
1.2989999999999995	2
1.3539999999999992	3
1.3979999999999997	3
1.5109999999999992	3
1.6050000000000004	3
1.625	3
1.6990000000000016	3
2.247	3
2.346	3
3.1469999999999985	3
4.707000000000001	3
4.875	3
6.359000000000002	3
6.920000000000002	3
9.099	3
10.484000000000002	3
0.5970000000000013	1
0.6400000000000006	2
0.7109999999999985	2
0.7409999999999997	2
0.9460000000000015	2
0.9879999999999995	2
1.0100000000000016	2
1.0519999999999996	2
1.2270000000000003	2
1.2989999999999995	2
1.3539999999999992	3
1.3979999999999997	3
1.5109999999999992	3
1.6050000000000004	3
1.625	3
1.6990000000000016	3
2.247	3
2.346	3
3.1469999999999985	3
4.707000000000001	3
4.875	3
6.359000000000002	3
6.920000000000002	3
9.099	3
10.484000000000002	3
0.022999999999999687	1
0.04299999999999926	1
0.053000000000000824	1
0.1490000000000009	1
0.28600000000000136	1
0.3299999999999983	2
0.33800000000000097	2
0.532	2
0.5970000000000013	2
0.6400000000000006	2
0.7109999999999985	2
0.7409999999999997	2
0.9460000000000015	2
0.9879999999999995	2
1.0100000000000016	2
1.0519999999999996	2
1.2270000000000003	2
1.2989999999999995	2
1.3539999999999992	2
1.3979999999999997	2
1.5109999999999992	2
1.6050000000000004	2
1.625	2
1.6990000000000016	2
2.247	2
2.346	2
3.1469999999999985	2
4.707000000000001	2
4.875	2
6.359000000000002	3
6.920000000000002	3
9.099	3
10.484000000000002	3
0.7409999999999997	1
0.9460000000000015	1
0.9879999999999995	1
1.0100000000000016	1
1.0519999999999996	2
1.2270000000000003	2
1.2989999999999995	2
1.3539999999999992	2
1.3979999999999997	3
1.5109999999999992	3
1.6050000000000004	3
1.625	3
1.6990000000000016	3
2.247	3
2.346	3
3.1469999999999985	3
4.707000000000001	3
4.875	3
6.359000000000002	3
6.920000000000002	3
9.099	3
10.484000000000002	3
1.625	1
1.6990000000000016	2
2.247	2
2.346	2
3.1469999999999985	2
4.707000000000001	3
4.875	3
6.359000000000002	3
6.920000000000002	3
9.099	3
10.484000000000002	3
0.022999999999999687	1
0.04299999999999926	1
0.053000000000000824	1
0.1490000000000009	1
0.28600000000000136	1
0.3299999999999983	1
0.33800000000000097	1
0.532	1
0.5970000000000013	1
0.6400000000000006	1
0.7109999999999985	1
0.7409999999999997	1
0.9460000000000015	1
0.9879999999999995	1
1.0100000000000016	1
1.0519999999999996	2
1.2270000000000003	2
1.2989999999999995	3
1.3539999999999992	3
1.3979999999999997	3
1.5109999999999992	3
1.6050000000000004	3
1.625	3
1.6990000000000016	3
2.247	3
2.346	3
3.1469999999999985	3
4.707000000000001	3
4.875	3
6.359000000000002	3
6.920000000000002	3
9.099	3
10.484000000000002	3
0.28600000000000136	1
0.3299999999999983	1
0.33800000000000097	1
0.532	1
0.5970000000000013	1
0.6400000000000006	1
0.7109999999999985	1
0.7409999999999997	1
0.9460000000000015	1
0.9879999999999995	1
1.0100000000000016	1
1.0519999999999996	1
1.2270000000000003	1
1.2989999999999995	1
1.3539999999999992	1
1.3979999999999997	1
1.5109999999999992	1
1.6050000000000004	1
1.625	1
1.6990000000000016	1
2.247	1
2.346	1
3.1469999999999985	1
4.707000000000001	1
4.875	1
6.359000000000002	2
6.920000000000002	2
9.099	3
10.484000000000002	3
0.1490000000000009	1
0.28600000000000136	1
0.3299999999999983	2
0.33800000000000097	2
0.532	2
0.5970000000000013	2
0.6400000000000006	2
0.7109999999999985	2
0.7409999999999997	2
0.9460000000000015	2
0.9879999999999995	2
1.0100000000000016	2
1.0519999999999996	2
1.2270000000000003	2
1.2989999999999995	2
1.3539999999999992	3
1.3979999999999997	3
1.5109999999999992	3
1.6050000000000004	3
1.625	3
1.6990000000000016	3
2.247	3
2.346	3
3.1469999999999985	3
4.707000000000001	3
4.875	3
6.359000000000002	3
6.920000000000002	3
9.099	3
10.484000000000002	3
0.022999999999999687	1
0.04299999999999926	1
0.053000000000000824	1
0.1490000000000009	1
0.28600000000000136	1
0.3299999999999983	1
0.33800000000000097	1
0.532	1
0.5970000000000013	1
0.6400000000000006	2
0.7109999999999985	2
0.7409999999999997	2
0.9460000000000015	2
0.9879999999999995	2
1.0100000000000016	2
1.0519999999999996	2
1.2270000000000003	2
1.2989999999999995	2
1.3539999999999992	2
1.3979999999999997	2
1.5109999999999992	2
1.6050000000000004	2
1.625	2
1.6990000000000016	2
2.247	2
2.346	2
3.1469999999999985	2
4.707000000000001	2
4.875	2
6.359000000000002	3
6.920000000000002	3
9.099	3
10.484000000000002	3
0.022999999999999687	1
0.04299999999999926	1
0.053000000000000824	1
0.1490000000000009	1
0.28600000000000136	1
0.3299999999999983	1
0.33800000000000097	1
0.532	1
0.5970000000000013	1
0.6400000000000006	1
0.7109999999999985	1
0.7409999999999997	1
0.9460000000000015	1
0.9879999999999995	1
1.0100000000000016	1
1.0519999999999996	2
1.2270000000000003	2
1.2989999999999995	2
1.3539999999999992	2
1.3979999999999997	2
1.5109999999999992	2
1.6050000000000004	2
1.625	2
1.6990000000000016	2
2.247	2
2.346	2
3.1469999999999985	2
4.707000000000001	2
4.875	2
6.359000000000002	3
6.920000000000002	3
9.099	3
10.484000000000002	3
0.5970000000000013	1
0.6400000000000006	1
0.7109999999999985	1
0.7409999999999997	1
0.9460000000000015	1
0.9879999999999995	1
1.0100000000000016	1
1.0519999999999996	1
1.2270000000000003	1
1.2989999999999995	1
1.3539999999999992	1
1.3979999999999997	1
1.5109999999999992	1
1.6050000000000004	1
1.625	1
1.6990000000000016	1
2.247	1
2.346	1
3.1469999999999985	1
4.707000000000001	2
4.875	3
6.359000000000002	3
6.920000000000002	3
9.099	3
10.484000000000002	3
0.7409999999999997	1
0.9460000000000015	1
0.9879999999999995	1
1.0100000000000016	1
1.0519999999999996	1
1.2270000000000003	1
1.2989999999999995	1
1.3539999999999992	2
1.3979999999999997	2
1.5109999999999992	2
1.6050000000000004	2
1.625	2
1.6990000000000016	2
2.247	2
2.346	2
3.1469999999999985	2
4.707000000000001	2
4.875	2
6.359000000000002	3
6.920000000000002	3
9.099	3
10.484000000000002	3
0.5970000000000013	1
0.6400000000000006	1
0.7109999999999985	1
0.7409999999999997	1
0.9460000000000015	1
0.9879999999999995	1
1.0100000000000016	1
1.0519999999999996	1
1.2270000000000003	1
1.2989999999999995	1
1.3539999999999992	1
1.3979999999999997	1
1.5109999999999992	1
1.6050000000000004	1
1.625	1
1.6990000000000016	1
2.247	1
2.346	1
3.1469999999999985	1
4.707000000000001	2
4.875	3
6.359000000000002	3
6.920000000000002	3
9.099	3
10.484000000000002	3
0.022999999999999687	1
0.04299999999999926	1
0.053000000000000824	1
0.1490000000000009	1
0.28600000000000136	2
0.3299999999999983	2
0.33800000000000097	2
0.532	2
0.5970000000000013	2
0.6400000000000006	2
0.7109999999999985	2
0.7409999999999997	2
0.9460000000000015	2
0.9879999999999995	2
1.0100000000000016	2
1.0519999999999996	2
1.2270000000000003	2
1.2989999999999995	3
1.3539999999999992	3
1.3979999999999997	3
1.5109999999999992	3
1.6050000000000004	3
1.625	3
1.6990000000000016	3
2.247	3
2.346	3
3.1469999999999985	3
4.707000000000001	3
4.875	3
6.359000000000002	3
6.920000000000002	3
9.099	3
10.484000000000002	3
0.022999999999999687	2
0.04299999999999926	2
0.053000000000000824	2
0.1490000000000009	2
0.28600000000000136	2
0.3299999999999983	2
0.33800000000000097	2
0.532	2
0.5970000000000013	2
0.6400000000000006	3
0.7109999999999985	3
0.7409999999999997	3
0.9460000000000015	3
0.9879999999999995	3
1.0100000000000016	3
1.0519999999999996	3
1.2270000000000003	3
1.2989999999999995	3
1.3539999999999992	3
1.3979999999999997	3
1.5109999999999992	3
1.6050000000000004	3
1.625	3
1.6990000000000016	3
2.247	3
2.346	3
3.1469999999999985	3
4.707000000000001	3
4.875	3
6.359000000000002	3
6.920000000000002	3
9.099	3
10.484000000000002	3
0.28600000000000136	1
0.3299999999999983	1
0.33800000000000097	1
0.532	1
0.5970000000000013	1
0.6400000000000006	1
0.7109999999999985	1
0.7409999999999997	1
0.9460000000000015	1
0.9879999999999995	1
1.0100000000000016	1
1.0519999999999996	2
1.2270000000000003	2
1.2989999999999995	3
1.3539999999999992	3
1.3979999999999997	3
1.5109999999999992	3
1.6050000000000004	3
1.625	3
1.6990000000000016	3
2.247	3
2.346	3
3.1469999999999985	3
4.707000000000001	3
4.875	3
6.359000000000002	3
6.920000000000002	3
9.099	3
10.484000000000002	3
0.3299999999999983	1
0.33800000000000097	1
0.532	1
0.5970000000000013	1
0.6400000000000006	1
0.7109999999999985	1
0.7409999999999997	2
0.9460000000000015	2
0.9879999999999995	2
1.0100000000000016	2
1.0519999999999996	2
1.2270000000000003	2
1.2989999999999995	2
1.3539999999999992	2
1.3979999999999997	2
1.5109999999999992	2
1.6050000000000004	2
1.625	2
1.6990000000000016	2
2.247	2
2.346	2
3.1469999999999985	2
4.707000000000001	2
4.875	2
6.359000000000002	3
6.920000000000002	3
9.099	3
10.484000000000002	3
0.7409999999999997	1
0.9460000000000015	1
0.9879999999999995	1
1.0100000000000016	1
1.0519999999999996	2
1.2270000000000003	2
1.2989999999999995	3
1.3539999999999992	3
1.3979999999999997	3
1.5109999999999992	3
1.6050000000000004	3
1.625	3
1.6990000000000016	3
2.247	3
2.346	3
3.1469999999999985	3
4.707000000000001	3
4.875	3
6.359000000000002	3
6.920000000000002	3
9.099	3
10.484000000000002	3
0.1490000000000009	1
0.28600000000000136	1
0.3299999999999983	1
0.33800000000000097	1
0.532	1
0.5970000000000013	1
0.6400000000000006	1
0.7109999999999985	1
0.7409999999999997	1
0.9460000000000015	1
0.9879999999999995	1
1.0100000000000016	1
1.0519999999999996	2
1.2270000000000003	2
1.2989999999999995	2
1.3539999999999992	2
1.3979999999999997	2
1.5109999999999992	2
1.6050000000000004	2
1.625	2
1.6990000000000016	2
2.247	2
2.346	2
3.1469999999999985	2
4.707000000000001	3
4.875	3
6.359000000000002	3
6.920000000000002	3
9.099	3
10.484000000000002	3
0.6400000000000006	1
0.7109999999999985	1
0.7409999999999997	1
0.9460000000000015	1
0.9879999999999995	1
1.0100000000000016	1
1.0519999999999996	1
1.2270000000000003	1
1.2989999999999995	2
1.3539999999999992	2
1.3979999999999997	2
1.5109999999999992	2
1.6050000000000004	2
1.625	2
1.6990000000000016	2
2.247	2
2.346	2
3.1469999999999985	2
4.707000000000001	2
4.875	2
6.359000000000002	2
6.920000000000002	2
9.099	3
10.484000000000002	3
0.022999999999999687	1
0.04299999999999926	1
0.053000000000000824	1
0.1490000000000009	2
0.28600000000000136	2
0.3299999999999983	2
0.33800000000000097	2
0.532	2
0.5970000000000013	2
0.6400000000000006	2
0.7109999999999985	2
0.7409999999999997	2
0.9460000000000015	2
0.9879999999999995	2
1.0100000000000016	2
1.0519999999999996	2
1.2270000000000003	2
1.2989999999999995	2
1.3539999999999992	3
1.3979999999999997	3
1.5109999999999992	3
1.6050000000000004	3
1.625	3
1.6990000000000016	3
2.247	3
2.346	3
3.1469999999999985	3
4.707000000000001	3
4.875	3
6.359000000000002	3
6.920000000000002	3
9.099	3
10.484000000000002	3
0.5970000000000013	1
0.6400000000000006	1
0.7109999999999985	1
0.7409999999999997	1
0.9460000000000015	1
0.9879999999999995	1
1.0100000000000016	1
1.0519999999999996	1
1.2270000000000003	1
1.2989999999999995	1
1.3539999999999992	2
1.3979999999999997	2
1.5109999999999992	2
1.6050000000000004	2
1.625	2
1.6990000000000016	2
2.247	2
2.346	2
3.1469999999999985	2
4.707000000000001	2
4.875	2
6.359000000000002	2
6.920000000000002	2
9.099	3
10.484000000000002	3
0.1490000000000009	1
0.28600000000000136	1
0.3299999999999983	2
0.33800000000000097	2
0.532	2
0.5970000000000013	2
0.6400000000000006	2
0.7109999999999985	2
0.7409999999999997	3
0.9460000000000015	3
0.9879999999999995	3
1.0100000000000016	3
1.0519999999999996	3
1.2270000000000003	3
1.2989999999999995	3
1.3539999999999992	3
1.3979999999999997	3
1.5109999999999992	3
1.6050000000000004	3
1.625	3
1.6990000000000016	3
2.247	3
2.346	3
3.1469999999999985	3
4.707000000000001	3
4.875	3
6.359000000000002	3
6.920000000000002	3
9.099	3
10.484000000000002	3
0.6400000000000006	1
0.7109999999999985	1
0.7409999999999997	1
0.9460000000000015	1
0.9879999999999995	1
1.0100000000000016	1
1.0519999999999996	1
1.2270000000000003	1
1.2989999999999995	1
1.3539999999999992	2
1.3979999999999997	2
1.5109999999999992	2
1.6050000000000004	2
1.625	2
1.6990000000000016	2
2.247	2
2.346	2
3.1469999999999985	2
4.707000000000001	3
4.875	3
6.359000000000002	3
6.920000000000002	3
9.099	3
10.484000000000002	3
0.3299999999999983	1
0.33800000000000097	1
0.532	1
0.5970000000000013	1
0.6400000000000006	1
0.7109999999999985	1
0.7409999999999997	1
0.9460000000000015	1
0.9879999999999995	1
1.0100000000000016	1
1.0519999999999996	2
1.2270000000000003	2
1.2989999999999995	2
1.3539999999999992	3
1.3979999999999997	3
1.5109999999999992	3
1.6050000000000004	3
1.625	3
1.6990000000000016	3
2.247	3
2.346	3
3.1469999999999985	3
4.707000000000001	3
4.875	3
6.359000000000002	3
6.920000000000002	3
9.099	3
10.484000000000002	3
0.022999999999999687	1
0.04299999999999926	1
0.053000000000000824	1
0.1490000000000009	1
0.28600000000000136	1
0.3299999999999983	1
0.33800000000000097	1
0.532	1
0.5970000000000013	1
0.6400000000000006	1
0.7109999999999985	1
0.7409999999999997	1
0.9460000000000015	1
0.9879999999999995	1
1.0100000000000016	2
1.0519999999999996	2
1.2270000000000003	2
1.2989999999999995	2
1.3539999999999992	2
1.3979999999999997	2
1.5109999999999992	2
1.6050000000000004	2
1.625	2
1.6990000000000016	2
2.247	2
2.346	2
3.1469999999999985	2
4.707000000000001	2
4.875	3
6.359000000000002	3
6.920000000000002	3
9.099	3
10.484000000000002	3
0.5970000000000013	1
0.6400000000000006	2
0.7109999999999985	2
0.7409999999999997	2
0.9460000000000015	2
0.9879999999999995	2
1.0100000000000016	2
1.0519999999999996	3
1.2270000000000003	3
1.2989999999999995	3
1.3539999999999992	3
1.3979999999999997	3
1.5109999999999992	3
1.6050000000000004	3
1.625	3
1.6990000000000016	3
2.247	3
2.346	3
3.1469999999999985	3
4.707000000000001	3
4.875	3
6.359000000000002	3
6.920000000000002	3
9.099	3
10.484000000000002	3
0.022999999999999687	1
0.04299999999999926	1
0.053000000000000824	1
0.1490000000000009	1
0.28600000000000136	1
0.3299999999999983	1
0.33800000000000097	1
0.532	1
0.5970000000000013	1
0.6400000000000006	2
0.7109999999999985	2
0.7409999999999997	2
0.9460000000000015	2
0.9879999999999995	2
1.0100000000000016	2
1.0519999999999996	2
1.2270000000000003	2
1.2989999999999995	2
1.3539999999999992	3
1.3979999999999997	3
1.5109999999999992	3
1.6050000000000004	3
1.625	3
1.6990000000000016	3
2.247	3
2.346	3
3.1469999999999985	3
4.707000000000001	3
4.875	3
6.359000000000002	3
6.920000000000002	3
9.099	3
10.484000000000002	3
0.6400000000000006	1
0.7109999999999985	1
0.7409999999999997	1
0.9460000000000015	2
0.9879999999999995	2
1.0100000000000016	2
1.0519999999999996	2
1.2270000000000003	2
1.2989999999999995	2
1.3539999999999992	2
1.3979999999999997	2
1.5109999999999992	2
1.6050000000000004	2
1.625	2
1.6990000000000016	2
2.247	2
2.346	2
3.1469999999999985	2
4.707000000000001	2
4.875	2
6.359000000000002	2
6.920000000000002	2
9.099	2
10.484000000000002	3
4.707000000000001	1
4.875	2
6.359000000000002	2
6.920000000000002	2
9.099	3
10.484000000000002	3
1.0519999999999996	1
1.2270000000000003	1
1.2989999999999995	2
1.3539999999999992	2
1.3979999999999997	2
1.5109999999999992	2
1.6050000000000004	3
1.625	3
1.6990000000000016	3
2.247	3
2.346	3
3.1469999999999985	3
4.707000000000001	3
4.875	3
6.359000000000002	3
6.920000000000002	3
9.099	3
10.484000000000002	3
0.3299999999999983	1
0.33800000000000097	1
0.532	1
0.5970000000000013	2
0.6400000000000006	2
0.7109999999999985	2
0.7409999999999997	2
0.9460000000000015	2
0.9879999999999995	2
1.0100000000000016	2
1.0519999999999996	2
1.2270000000000003	2
1.2989999999999995	2
1.3539999999999992	2
1.3979999999999997	2
1.5109999999999992	2
1.6050000000000004	2
1.625	2
1.6990000000000016	2
2.247	2
2.346	2
3.1469999999999985	2
4.707000000000001	2
4.875	2
6.359000000000002	3
6.920000000000002	3
9.099	3
10.484000000000002	3
0.022999999999999687	1
0.04299999999999926	1
0.053000000000000824	1
0.1490000000000009	1
0.28600000000000136	1
0.3299999999999983	1
0.33800000000000097	1
0.532	1
0.5970000000000013	1
0.6400000000000006	1
0.7109999999999985	1
0.7409999999999997	1
0.9460000000000015	1
0.9879999999999995	1
1.0100000000000016	1
1.0519999999999996	1
1.2270000000000003	1
1.2989999999999995	1
1.3539999999999992	2
1.3979999999999997	2
1.5109999999999992	2
1.6050000000000004	2
1.625	2
1.6990000000000016	2
2.247	2
2.346	2
3.1469999999999985	2
4.707000000000001	3
4.875	3
6.359000000000002	3
6.920000000000002	3
9.099	3
10.484000000000002	3
0.28600000000000136	1
0.3299999999999983	1
0.33800000000000097	1
0.532	1
0.5970000000000013	1
0.6400000000000006	1
0.7109999999999985	1
0.7409999999999997	1
0.9460000000000015	1
0.9879999999999995	1
1.0100000000000016	1
1.0519999999999996	2
1.2270000000000003	2
1.2989999999999995	3
1.3539999999999992	3
1.3979999999999997	3
1.5109999999999992	3
1.6050000000000004	3
1.625	3
1.6990000000000016	3
2.247	3
2.346	3
3.1469999999999985	3
4.707000000000001	3
4.875	3
6.359000000000002	3
6.920000000000002	3
9.099	3
10.484000000000002	3
0.022999999999999687	1
0.04299999999999926	1
0.053000000000000824	1
0.1490000000000009	2
0.28600000000000136	2
0.3299999999999983	2
0.33800000000000097	2
0.532	2
0.5970000000000013	2
0.6400000000000006	2
0.7109999999999985	2
0.7409999999999997	3
0.9460000000000015	3
0.9879999999999995	3
1.0100000000000016	3
1.0519999999999996	3
1.2270000000000003	3
1.2989999999999995	3
1.3539999999999992	3
1.3979999999999997	3
1.5109999999999992	3
1.6050000000000004	3
1.625	3
1.6990000000000016	3
2.247	3
2.346	3
3.1469999999999985	3
4.707000000000001	3
4.875	3
6.359000000000002	3
6.920000000000002	3
9.099	3
10.484000000000002	3
0.5970000000000013	1
0.6400000000000006	1
0.7109999999999985	1
0.7409999999999997	1
0.9460000000000015	1
0.9879999999999995	1
1.0100000000000016	1
1.0519999999999996	1
1.2270000000000003	1
1.2989999999999995	2
1.3539999999999992	2
1.3979999999999997	2
1.5109999999999992	2
1.6050000000000004	2
1.625	2
1.6990000000000016	2
2.247	2
2.346	2
3.1469999999999985	2
4.707000000000001	2
4.875	3
6.359000000000002	3
6.920000000000002	3
9.099	3
10.484000000000002	3
0.022999999999999687	1
0.04299999999999926	1
0.053000000000000824	1
0.1490000000000009	1
0.28600000000000136	1
0.3299999999999983	1
0.33800000000000097	1
0.532	1
0.5970000000000013	1
0.6400000000000006	1
0.7109999999999985	1
0.7409999999999997	1
0.9460000000000015	1
0.9879999999999995	1
1.0100000000000016	1
1.0519999999999996	1
1.2270000000000003	1
1.2989999999999995	2
1.3539999999999992	2
1.3979999999999997	2
1.5109999999999992	2
1.6050000000000004	2
1.625	2
1.6990000000000016	2
2.247	2
2.346	2
3.1469999999999985	2
4.707000000000001	3
4.875	3
6.359000000000002	3
6.920000000000002	3
9.099	3
10.484000000000002	3
4.707000000000001	1
4.875	2
6.359000000000002	2
6.920000000000002	2
9.099	3
10.484000000000002	3
0.3299999999999983	1
0.33800000000000097	1
0.532	1
0.5970000000000013	1
0.6400000000000006	1
0.7109999999999985	1
0.7409999999999997	1
0.9460000000000015	1
0.9879999999999995	1
1.0100000000000016	1
1.0519999999999996	1
1.2270000000000003	1
1.2989999999999995	1
1.3539999999999992	2
1.3979999999999997	2
1.5109999999999992	2
1.6050000000000004	2
1.625	2
1.6990000000000016	2
2.247	2
2.346	2
3.1469999999999985	2
4.707000000000001	3
4.875	3
6.359000000000002	3
6.920000000000002	3
9.099	3
10.484000000000002	3
0.022999999999999687	1
0.04299999999999926	1
0.053000000000000824	1
0.1490000000000009	1
0.28600000000000136	1
0.3299999999999983	1
0.33800000000000097	1
0.532	1
0.5970000000000013	1
0.6400000000000006	2
0.7109999999999985	2
0.7409999999999997	2
0.9460000000000015	2
0.9879999999999995	2
1.0100000000000016	2
1.0519999999999996	2
1.2270000000000003	2
1.2989999999999995	2
1.3539999999999992	3
1.3979999999999997	3
1.5109999999999992	3
1.6050000000000004	3
1.625	3
1.6990000000000016	3
2.247	3
2.346	3
3.1469999999999985	3
4.707000000000001	3
4.875	3
6.359000000000002	3
6.920000000000002	3
9.099	3
10.484000000000002	3
0.7409999999999997	1
0.9460000000000015	1
0.9879999999999995	1
1.0100000000000016	1
1.0519999999999996	2
1.2270000000000003	2
1.2989999999999995	3
1.3539999999999992	3
1.3979999999999997	3
1.5109999999999992	3
1.6050000000000004	3
1.625	3
1.6990000000000016	3
2.247	3
2.346	3
3.1469999999999985	3
4.707000000000001	3
4.875	3
6.359000000000002	3
6.920000000000002	3
9.099	3
10.484000000000002	3
0.5970000000000013	1
0.6400000000000006	1
0.7109999999999985	1
0.7409999999999997	1
0.9460000000000015	1
0.9879999999999995	1
1.0100000000000016	1
1.0519999999999996	1
1.2270000000000003	1
1.2989999999999995	2
1.3539999999999992	2
1.3979999999999997	2
1.5109999999999992	2
1.6050000000000004	2
1.625	2
1.6990000000000016	2
2.247	2
2.346	2
3.1469999999999985	2
4.707000000000001	3
4.875	3
6.359000000000002	3
6.920000000000002	3
9.099	3
10.484000000000002	3
0.3299999999999983	1
0.33800000000000097	1
0.532	1
0.5970000000000013	1
0.6400000000000006	1
0.7109999999999985	1
0.7409999999999997	1
0.9460000000000015	1
0.9879999999999995	1
1.0100000000000016	1
1.0519999999999996	1
1.2270000000000003	1
1.2989999999999995	1
1.3539999999999992	1
1.3979999999999997	1
1.5109999999999992	1
1.6050000000000004	1
1.625	1
1.6990000000000016	1
2.247	1
2.346	1
3.1469999999999985	1
4.707000000000001	2
4.875	3
6.359000000000002	3
6.920000000000002	3
9.099	3
10.484000000000002	3
0.022999999999999687	1
0.04299999999999926	1
0.053000000000000824	1
0.1490000000000009	1
0.28600000000000136	1
0.3299999999999983	1
0.33800000000000097	1
0.532	1
0.5970000000000013	2
0.6400000000000006	2
0.7109999999999985	2
0.7409999999999997	2
0.9460000000000015	2
0.9879999999999995	2
1.0100000000000016	2
1.0519999999999996	3
1.2270000000000003	3
1.2989999999999995	3
1.3539999999999992	3
1.3979999999999997	3
1.5109999999999992	3
1.6050000000000004	3
1.625	3
1.6990000000000016	3
2.247	3
2.346	3
3.1469999999999985	3
4.707000000000001	3
4.875	3
6.359000000000002	3
6.920000000000002	3
9.099	3
10.484000000000002	3
0.022999999999999687	1
0.04299999999999926	1
0.053000000000000824	1
0.1490000000000009	1
0.28600000000000136	1
0.3299999999999983	1
0.33800000000000097	2
0.532	2
0.5970000000000013	2
0.6400000000000006	3
0.7109999999999985	3
0.7409999999999997	3
0.9460000000000015	3
0.9879999999999995	3
1.0100000000000016	3
1.0519999999999996	3
1.2270000000000003	3
1.2989999999999995	3
1.3539999999999992	3
1.3979999999999997	3
1.5109999999999992	3
1.6050000000000004	3
1.625	3
1.6990000000000016	3
2.247	3
2.346	3
3.1469999999999985	3
4.707000000000001	3
4.875	3
6.359000000000002	3
6.920000000000002	3
9.099	3
10.484000000000002	3
0.28600000000000136	1
0.3299999999999983	1
0.33800000000000097	1
0.532	1
0.5970000000000013	1
0.6400000000000006	1
0.7109999999999985	1
0.7409999999999997	1
0.9460000000000015	1
0.9879999999999995	1
1.0100000000000016	1
1.0519999999999996	2
1.2270000000000003	2
1.2989999999999995	3
1.3539999999999992	3
1.3979999999999997	3
1.5109999999999992	3
1.6050000000000004	3
1.625	3
1.6990000000000016	3
2.247	3
2.346	3
3.1469999999999985	3
4.707000000000001	3
4.875	3
6.359000000000002	3
6.920000000000002	3
9.099	3
10.484000000000002	3
0.1490000000000009	1
0.28600000000000136	1
0.3299999999999983	1
0.33800000000000097	1
0.532	1
0.5970000000000013	1
0.6400000000000006	1
0.7109999999999985	1
0.7409999999999997	1
0.9460000000000015	1
0.9879999999999995	1
1.0100000000000016	1
1.0519999999999996	1
1.2270000000000003	1
1.2989999999999995	1
1.3539999999999992	1
1.3979999999999997	1
1.5109999999999992	1
1.6050000000000004	1
1.625	1
1.6990000000000016	1
2.247	1
2.346	1
3.1469999999999985	1
4.707000000000001	2
4.875	3
6.359000000000002	3
6.920000000000002	3
9.099	3
10.484000000000002	3
0.022999999999999687	1
0.04299999999999926	1
0.053000000000000824	1
0.1490000000000009	1
0.28600000000000136	1
0.3299999999999983	1
0.33800000000000097	1
0.532	1
0.5970000000000013	1
0.6400000000000006	2
0.7109999999999985	2
0.7409999999999997	2
0.9460000000000015	2
0.9879999999999995	2
1.0100000000000016	2
1.0519999999999996	3
1.2270000000000003	3
1.2989999999999995	3
1.3539999999999992	3
1.3979999999999997	3
1.5109999999999992	3
1.6050000000000004	3
1.625	3
1.6990000000000016	3
2.247	3
2.346	3
3.1469999999999985	3
4.707000000000001	3
4.875	3
6.359000000000002	3
6.920000000000002	3
9.099	3
10.484000000000002	3
0.1490000000000009	1
0.28600000000000136	1
0.3299999999999983	1
0.33800000000000097	1
0.532	1
0.5970000000000013	1
0.6400000000000006	2
0.7109999999999985	2
0.7409999999999997	2
0.9460000000000015	2
0.9879999999999995	2
1.0100000000000016	2
1.0519999999999996	3
1.2270000000000003	3
1.2989999999999995	3
1.3539999999999992	3
1.3979999999999997	3
1.5109999999999992	3
1.6050000000000004	3
1.625	3
1.6990000000000016	3
2.247	3
2.346	3
3.1469999999999985	3
4.707000000000001	3
4.875	3
6.359000000000002	3
6.920000000000002	3
9.099	3
10.484000000000002	3
0.022999999999999687	2
0.04299999999999926	2
0.053000000000000824	2
0.1490000000000009	2
0.28600000000000136	2
0.3299999999999983	2
0.33800000000000097	2
0.532	2
0.5970000000000013	2
0.6400000000000006	2
0.7109999999999985	2
0.7409999999999997	2
0.9460000000000015	2
0.9879999999999995	2
1.0100000000000016	2
1.0519999999999996	2
1.2270000000000003	2
1.2989999999999995	2
1.3539999999999992	2
1.3979999999999997	2
1.5109999999999992	2
1.6050000000000004	2
1.625	2
1.6990000000000016	2
2.247	2
2.346	2
3.1469999999999985	2
4.707000000000001	2
4.875	3
6.359000000000002	3
6.920000000000002	3
9.099	3
10.484000000000002	3
0.1490000000000009	1
0.28600000000000136	1
0.3299999999999983	1
0.33800000000000097	1
0.532	1
0.5970000000000013	1
0.6400000000000006	1
0.7109999999999985	1
0.7409999999999997	1
0.9460000000000015	1
0.9879999999999995	1
1.0100000000000016	1
1.0519999999999996	1
1.2270000000000003	1
1.2989999999999995	1
1.3539999999999992	2
1.3979999999999997	2
1.5109999999999992	2
1.6050000000000004	2
1.625	2
1.6990000000000016	2
2.247	2
2.346	2
3.1469999999999985	2
4.707000000000001	3
4.875	3
6.359000000000002	3
6.920000000000002	3
9.099	3
10.484000000000002	3
0.5970000000000013	1
0.6400000000000006	1
0.7109999999999985	1
0.7409999999999997	2
0.9460000000000015	2
0.9879999999999995	2
1.0100000000000016	2
1.0519999999999996	2
1.2270000000000003	2
1.2989999999999995	2
1.3539999999999992	2
1.3979999999999997	2
1.5109999999999992	2
1.6050000000000004	2
1.625	2
1.6990000000000016	2
2.247	2
2.346	2
3.1469999999999985	2
4.707000000000001	2
4.875	3
6.359000000000002	3
6.920000000000002	3
9.099	3
10.484000000000002	3
0.022999999999999687	2
0.04299999999999926	2
0.053000000000000824	2
0.1490000000000009	2
0.28600000000000136	3
0.3299999999999983	3
0.33800000000000097	3
0.532	3
0.5970000000000013	3
0.6400000000000006	3
0.7109999999999985	3
0.7409999999999997	3
0.9460000000000015	3
0.9879999999999995	3
1.0100000000000016	3
1.0519999999999996	3
1.2270000000000003	3
1.2989999999999995	3
1.3539999999999992	3
1.3979999999999997	3
1.5109999999999992	3
1.6050000000000004	3
1.625	3
1.6990000000000016	3
2.247	3
2.346	2
3.1469999999999985	2
4.707000000000001	2
4.875	3
6.359000000000002	3
6.920000000000002	3
9.099	3
10.484000000000002	3
0.28600000000000136	1
0.3299999999999983	1
0.33800000000000097	1
0.532	1
0.5970000000000013	1
0.6400000000000006	1
0.7109999999999985	1
0.7409999999999997	1
0.9460000000000015	1
0.9879999999999995	1
1.0100000000000016	1
1.0519999999999996	1
1.2270000000000003	1
1.2989999999999995	2
1.3539999999999992	2
1.3979999999999997	2
1.5109999999999992	2
1.6050000000000004	2
1.625	2
1.6990000000000016	2
2.247	2
2.346	2
3.1469999999999985	2
4.707000000000001	2
4.875	3
6.359000000000002	3
6.920000000000002	3
9.099	3
10.484000000000002	3
0.5970000000000013	1
0.6400000000000006	1
0.7109999999999985	1
0.7409999999999997	1
0.9460000000000015	1
0.9879999999999995	1
1.0100000000000016	1
1.0519999999999996	2
1.2270000000000003	2
1.2989999999999995	2
1.3539999999999992	3
1.3979999999999997	3
1.5109999999999992	3
1.6050000000000004	3
1.625	3
1.6990000000000016	3
2.247	3
2.346	3
3.1469999999999985	3
4.707000000000001	3
4.875	3
6.359000000000002	3
6.920000000000002	3
9.099	3
10.484000000000002	3
0.3299999999999983	1
0.33800000000000097	1
0.532	1
0.5970000000000013	1
0.6400000000000006	1
0.7109999999999985	1
0.7409999999999997	1
0.9460000000000015	1
0.9879999999999995	1
1.0100000000000016	1
1.0519999999999996	1
1.2270000000000003	1
1.2989999999999995	2
1.3539999999999992	3
1.3979999999999997	3
1.5109999999999992	3
1.6050000000000004	3
1.625	3
1.6990000000000016	3
2.247	3
2.346	3
3.1469999999999985	3
4.707000000000001	3
4.875	3
6.359000000000002	3
6.920000000000002	3
9.099	3
10.484000000000002	3
1.0519999999999996	1
1.2270000000000003	1
1.2989999999999995	2
1.3539999999999992	2
1.3979999999999997	2
1.5109999999999992	2
1.6050000000000004	2
1.625	2
1.6990000000000016	2
2.247	2
2.346	2
3.1469999999999985	2
4.707000000000001	3
4.875	3
6.359000000000002	3
6.920000000000002	3
9.099	3
10.484000000000002	3
0.28600000000000136	1
0.3299999999999983	2
0.33800000000000097	2
0.532	2
0.5970000000000013	2
0.6400000000000006	2
0.7109999999999985	2
0.7409999999999997	3
0.9460000000000015	3
0.9879999999999995	3
1.0100000000000016	3
1.0519999999999996	3
1.2270000000000003	3
1.2989999999999995	3
1.3539999999999992	3
1.3979999999999997	3
1.5109999999999992	3
1.6050000000000004	3
1.625	3
1.6990000000000016	3
2.247	3
2.346	3
3.1469999999999985	3
4.707000000000001	3
4.875	3
6.359000000000002	3
6.920000000000002	3
9.099	3
10.484000000000002	3
0.28600000000000136	1
0.3299999999999983	1
0.33800000000000097	1
0.532	1
0.5970000000000013	2
0.6400000000000006	2
0.7109999999999985	2
0.7409999999999997	2
0.9460000000000015	2
0.9879999999999995	2
1.0100000000000016	2
1.0519999999999996	2
1.2270000000000003	2
1.2989999999999995	2
1.3539999999999992	3
1.3979999999999997	3
1.5109999999999992	4
1.6050000000000004	4
1.625	4
1.6990000000000016	4
2.247	4
2.346	4
3.1469999999999985	4
4.707000000000001	4
4.875	4
6.359000000000002	4
6.920000000000002	3
9.099	3
10.484000000000002	3
1.0519999999999996	1
1.2270000000000003	1
1.2989999999999995	1
1.3539999999999992	1
1.3979999999999997	1
1.5109999999999992	1
1.6050000000000004	1
1.625	1
1.6990000000000016	1
2.247	1
2.346	1
3.1469999999999985	1
4.707000000000001	2
4.875	3
6.359000000000002	3
6.920000000000002	3
9.099	3
10.484000000000002	3
0.28600000000000136	1
0.3299999999999983	1
0.33800000000000097	1
0.532	1
0.5970000000000013	1
0.6400000000000006	1
0.7109999999999985	1
0.7409999999999997	1
0.9460000000000015	1
0.9879999999999995	1
1.0100000000000016	1
1.0519999999999996	2
1.2270000000000003	2
1.2989999999999995	3
1.3539999999999992	3
1.3979999999999997	3
1.5109999999999992	3
1.6050000000000004	3
1.625	3
1.6990000000000016	3
2.247	3
2.346	3
3.1469999999999985	3
4.707000000000001	3
4.875	3
6.359000000000002	3
6.920000000000002	3
9.099	3
10.484000000000002	3
0.022999999999999687	1
0.04299999999999926	1
0.053000000000000824	1
0.1490000000000009	1
0.28600000000000136	1
0.3299999999999983	1
0.33800000000000097	1
0.532	1
0.5970000000000013	1
0.6400000000000006	2
0.7109999999999985	2
0.7409999999999997	3
0.9460000000000015	3
0.9879999999999995	3
1.0100000000000016	3
1.0519999999999996	3
1.2270000000000003	3
1.2989999999999995	3
1.3539999999999992	3
1.3979999999999997	3
1.5109999999999992	3
1.6050000000000004	3
1.625	3
1.6990000000000016	3
2.247	3
2.346	3
3.1469999999999985	3
4.707000000000001	3
4.875	3
6.359000000000002	3
6.920000000000002	3
9.099	3
10.484000000000002	3
0.022999999999999687	1
0.04299999999999926	1
0.053000000000000824	1
0.1490000000000009	1
0.28600000000000136	1
0.3299999999999983	2
0.33800000000000097	2
0.532	2
0.5970000000000013	2
0.6400000000000006	2
0.7109999999999985	2
0.7409999999999997	2
0.9460000000000015	2
0.9879999999999995	2
1.0100000000000016	2
1.0519999999999996	2
1.2270000000000003	2
1.2989999999999995	2
1.3539999999999992	2
1.3979999999999997	2
1.5109999999999992	2
1.6050000000000004	2
1.625	2
1.6990000000000016	2
2.247	2
2.346	2
3.1469999999999985	2
4.707000000000001	2
4.875	2
6.359000000000002	3
6.920000000000002	3
9.099	3
10.484000000000002	3
0.022999999999999687	1
0.04299999999999926	1
0.053000000000000824	1
0.1490000000000009	1
0.28600000000000136	1
0.3299999999999983	1
0.33800000000000097	1
0.532	1
0.5970000000000013	1
0.6400000000000006	1
0.7109999999999985	1
0.7409999999999997	1
0.9460000000000015	1
0.9879999999999995	1
1.0100000000000016	1
1.0519999999999996	1
1.2270000000000003	1
1.2989999999999995	1
1.3539999999999992	2
1.3979999999999997	2
1.5109999999999992	2
1.6050000000000004	2
1.625	2
1.6990000000000016	2
2.247	2
2.346	2
3.1469999999999985	2
4.707000000000001	2
4.875	2
6.359000000000002	3
6.920000000000002	3
9.099	3
10.484000000000002	3
0.022999999999999687	1
0.04299999999999926	1
0.053000000000000824	1
0.1490000000000009	1
0.28600000000000136	1
0.3299999999999983	1
0.33800000000000097	1
0.532	1
0.5970000000000013	1
0.6400000000000006	1
0.7109999999999985	1
0.7409999999999997	1
0.9460000000000015	1
0.9879999999999995	1
1.0100000000000016	1
1.0519999999999996	1
1.2270000000000003	1
1.2989999999999995	1
1.3539999999999992	1
1.3979999999999997	1
1.5109999999999992	1
1.6050000000000004	1
1.625	1
1.6990000000000016	1
2.247	1
2.346	1
3.1469999999999985	1
4.707000000000001	2
4.875	2
6.359000000000002	3
6.920000000000002	3
9.099	3
10.484000000000002	3
0.7409999999999997	1
0.9460000000000015	1
0.9879999999999995	1
1.0100000000000016	1
1.0519999999999996	1
1.2270000000000003	1
1.2989999999999995	1
1.3539999999999992	2
1.3979999999999997	2
1.5109999999999992	2
1.6050000000000004	2
1.625	2
1.6990000000000016	2
2.247	2
2.346	2
3.1469999999999985	2
4.707000000000001	2
4.875	2
6.359000000000002	2
6.920000000000002	2
9.099	3
10.484000000000002	3
0.1490000000000009	1
0.28600000000000136	1
0.3299999999999983	1
0.33800000000000097	1
0.532	1
0.5970000000000013	1
0.6400000000000006	1
0.7109999999999985	1
0.7409999999999997	2
0.9460000000000015	2
0.9879999999999995	2
1.0100000000000016	2
1.0519999999999996	2
1.2270000000000003	2
1.2989999999999995	2
1.3539999999999992	2
1.3979999999999997	2
1.5109999999999992	2
1.6050000000000004	2
1.625	2
1.6990000000000016	2
2.247	2
2.346	2
3.1469999999999985	2
4.707000000000001	3
4.875	3
6.359000000000002	3
6.920000000000002	3
9.099	3
10.484000000000002	3
0.28600000000000136	1
0.3299999999999983	1
0.33800000000000097	1
0.532	1
0.5970000000000013	1
0.6400000000000006	1
0.7109999999999985	1
0.7409999999999997	1
0.9460000000000015	1
0.9879999999999995	1
1.0100000000000016	1
1.0519999999999996	2
1.2270000000000003	2
1.2989999999999995	3
1.3539999999999992	3
1.3979999999999997	3
1.5109999999999992	3
1.6050000000000004	3
1.625	3
1.6990000000000016	3
2.247	3
2.346	3
3.1469999999999985	3
4.707000000000001	3
4.875	3
6.359000000000002	3
6.920000000000002	3
9.099	3
10.484000000000002	3
0.022999999999999687	1
0.04299999999999926	1
0.053000000000000824	2
0.1490000000000009	2
0.28600000000000136	3
0.3299999999999983	3
0.33800000000000097	3
0.532	3
0.5970000000000013	3
0.6400000000000006	3
0.7109999999999985	3
0.7409999999999997	3
0.9460000000000015	3
0.9879999999999995	3
1.0100000000000016	3
1.0519999999999996	3
1.2270000000000003	2
1.2989999999999995	2
1.3539999999999992	3
1.3979999999999997	3
1.5109999999999992	3
1.6050000000000004	3
1.625	3
1.6990000000000016	3
2.247	3
2.346	3
3.1469999999999985	3
4.707000000000001	3
4.875	3
6.359000000000002	3
6.920000000000002	3
9.099	3
10.484000000000002	3
0.022999999999999687	2
0.04299999999999926	2
0.053000000000000824	2
0.1490000000000009	2
0.28600000000000136	2
0.3299999999999983	2
0.33800000000000097	2
0.532	2
0.5970000000000013	2
0.6400000000000006	2
0.7109999999999985	2
0.7409999999999997	2
0.9460000000000015	2
0.9879999999999995	2
1.0100000000000016	2
1.0519999999999996	2
1.2270000000000003	2
1.2989999999999995	2
1.3539999999999992	2
1.3979999999999997	2
1.5109999999999992	2
1.6050000000000004	2
1.625	2
1.6990000000000016	2
2.247	2
2.346	2
3.1469999999999985	2
4.707000000000001	2
4.875	2
6.359000000000002	2
6.920000000000002	2
9.099	3
10.484000000000002	3
0.022999999999999687	1
0.04299999999999926	1
0.053000000000000824	1
0.1490000000000009	1
0.28600000000000136	1
0.3299999999999983	1
0.33800000000000097	1
0.532	1
0.5970000000000013	1
0.6400000000000006	1
0.7109999999999985	1
0.7409999999999997	1
0.9460000000000015	1
0.9879999999999995	1
1.0100000000000016	1
1.0519999999999996	1
1.2270000000000003	1
1.2989999999999995	2
1.3539999999999992	2
1.3979999999999997	2
1.5109999999999992	2
1.6050000000000004	2
1.625	2
1.6990000000000016	2
2.247	2
2.346	2
3.1469999999999985	2
4.707000000000001	2
4.875	2
6.359000000000002	3
6.920000000000002	3
9.099	3
10.484000000000002	3
0.022999999999999687	1
0.04299999999999926	1
0.053000000000000824	1
0.1490000000000009	1
0.28600000000000136	1
0.3299999999999983	1
0.33800000000000097	1
0.532	1
0.5970000000000013	1
0.6400000000000006	2
0.7109999999999985	2
0.7409999999999997	2
0.9460000000000015	2
0.9879999999999995	2
1.0100000000000016	2
1.0519999999999996	2
1.2270000000000003	2
1.2989999999999995	2
1.3539999999999992	2
1.3979999999999997	2
1.5109999999999992	2
1.6050000000000004	2
1.625	2
1.6990000000000016	2
2.247	2
2.346	2
3.1469999999999985	2
4.707000000000001	2
4.875	2
6.359000000000002	3
6.920000000000002	3
9.099	3
10.484000000000002	3
0.022999999999999687	1
0.04299999999999926	1
0.053000000000000824	1
0.1490000000000009	1
0.28600000000000136	1
0.3299999999999983	1
0.33800000000000097	1
0.532	1
0.5970000000000013	2
0.6400000000000006	2
0.7109999999999985	2
0.7409999999999997	2
0.9460000000000015	2
0.9879999999999995	2
1.0100000000000016	2
1.0519999999999996	2
1.2270000000000003	2
1.2989999999999995	3
1.3539999999999992	3
1.3979999999999997	3
1.5109999999999992	3
1.6050000000000004	3
1.625	3
1.6990000000000016	3
2.247	3
2.346	3
3.1469999999999985	3
4.707000000000001	3
4.875	3
6.359000000000002	3
6.920000000000002	3
9.099	3
10.484000000000002	3
0.022999999999999687	1
0.04299999999999926	1
0.053000000000000824	1
0.1490000000000009	2
0.28600000000000136	2
0.3299999999999983	2
0.33800000000000097	2
0.532	2
0.5970000000000013	2
0.6400000000000006	2
0.7109999999999985	2
0.7409999999999997	2
0.9460000000000015	2
0.9879999999999995	2
1.0100000000000016	2
1.0519999999999996	2
1.2270000000000003	2
1.2989999999999995	3
1.3539999999999992	3
1.3979999999999997	3
1.5109999999999992	3
1.6050000000000004	3
1.625	3
1.6990000000000016	3
2.247	3
2.346	3
3.1469999999999985	3
4.707000000000001	3
4.875	3
6.359000000000002	3
6.920000000000002	3
9.099	3
10.484000000000002	3
