20.0	1.746816479400749
21.0	2.6514756944444446
22.0	2.859375
23.0	2.83203125
24.0	2.8125
27.0	2.8046875
28.0	2.796875
32.0	2.7890625
19.0	1
20.0	1.9579172610556348
21.0	2.9135044642857144
22.0	3.03125
23.0	3.0208333333333335
24.0	3
25.0	2.97265625
26.0	3.0121527777777777
27.0	3.125
28.0	3.1171875
29.0	3.0875
30.0	3.07421875
32.0	3.0546875
33.0	3.04296875
34.0	3.03125
36.0	3.0234375
37.0	3.015625
40.0	3.0078125
49.0	3
20.0	1.8522663682148852
21.0	2.460227272727273
22.0	2.61328125
23.0	2.6015625
28.0	2.79296875
30.0	2.796875
19.0	1
20.0	1.8072851805728518
21.0	3.0053879310344827
22.0	3.3656850961538463
23.0	3.4644097222222223
24.0	3.44375
25.0	3.4296875
26.0	3.421875
27.0	3.4140625
28.0	3.40625
31.0	3.39453125
32.0	3.3828125
35.0	3.39453125
43.0	3.390625
20.0	1.4303959131545338
21.0	2.0318856514568444
22.0	2.3055555555555554
23.0	2.519633507853403
24.0	2.671875
25.0	2.69921875
26.0	2.84375
28.0	2.8203125
30.0	2.8125
31.0	2.8046875
