0.001	1
0.002	1
0.003	1
0.004	1
0.005	1
0.006	1
0.007	1
0.008	1
0.009	1
0.01	1.0015987210231814
0.02	1.0040322580645162
0.03	1.010886469673406
0.04	1.024578313253012
0.05	1.0397435897435898
0.06	1.0526638089406002
0.07	1.0811485642946317
0.08	1.1302847282139776
0.09	1.1477272727272727
0.1	1.2526951272100044
0.2	1.4743186582809225
0.3	1.2056778679026652
0.4	1.3734508399889838
0.5	1.3958017745076823
0.6	1.5798319327731092
0.7	1.7484194867980662
0.8	2.0244763473758534
0.9	1.9612888270746407
1.0	2.445444012812649
2.0	3.2125861131254534
3.0	3.1534223514557906
4.0	2.9716772927905835
5.0	2.9709535256410255
6.0	2.952100510404397
7.0	2.9542927733168622
8.0	2.979219143576826
9.0	2.9845559845559846
10.0	2.9832229580573952
20.0	3
