0.001	1
0.002	1
0.003	1
0.004	1
0.005	1
0.006	1
0.007	1
0.008	1
0.009	1
0.01	1
0.02	1.0033984706881902
0.03	1.0165172251061823
0.04	1.0384199134199135
0.05	1.0640066500415628
0.06	1.0880929332042595
0.07	1.1195445920303606
0.08	1.1775585696670776
0.09	1.1723044397463003
0.1	1.2817303469477384
0.2	1.4517180837722599
0.3	1.2125922023182296
0.4	1.3812356101304681
0.5	1.5135135135135136
0.6	1.7191027708547133
0.7	1.9051701740711873
0.8	2.177561109585279
0.9	2.3609889276505385
1.0	2.8258112094395282
2.0	3.2606806236603343
3.0	3.1473089435534503
4.0	3.0351355961112056
5.0	2.9750052509976896
6.0	2.9662464416429444
7.0	2.9812353401094605
8.0	2.9984496124031006
9.0	2.997844827586207
10.0	3.0069204152249136
20.0	3
