0.001	1
0.002	1
0.003	1
0.004	1
0.005	1
0.006	1
0.007	1
0.008	1
0.009	1
0.01	1
0.011	1
0.012	1
0.013	1
0.014	1.007462686567164
0.015	1
0.016	1
0.017	1.007462686567164
0.018	1
0.019	1.008130081300813
0.02	1.0076923076923077
0.021	1.0072992700729928
0.022	1.024390243902439
0.023	1.0454545454545454
0.024	1.008695652173913
0.025	1.0188679245283019
0.026	1.0260869565217392
0.027	1.02803738317757
0.028	1.0380952380952382
0.029	1.036697247706422
0.03	1.045045045045045
0.031	1.0185185185185186
0.032	1.0625
0.033	1.0490196078431373
0.034	1.0661157024793388
0.035	1.0423728813559323
0.036	1.0333333333333334
0.037	1.056
0.038	1.1
0.039	1.0970873786407767
0.04	1.063157894736842
0.041	1.0721649484536082
0.042	1.0594059405940595
0.043	1.0824742268041236
0.044	1.1290322580645162
0.045	1.105263157894737
0.046	1.16
0.047	1.086021505376344
0.048	1.0864197530864197
0.049	1.1142857142857143
0.05	1.0978260869565217
0.051	1.11
0.052	1.0978260869565217
0.053	1.1063829787234043
0.054	1.08
0.055	1.1195652173913044
0.056	1.0736842105263158
0.057	1.09375
0.058	1.0795454545454546
0.059	1.1505376344086022
0.06	1.1486486486486487
0.061	1.0947368421052632
0.062	1.1466666666666667
0.063	1.1492537313432836
0.064	1.1384615384615384
0.065	1.15625
0.066	1.1927710843373494
0.067	1.1325301204819278
0.068	1.2753623188405796
0.069	1.2352941176470589
0.07	1.1176470588235294
0.071	1.2
0.072	1.1733333333333333
0.073	1.1923076923076923
0.074	1.1690140845070423
0.075	1.1829268292682926
0.076	1.0972222222222223
0.077	1.2857142857142858
0.078	1.109375
0.079	1.2075471698113207
0.08	1.2083333333333333
0.081	1.1971830985915493
0.082	1.206896551724138
0.083	1.328125
0.084	1.1896551724137931
0.085	1.1764705882352942
0.086	1.2467532467532467
0.087	1.1639344262295082
0.088	1.2166666666666666
0.089	1.2098765432098766
0.09	1.125
0.091	1.2207792207792207
0.092	1.2295081967213115
0.093	1.1666666666666667
0.094	1.302325581395349
0.095	1.1875
0.096	1.2203389830508475
0.097	1.18
0.098	1.263157894736842
0.099	1.263157894736842
0.1	1.294478527607362
0.11	1.3405639913232104
0.12	1.4449438202247191
0.13	1.4106583072100314
0.14	1.5032679738562091
0.15	1.3739837398373984
0.16	1.2960893854748603
0.17	1.2521739130434784
0.18	1.240343347639485
0.19	1.3125
0.2	1.3215686274509804
0.21	1.3059360730593608
0.22	1.3136363636363637
0.23	1.3293172690763053
0.24	1.3391304347826087
0.25	1.328358208955224
0.26	1.3087557603686637
0.27	1.4438775510204083
0.28	1.5767441860465117
0.29	1.4057971014492754
0.3	1.4210526315789473
0.31	1.4899328859060403
0.32	1.4553314121037464
0.33	1.4777777777777779
0.34	1.4703196347031964
0.35	1.4742729306487696
0.36	1.491916859122402
0.37	1.5318627450980393
0.38	1.5978494623655914
0.39	1.5837742504409171
0.4	1.5421686746987953
0.41	1.716446124763705
0.42	1.8383458646616542
0.43	1.7688073394495414
0.44	1.8596153846153847
0.45	1.814625850340136
0.46	1.9502762430939227
0.47	1.9321428571428572
0.48	1.9255725190839694
0.49	2.0485436893203883
0.5	2.0329457364341086
0.51	2.0572519083969465
0.52	2.155818540433925
0.53	2.2047413793103448
0.54	2.200845665961945
0.55	2.2144082332761577
0.56	2.1254071661237783
0.57	2.261788617886179
0.58	2.1996587030716723
0.59	2.1543307086614174
0.6	2.2107925801011805
0.61	2.2300469483568075
0.62	2.3962264150943398
0.63	2.4096834264432028
0.64	2.5564053537284894
0.65	2.504950495049505
0.66	2.61646234676007
0.67	2.563311688311688
0.68	2.745393634840871
0.69	2.7426810477657937
0.7	2.7512355848434926
0.71	2.821070234113712
0.72	2.8100890207715135
0.73	2.76056338028169
0.74	2.821305841924399
0.75	2.94541910331384
0.76	2.8500881834215166
0.77	3.0704761904761906
0.78	3.169387755102041
0.79	3.251572327044025
0.8	3.2600806451612905
0.81	3.066666666666667
0.82	3.1866404715127703
0.83	3.1568265682656826
0.84	3.230769230769231
0.85	3.1821493624772312
0.86	3.272727272727273
0.87	3.3347547974413647
0.88	3.2783882783882783
0.89	3.3521444695259595
0.9	3.405010438413361
0.91	3.512135922330097
0.92	3.4367088607594938
0.93	3.3992537313432836
0.94	3.3671742808798646
0.95	3.623616236162362
0.96	3.5644171779141103
0.97	3.715176715176715
0.98	3.711578947368421
0.99	3.641083521444695
1.0	3.770642201834862
1.1	3.969460227272727
1.2	4.207890743550835
1.3	4.407906976744186
1.4	4.285354806240564
1.5	4.316419612314709
1.6	4.412927756653993
1.7	4.256663376110563
1.8	4.01163757273483
1.9	4.114776632302405
2.0	4.0555081127241674
2.1	4.038906414300736
2.2	3.8028700906344413
2.3	3.840439276485788
2.4	3.742822966507177
2.5	3.8187444739168876
2.6	3.871900826446281
2.7	3.596330275229358
2.8	3.420100502512563
2.9	3.634204275534442
3.0	3.5400372439478587
3.1	3.4033742331288344
3.2	3.4093264248704664
3.3	3.3424657534246576
3.4	3.4948096885813147
3.5	3.295880149812734
3.6	3.400398406374502
3.7	3.308457711442786
3.8	3.358255451713396
3.9	3.3183520599250937
4.0	3.24945295404814
4.1	3.3612040133779266
4.2	3.2625698324022347
4.3	3.1461377870563676
4.4	3.4224806201550386
4.5	3.1448692152917506
4.6	3.2585858585858585
4.7	3.3595890410958904
4.8	3.1706586826347305
4.9	3.2934362934362933
5.0	3.1652421652421654
5.1	3.2436260623229463
5.2	3.2141057934508814
5.3	3.285234899328859
5.4	3.253807106598985
5.5	3.154471544715447
5.6	3.252173913043478
5.7	3.230769230769231
5.8	3.1433566433566433
5.9	3.245398773006135
6.0	3.413793103448276
6.1	3.0786516853932584
6.2	3.15625
6.3	3.1619718309859155
6.4	3.1908396946564888
6.5	3.1635220125786163
6.6	3.159340659340659
6.7	3.292307692307692
6.9	3.096774193548387
7.0	3.342857142857143
7.1	3.0939226519337018
7.2	3.32
7.3	3.1
7.4	3.15748031496063
7.5	3.2564102564102564
7.9	3.1367521367521367
8.0	3.116279069767442
8.1	3.1666666666666665
8.2	3.0915032679738563
8.3	3.0886699507389164
8.4	3.105
8.5	3.357142857142857
9.2	3
9.3	3.0562770562770565
9.4	3.1003134796238245
9.5	3.2857142857142856
10.0	3
11.0	3.082039911308204
12.0	3.055639097744361
13.0	3.0390625
14.0	3.0234375
15.0	3.01953125
16.0	3.0085470085470085
17.0	3
22.0	3
