0.0	2
0.0	3
0.0	2
0.0	3
0.0	3
0.0	2
0.0	3
0.0	3
0.0	3
0.0	3
0.0	2
0.0	2
0.0	3
0.0	3
0.0	2
0.0	2
0.0	2
0.0	2
0.0	3
0.0	3
0.0	3
0.0	3
0.0	3
0.0	3
0.0	3
0.0	3
0.0	3
0.0	2
0.0	3
0.0	2
0.0	3
0.0	3
0.0	3
0.0	3
0.0	3
0.0	2
0.0	3
0.0	3
0.0	3
0.0	3
0.0	3
0.0	3
0.0	3
0.0	3
0.0	3
0.0	3
0.0	3
0.0	3
0.0	3
0.0	3
0.0	3
0.0	3
0.0	3
0.0	2
0.0	3
0.0	3
0.0	3
0.0	3
0.0	3
0.0	3
0.0	3
0.0	3
0.0	3
0.0	3
0.0	3
0.0	2
0.0	3
0.0	3
0.0	3
0.0	3
0.0	3
0.0	3
0.0	3
0.0	3
0.0	2
0.0	3
0.0	3
0.0	3
0.0	2
0.0	3
0.0	3
0.0	3
0.0	3
0.0	3
0.0	2
0.0	3
0.0	3
0.0	3
0.0	3
0.0	3
0.0	3
0.0	2
0.0	3
0.0	3
0.0	3
0.0	3
0.0	2
0.0	3
0.0	3
0.0	3
0.0	3
0.0	3
0.0	3
0.0	2
0.0	2
0.0	3
0.0	2
0.0	3
0.0	3
0.0	3
0.0	2
0.0	3
0.0	3
0.0	3
0.0	2
0.0	2
0.0	3
0.0	3
0.0	3
0.0	3
0.0	3
0.0	3
0.0	3
0.0	3
0.0	3
0.0	2
0.0	2
0.0	3
19.803	2
19.803	3
19.803	2
19.803	3
19.803	3
19.803	2
19.803	3
19.803	3
19.803	3
19.803	3
19.803	2
19.803	2
19.803	3
19.803	3
19.803	2
19.803	2
19.803	2
19.803	2
19.803	3
19.803	3
19.803	3
19.803	3
19.803	3
19.803	3
19.803	3
19.803	3
19.803	3
19.803	2
19.803	3
19.803	2
19.803	3
19.803	3
19.803	3
19.803	3
19.803	3
19.803	3
19.803	3
19.803	3
19.803	3
19.803	3
19.803	3
19.803	3
19.803	3
19.803	3
19.803	3
19.803	3
19.803	3
19.803	3
19.803	3
19.803	3
19.803	3
19.803	3
19.803	3
19.803	2
19.803	3
19.803	3
19.803	3
19.803	3
19.803	3
19.803	3
19.803	3
19.803	3
19.803	3
19.803	3
19.803	3
19.803	2
19.803	3
19.803	3
19.803	3
19.803	3
19.803	3
19.803	3
19.803	3
19.803	3
19.803	2
19.803	3
19.803	3
19.803	3
19.803	2
19.803	3
19.803	3
19.803	3
19.803	3
19.803	3
19.803	2
19.803	3
19.803	3
19.803	3
19.803	3
19.803	3
19.803	3
19.803	2
19.803	3
19.803	3
19.803	3
19.803	3
19.803	2
19.803	3
19.803	3
19.803	3
19.803	3
19.803	3
19.803	3
19.803	2
19.803	2
19.803	3
19.803	2
19.803	3
19.803	3
19.803	3
19.803	2
19.803	3
19.803	3
19.803	3
19.803	2
19.803	2
19.803	3
19.803	3
19.803	3
19.803	3
19.803	3
19.803	3
19.803	3
19.803	3
19.803	3
19.803	2
19.803	2
19.803	3
19.891	2
19.891	3
19.891	2
19.891	3
19.891	3
19.891	3
19.891	3
19.891	3
19.891	3
19.891	3
19.891	2
19.891	2
19.891	3
19.891	3
19.891	2
19.891	2
19.891	2
19.891	2
19.891	3
19.891	3
19.891	3
19.891	3
19.891	3
19.891	3
19.891	3
19.891	3
19.891	3
19.891	2
19.891	3
19.891	2
19.891	3
19.891	3
19.891	3
19.891	3
19.891	3
19.891	3
19.891	3
19.891	3
19.891	3
19.891	3
19.891	3
19.891	3
19.891	3
19.891	3
19.891	3
19.891	3
19.891	3
19.891	3
19.891	3
19.891	3
19.891	3
19.891	3
19.891	3
19.891	2
19.891	3
19.891	3
19.891	3
19.891	3
19.891	3
19.891	3
19.891	3
19.891	3
19.891	3
19.891	3
19.891	3
19.891	2
19.891	3
19.891	3
19.891	3
19.891	3
19.891	3
19.891	3
19.891	3
19.891	3
19.891	2
19.891	3
19.891	3
19.891	3
19.891	2
19.891	3
19.891	3
19.891	3
19.891	3
19.891	3
19.891	2
19.891	3
19.891	3
19.891	3
19.891	3
19.891	3
19.891	3
19.891	2
19.891	3
19.891	3
19.891	3
19.891	3
19.891	2
19.891	3
19.891	3
19.891	3
19.891	3
19.891	3
19.891	3
19.891	2
19.891	2
19.891	3
19.891	2
19.891	3
19.891	3
19.891	3
19.891	2
19.891	3
19.891	3
19.891	3
19.891	2
19.891	2
19.891	3
19.891	3
19.891	3
19.891	3
19.891	3
19.891	3
19.891	3
19.891	3
19.891	3
19.891	2
19.891	2
19.891	3
19.905	2
19.905	3
19.905	3
19.905	3
19.905	3
19.905	3
19.905	3
19.905	3
19.905	3
19.905	3
19.905	2
19.905	2
19.905	3
19.905	3
19.905	2
19.905	2
19.905	2
19.905	2
19.905	3
19.905	3
19.905	3
19.905	3
19.905	3
19.905	3
19.905	3
19.905	3
19.905	3
19.905	2
19.905	3
19.905	2
19.905	3
19.905	3
19.905	3
19.905	3
19.905	3
19.905	3
19.905	3
19.905	3
19.905	3
19.905	3
19.905	3
19.905	3
19.905	3
19.905	3
19.905	3
19.905	3
19.905	3
19.905	3
19.905	3
19.905	3
19.905	3
19.905	3
19.905	3
19.905	2
19.905	3
19.905	3
19.905	3
19.905	3
19.905	3
19.905	3
19.905	3
19.905	3
19.905	3
19.905	3
19.905	3
19.905	2
19.905	3
19.905	3
19.905	3
19.905	3
19.905	3
19.905	3
19.905	3
19.905	3
19.905	2
19.905	3
19.905	3
19.905	3
19.905	2
19.905	3
19.905	3
19.905	3
19.905	3
19.905	3
19.905	2
19.905	3
19.905	3
19.905	3
19.905	3
19.905	3
19.905	3
19.905	2
19.905	3
19.905	3
19.905	3
19.905	3
19.905	2
19.905	3
19.905	3
19.905	3
19.905	3
19.905	3
19.905	3
19.905	2
19.905	2
19.905	3
19.905	2
19.905	3
19.905	3
19.905	3
19.905	2
19.905	3
19.905	3
19.905	3
19.905	2
19.905	2
19.905	3
19.905	3
19.905	3
19.905	3
19.905	3
19.905	3
19.905	3
19.905	3
19.905	3
19.905	2
19.905	2
19.905	3
19.948	2
19.948	3
19.948	3
19.948	3
19.948	3
19.948	3
19.948	3
19.948	3
19.948	3
19.948	3
19.948	2
19.948	2
19.948	3
19.948	3
19.948	2
19.948	2
19.948	2
19.948	2
19.948	3
19.948	3
19.948	3
19.948	3
19.948	3
19.948	3
19.948	3
19.948	3
19.948	3
19.948	2
19.948	3
19.948	2
19.948	3
19.948	3
19.948	3
19.948	3
19.948	3
19.948	3
19.948	3
19.948	3
19.948	3
19.948	3
19.948	3
19.948	3
19.948	3
19.948	3
19.948	3
19.948	3
19.948	3
19.948	3
19.948	3
19.948	3
19.948	3
19.948	3
19.948	3
19.948	2
19.948	3
19.948	3
19.948	3
19.948	3
19.948	3
19.948	3
19.948	3
19.948	3
19.948	3
19.948	3
19.948	3
19.948	2
19.948	3
19.948	3
19.948	3
19.948	3
19.948	3
19.948	3
19.948	3
19.948	3
19.948	2
19.948	3
19.948	3
19.948	3
19.948	2
19.948	3
19.948	3
19.948	3
19.948	3
19.948	3
19.948	2
19.948	3
19.948	3
19.948	3
19.948	3
19.948	3
19.948	3
19.948	2
19.948	3
19.948	3
19.948	3
19.948	3
19.948	2
19.948	3
19.948	3
19.948	3
19.948	3
19.948	3
19.948	3
19.948	2
19.948	3
19.948	3
19.948	2
19.948	3
19.948	3
19.948	3
19.948	2
19.948	3
19.948	3
19.948	3
19.948	2
19.948	2
19.948	3
19.948	3
19.948	3
19.948	3
19.948	3
19.948	3
19.948	3
19.948	3
19.948	3
19.948	2
19.948	2
19.948	3
19.989	2
19.989	3
19.989	3
19.989	3
19.989	3
19.989	3
19.989	3
19.989	3
19.989	3
19.989	3
19.989	2
19.989	2
19.989	3
19.989	3
19.989	2
19.989	2
19.989	2
19.989	2
19.989	3
19.989	3
19.989	3
19.989	3
19.989	3
19.989	3
19.989	3
19.989	3
19.989	3
19.989	2
19.989	3
19.989	2
19.989	3
19.989	3
19.989	3
19.989	3
19.989	3
19.989	3
19.989	3
19.989	3
19.989	3
19.989	3
19.989	3
19.989	3
19.989	3
19.989	3
19.989	3
19.989	3
19.989	3
19.989	3
19.989	3
19.989	3
19.989	3
19.989	3
19.989	3
19.989	2
19.989	3
19.989	3
19.989	3
19.989	3
19.989	3
19.989	3
19.989	3
19.989	3
19.989	3
19.989	3
19.989	3
19.989	2
19.989	3
19.989	3
19.989	3
19.989	3
19.989	3
19.989	3
19.989	3
19.989	3
19.989	2
19.989	3
19.989	3
19.989	3
19.989	2
19.989	3
19.989	3
19.989	3
19.989	3
19.989	3
19.989	2
19.989	3
19.989	3
19.989	3
19.989	3
19.989	3
19.989	3
19.989	2
19.989	3
19.989	3
19.989	3
19.989	3
19.989	2
19.989	3
19.989	3
19.989	3
19.989	3
19.989	3
19.989	3
19.989	2
19.989	3
19.989	3
19.989	3
19.989	3
19.989	3
19.989	3
19.989	2
19.989	3
19.989	3
19.989	3
19.989	2
19.989	2
19.989	3
19.989	3
19.989	3
19.989	3
19.989	3
19.989	3
19.989	3
19.989	3
19.989	3
19.989	2
19.989	2
19.989	3
19.997	2
19.997	3
19.997	3
19.997	3
19.997	3
19.997	3
19.997	3
19.997	3
19.997	3
19.997	3
19.997	2
19.997	2
19.997	3
19.997	3
19.997	2
19.997	2
19.997	2
19.997	2
19.997	3
19.997	3
19.997	3
19.997	3
19.997	3
19.997	3
19.997	3
19.997	3
19.997	3
19.997	2
19.997	3
19.997	3
19.997	3
19.997	3
19.997	3
19.997	3
19.997	3
19.997	3
19.997	3
19.997	3
19.997	3
19.997	3
19.997	3
19.997	3
19.997	3
19.997	3
19.997	3
19.997	3
19.997	3
19.997	3
19.997	3
19.997	3
19.997	3
19.997	3
19.997	3
19.997	2
19.997	3
19.997	3
19.997	3
19.997	3
19.997	3
19.997	3
19.997	3
19.997	3
19.997	3
19.997	3
19.997	3
19.997	2
19.997	3
19.997	3
19.997	3
19.997	3
19.997	3
19.997	3
19.997	3
19.997	3
19.997	2
19.997	3
19.997	3
19.997	3
19.997	2
19.997	3
19.997	3
19.997	3
19.997	3
19.997	3
19.997	2
19.997	3
19.997	3
19.997	3
19.997	3
19.997	3
19.997	3
19.997	2
19.997	3
19.997	3
19.997	3
19.997	3
19.997	2
19.997	3
19.997	3
19.997	3
19.997	3
19.997	3
19.997	3
19.997	2
19.997	3
19.997	3
19.997	3
19.997	3
19.997	3
19.997	3
19.997	2
19.997	3
19.997	3
19.997	3
19.997	2
19.997	2
19.997	3
19.997	3
19.997	3
19.997	3
19.997	3
19.997	3
19.997	3
19.997	3
19.997	3
19.997	2
19.997	2
19.997	3
20.001	2
20.001	3
20.001	3
20.001	3
20.001	3
20.001	3
20.001	3
20.001	3
20.001	3
20.001	3
20.001	2
20.001	2
20.001	3
20.001	3
20.001	2
20.001	2
20.001	2
20.001	2
20.001	3
20.001	3
20.001	3
20.001	3
20.001	3
20.001	3
20.001	3
20.001	3
20.001	3
20.001	2
20.001	3
20.001	3
20.001	3
20.001	3
20.001	3
20.001	3
20.001	3
20.001	3
20.001	3
20.001	3
20.001	3
20.001	3
20.001	3
20.001	3
20.001	3
20.001	3
20.001	3
20.001	3
20.001	3
20.001	3
20.001	3
20.001	3
20.001	3
20.001	3
20.001	3
20.001	3
20.001	3
20.001	3
20.001	3
20.001	3
20.001	3
20.001	3
20.001	3
20.001	3
20.001	3
20.001	3
20.001	3
20.001	2
20.001	3
20.001	3
20.001	3
20.001	3
20.001	3
20.001	3
20.001	3
20.001	3
20.001	2
20.001	3
20.001	3
20.001	3
20.001	2
20.001	3
20.001	3
20.001	3
20.001	3
20.001	3
20.001	2
20.001	3
20.001	3
20.001	3
20.001	3
20.001	3
20.001	3
20.001	2
20.001	3
20.001	3
20.001	3
20.001	3
20.001	2
20.001	3
20.001	3
20.001	3
20.001	3
20.001	3
20.001	3
20.001	2
20.001	3
20.001	3
20.001	3
20.001	3
20.001	3
20.001	3
20.001	2
20.001	3
20.001	3
20.001	3
20.001	2
20.001	2
20.001	3
20.001	3
20.001	3
20.001	3
20.001	3
20.001	3
20.001	3
20.001	3
20.001	3
20.001	2
20.001	2
20.001	3
20.1	2
20.1	3
20.1	4
20.1	3
20.1	3
20.1	3
20.1	3
20.1	3
20.1	3
20.1	3
20.1	2
20.1	2
20.1	3
20.1	3
20.1	2
20.1	2
20.1	2
20.1	2
20.1	3
20.1	3
20.1	3
20.1	3
20.1	3
20.1	3
20.1	3
20.1	3
20.1	3
20.1	2
20.1	3
20.1	3
20.1	3
20.1	3
20.1	3
20.1	3
20.1	3
20.1	3
20.1	3
20.1	3
20.1	3
20.1	3
20.1	3
20.1	3
20.1	3
20.1	3
20.1	3
20.1	3
20.1	3
20.1	3
20.1	3
20.1	3
20.1	3
20.1	3
20.1	3
20.1	3
20.1	3
20.1	3
20.1	3
20.1	3
20.1	3
20.1	3
20.1	3
20.1	3
20.1	3
20.1	3
20.1	3
20.1	2
20.1	3
20.1	3
20.1	3
20.1	3
20.1	3
20.1	3
20.1	3
20.1	3
20.1	2
20.1	3
20.1	3
20.1	3
20.1	2
20.1	3
20.1	3
20.1	3
20.1	3
20.1	3
20.1	2
20.1	3
20.1	3
20.1	3
20.1	3
20.1	3
20.1	3
20.1	2
20.1	3
20.1	3
20.1	3
20.1	3
20.1	2
20.1	3
20.1	3
20.1	3
20.1	3
20.1	3
20.1	3
20.1	2
20.1	3
20.1	3
20.1	3
20.1	3
20.1	3
20.1	3
20.1	2
20.1	3
20.1	3
20.1	3
20.1	2
20.1	2
20.1	3
20.1	3
20.1	3
20.1	3
20.1	3
20.1	3
20.1	3
20.1	3
20.1	3
20.1	2
20.1	2
20.1	3
20.145	2
20.145	3
20.145	4
20.145	3
20.145	3
20.145	3
20.145	3
20.145	3
20.145	3
20.145	3
20.145	2
20.145	2
20.145	3
20.145	3
20.145	2
20.145	2
20.145	2
20.145	2
20.145	3
20.145	3
20.145	3
20.145	3
20.145	3
20.145	3
20.145	3
20.145	3
20.145	3
20.145	2
20.145	3
20.145	3
20.145	3
20.145	3
20.145	3
20.145	3
20.145	3
20.145	3
20.145	3
20.145	3
20.145	3
20.145	3
20.145	3
20.145	3
20.145	3
20.145	3
20.145	3
20.145	3
20.145	3
20.145	3
20.145	3
20.145	3
20.145	3
20.145	3
20.145	3
20.145	3
20.145	3
20.145	3
20.145	3
20.145	3
20.145	3
20.145	3
20.145	3
20.145	3
20.145	3
20.145	3
20.145	3
20.145	2
20.145	3
20.145	3
20.145	3
20.145	3
20.145	3
20.145	3
20.145	3
20.145	3
20.145	2
20.145	3
20.145	3
20.145	3
20.145	2
20.145	3
20.145	3
20.145	3
20.145	3
20.145	3
20.145	2
20.145	3
20.145	3
20.145	3
20.145	3
20.145	3
20.145	3
20.145	2
20.145	3
20.145	3
20.145	3
20.145	3
20.145	2
20.145	3
20.145	3
20.145	3
20.145	3
20.145	3
20.145	3
20.145	2
20.145	3
20.145	3
20.145	4
20.145	3
20.145	3
20.145	3
20.145	2
20.145	3
20.145	3
20.145	3
20.145	2
20.145	2
20.145	3
20.145	3
20.145	3
20.145	3
20.145	3
20.145	3
20.145	3
20.145	3
20.145	3
20.145	2
20.145	2
20.145	3
20.146	2
20.146	3
20.146	4
20.146	3
20.146	3
20.146	3
20.146	3
20.146	3
20.146	3
20.146	3
20.146	2
20.146	2
20.146	3
20.146	3
20.146	2
20.146	2
20.146	2
20.146	2
20.146	3
20.146	3
20.146	3
20.146	3
20.146	3
20.146	3
20.146	3
20.146	3
20.146	3
20.146	2
20.146	3
20.146	3
20.146	3
20.146	3
20.146	3
20.146	3
20.146	3
20.146	3
20.146	3
20.146	3
20.146	3
20.146	3
20.146	3
20.146	3
20.146	3
20.146	3
20.146	3
20.146	3
20.146	3
20.146	3
20.146	3
20.146	3
20.146	3
20.146	3
20.146	3
20.146	3
20.146	3
20.146	3
20.146	3
20.146	3
20.146	3
20.146	3
20.146	3
20.146	3
20.146	3
20.146	3
20.146	3
20.146	3
20.146	3
20.146	3
20.146	3
20.146	3
20.146	3
20.146	3
20.146	3
20.146	3
20.146	2
20.146	3
20.146	3
20.146	3
20.146	2
20.146	3
20.146	3
20.146	3
20.146	3
20.146	3
20.146	2
20.146	3
20.146	3
20.146	3
20.146	3
20.146	3
20.146	3
20.146	2
20.146	3
20.146	3
20.146	3
20.146	3
20.146	2
20.146	3
20.146	3
20.146	3
20.146	3
20.146	3
20.146	3
20.146	2
20.146	3
20.146	3
20.146	4
20.146	3
20.146	3
20.146	3
20.146	2
20.146	3
20.146	3
20.146	3
20.146	2
20.146	2
20.146	3
20.146	3
20.146	3
20.146	3
20.146	3
20.146	3
20.146	3
20.146	3
20.146	3
20.146	2
20.146	2
20.146	3
20.149	2
20.149	3
20.149	4
20.149	3
20.149	3
20.149	3
20.149	3
20.149	3
20.149	3
20.149	3
20.149	3
20.149	2
20.149	3
20.149	3
20.149	2
20.149	2
20.149	2
20.149	2
20.149	3
20.149	3
20.149	3
20.149	3
20.149	3
20.149	3
20.149	3
20.149	3
20.149	3
20.149	2
20.149	3
20.149	3
20.149	3
20.149	3
20.149	3
20.149	3
20.149	3
20.149	3
20.149	3
20.149	3
20.149	3
20.149	3
20.149	3
20.149	3
20.149	3
20.149	3
20.149	3
20.149	3
20.149	3
20.149	3
20.149	3
20.149	3
20.149	3
20.149	3
20.149	3
20.149	3
20.149	3
20.149	3
20.149	3
20.149	3
20.149	3
20.149	3
20.149	3
20.149	3
20.149	3
20.149	3
20.149	3
20.149	3
20.149	3
20.149	3
20.149	3
20.149	3
20.149	3
20.149	3
20.149	3
20.149	3
20.149	2
20.149	3
20.149	3
20.149	3
20.149	2
20.149	3
20.149	3
20.149	3
20.149	3
20.149	3
20.149	2
20.149	3
20.149	3
20.149	3
20.149	3
20.149	3
20.149	3
20.149	2
20.149	3
20.149	3
20.149	3
20.149	3
20.149	2
20.149	3
20.149	3
20.149	3
20.149	3
20.149	3
20.149	3
20.149	2
20.149	3
20.149	3
20.149	4
20.149	3
20.149	3
20.149	3
20.149	2
20.149	3
20.149	3
20.149	3
20.149	2
20.149	2
20.149	3
20.149	3
20.149	3
20.149	3
20.149	3
20.149	3
20.149	3
20.149	3
20.149	3
20.149	2
20.149	2
20.149	3
20.167	2
20.167	3
20.167	4
20.167	3
20.167	3
20.167	3
20.167	3
20.167	3
20.167	3
20.167	3
20.167	3
20.167	2
20.167	3
20.167	3
20.167	2
20.167	2
20.167	2
20.167	2
20.167	3
20.167	3
20.167	3
20.167	3
20.167	3
20.167	3
20.167	3
20.167	3
20.167	3
20.167	2
20.167	3
20.167	3
20.167	3
20.167	3
20.167	3
20.167	3
20.167	3
20.167	3
20.167	3
20.167	3
20.167	3
20.167	3
20.167	3
20.167	3
20.167	3
20.167	3
20.167	3
20.167	3
20.167	3
20.167	3
20.167	3
20.167	3
20.167	3
20.167	3
20.167	3
20.167	3
20.167	3
20.167	3
20.167	3
20.167	3
20.167	3
20.167	3
20.167	3
20.167	3
20.167	3
20.167	3
20.167	3
20.167	3
20.167	3
20.167	3
20.167	3
20.167	3
20.167	3
20.167	3
20.167	3
20.167	3
20.167	2
20.167	3
20.167	3
20.167	3
20.167	2
20.167	3
20.167	3
20.167	3
20.167	3
20.167	3
20.167	2
20.167	3
20.167	3
20.167	3
20.167	3
20.167	3
20.167	3
20.167	2
20.167	3
20.167	3
20.167	3
20.167	3
20.167	2
20.167	3
20.167	3
20.167	3
20.167	3
20.167	3
20.167	3
20.167	2
20.167	3
20.167	3
20.167	4
20.167	3
20.167	3
20.167	3
20.167	2
20.167	3
20.167	3
20.167	3
20.167	2
20.167	3
20.167	3
20.167	3
20.167	3
20.167	3
20.167	3
20.167	3
20.167	3
20.167	3
20.167	3
20.167	2
20.167	2
20.167	3
20.193	2
20.193	3
20.193	4
20.193	3
20.193	3
20.193	3
20.193	3
20.193	3
20.193	3
20.193	3
20.193	3
20.193	2
20.193	3
20.193	3
20.193	2
20.193	2
20.193	2
20.193	2
20.193	3
20.193	3
20.193	3
20.193	3
20.193	3
20.193	3
20.193	3
20.193	3
20.193	3
20.193	2
20.193	3
20.193	3
20.193	3
20.193	3
20.193	3
20.193	3
20.193	3
20.193	3
20.193	3
20.193	3
20.193	3
20.193	3
20.193	3
20.193	3
20.193	3
20.193	3
20.193	3
20.193	3
20.193	3
20.193	3
20.193	3
20.193	3
20.193	3
20.193	3
20.193	3
20.193	3
20.193	3
20.193	3
20.193	3
20.193	3
20.193	3
20.193	3
20.193	3
20.193	3
20.193	3
20.193	3
20.193	3
20.193	3
20.193	3
20.193	3
20.193	3
20.193	3
20.193	3
20.193	3
20.193	3
20.193	3
20.193	2
20.193	3
20.193	3
20.193	3
20.193	2
20.193	3
20.193	3
20.193	3
20.193	3
20.193	3
20.193	2
20.193	3
20.193	3
20.193	3
20.193	3
20.193	3
20.193	3
20.193	2
20.193	3
20.193	3
20.193	3
20.193	3
20.193	2
20.193	3
20.193	3
20.193	3
20.193	3
20.193	3
20.193	3
20.193	2
20.193	3
20.193	3
20.193	4
20.193	3
20.193	3
20.193	3
20.193	3
20.193	3
20.193	3
20.193	3
20.193	2
20.193	3
20.193	3
20.193	3
20.193	3
20.193	3
20.193	3
20.193	3
20.193	3
20.193	3
20.193	3
20.193	2
20.193	2
20.193	3
20.223	2
20.223	3
20.223	4
20.223	3
20.223	3
20.223	3
20.223	3
20.223	3
20.223	3
20.223	3
20.223	3
20.223	3
20.223	3
20.223	3
20.223	2
20.223	2
20.223	2
20.223	2
20.223	3
20.223	3
20.223	3
20.223	3
20.223	3
20.223	3
20.223	3
20.223	3
20.223	3
20.223	2
20.223	3
20.223	3
20.223	3
20.223	3
20.223	3
20.223	3
20.223	3
20.223	3
20.223	3
20.223	3
20.223	3
20.223	3
20.223	3
20.223	3
20.223	3
20.223	3
20.223	3
20.223	3
20.223	3
20.223	3
20.223	3
20.223	3
20.223	3
20.223	3
20.223	3
20.223	3
20.223	3
20.223	3
20.223	3
20.223	3
20.223	3
20.223	3
20.223	3
20.223	3
20.223	3
20.223	3
20.223	3
20.223	3
20.223	3
20.223	3
20.223	3
20.223	3
20.223	3
20.223	3
20.223	3
20.223	3
20.223	2
20.223	3
20.223	3
20.223	3
20.223	2
20.223	3
20.223	3
20.223	3
20.223	3
20.223	3
20.223	2
20.223	3
20.223	3
20.223	3
20.223	3
20.223	3
20.223	3
20.223	2
20.223	3
20.223	3
20.223	3
20.223	3
20.223	2
20.223	3
20.223	3
20.223	3
20.223	3
20.223	3
20.223	3
20.223	2
20.223	3
20.223	3
20.223	4
20.223	3
20.223	3
20.223	3
20.223	3
20.223	3
20.223	3
20.223	3
20.223	2
20.223	3
20.223	3
20.223	3
20.223	3
20.223	3
20.223	3
20.223	3
20.223	3
20.223	3
20.223	3
20.223	2
20.223	2
20.223	3
20.261	2
20.261	3
20.261	4
20.261	3
20.261	3
20.261	3
20.261	3
20.261	3
20.261	3
20.261	3
20.261	3
20.261	3
20.261	3
20.261	3
20.261	2
20.261	3
20.261	2
20.261	2
20.261	3
20.261	3
20.261	3
20.261	3
20.261	3
20.261	3
20.261	3
20.261	3
20.261	3
20.261	2
20.261	3
20.261	3
20.261	3
20.261	3
20.261	3
20.261	3
20.261	3
20.261	3
20.261	3
20.261	3
20.261	3
20.261	3
20.261	3
20.261	3
20.261	3
20.261	3
20.261	3
20.261	3
20.261	3
20.261	3
20.261	3
20.261	3
20.261	3
20.261	3
20.261	3
20.261	3
20.261	3
20.261	3
20.261	3
20.261	3
20.261	3
20.261	3
20.261	3
20.261	3
20.261	3
20.261	3
20.261	3
20.261	3
20.261	3
20.261	3
20.261	3
20.261	3
20.261	3
20.261	3
20.261	3
20.261	3
20.261	2
20.261	3
20.261	3
20.261	3
20.261	2
20.261	3
20.261	3
20.261	3
20.261	3
20.261	3
20.261	2
20.261	3
20.261	3
20.261	3
20.261	3
20.261	3
20.261	3
20.261	2
20.261	3
20.261	3
20.261	3
20.261	3
20.261	2
20.261	3
20.261	3
20.261	3
20.261	3
20.261	3
20.261	3
20.261	2
20.261	3
20.261	3
20.261	4
20.261	3
20.261	3
20.261	3
20.261	3
20.261	3
20.261	3
20.261	3
20.261	2
20.261	3
20.261	3
20.261	3
20.261	3
20.261	3
20.261	3
20.261	3
20.261	3
20.261	3
20.261	3
20.261	2
20.261	2
20.261	3
20.271	2
20.271	2
20.271	3
20.271	3
20.271	4
20.271	4
20.271	3
20.271	3
20.271	3
20.271	3
20.271	3
20.271	3
20.271	3
20.271	3
20.271	3
20.271	3
20.271	3
20.271	3
20.271	3
20.271	3
20.271	3
20.271	3
20.271	4
20.271	4
20.271	3
20.271	3
20.271	3
20.271	3
20.271	2
20.271	2
20.271	3
20.271	3
20.271	2
20.271	2
20.271	2
20.271	2
20.271	3
20.271	3
20.271	3
20.271	3
20.271	3
20.271	3
20.271	3
20.271	3
20.271	3
20.271	3
20.271	3
20.271	3
20.271	3
20.271	3
20.271	3
20.271	3
20.271	3
20.271	3
20.271	2
20.271	3
20.271	3
20.271	3
20.271	3
20.271	3
20.271	3
20.271	3
20.271	3
20.271	3
20.271	3
20.271	3
20.271	3
20.271	3
20.271	3
20.271	3
20.271	3
20.271	3
20.271	3
20.271	3
20.271	3
20.271	3
20.271	3
20.271	3
20.271	3
20.271	3
20.271	3
20.271	3
20.271	3
20.271	3
20.271	3
20.271	3
20.271	3
20.271	3
20.271	3
20.271	3
20.271	3
20.271	3
20.271	3
20.271	3
20.271	3
20.271	3
20.271	3
20.271	3
20.271	3
20.271	3
20.271	3
20.271	3
20.271	3
20.271	3
20.271	3
20.271	3
20.271	3
20.271	3
20.271	3
20.271	3
20.271	3
20.271	3
20.271	3
20.271	3
20.271	3
20.271	3
20.271	3
20.271	3
20.271	3
20.271	3
20.271	3
20.271	3
20.271	3
20.271	3
20.271	3
20.271	3
20.271	3
20.271	3
20.271	3
20.271	3
20.271	3
20.271	3
20.271	3
20.271	3
20.271	3
20.271	3
20.271	3
20.271	3
20.271	3
20.271	3
20.271	3
20.271	3
20.271	3
20.271	3
20.271	3
20.271	3
20.271	3
20.271	3
20.271	2
20.271	2
20.271	3
20.271	3
20.271	3
20.271	3
20.271	3
20.271	3
20.271	2
20.271	2
20.271	3
20.271	3
20.271	3
20.271	3
20.271	3
20.271	3
20.271	3
20.271	3
20.271	3
20.271	3
20.271	2
20.271	2
20.271	3
20.271	3
20.271	3
20.271	3
20.271	3
20.271	3
20.271	3
20.271	3
20.271	3
20.271	3
20.271	3
20.271	3
20.271	2
20.271	2
20.271	3
20.271	3
20.271	3
20.271	3
20.271	3
20.271	3
20.271	3
20.271	3
20.271	2
20.271	2
20.271	3
20.271	3
20.271	3
20.271	3
20.271	3
20.271	3
20.271	3
20.271	3
20.271	3
20.271	3
20.271	3
20.271	3
20.271	2
20.271	2
20.271	3
20.271	3
20.271	3
20.271	3
20.271	4
20.271	4
20.271	3
20.271	3
20.271	3
20.271	3
20.271	3
20.271	3
20.271	3
20.271	3
20.271	3
20.271	3
20.271	3
20.271	3
20.271	3
20.271	3
20.271	2
20.271	2
20.271	3
20.271	3
20.271	3
20.271	3
20.271	3
20.271	3
20.271	3
20.271	3
20.271	3
20.271	3
20.271	3
20.271	3
20.271	3
20.271	3
20.271	3
20.271	3
20.271	3
20.271	3
20.271	3
20.271	3
20.271	2
20.271	2
20.271	2
20.271	2
20.271	3
20.271	3
20.334	2
20.334	3
20.334	4
20.334	3
20.334	3
20.334	3
20.334	3
20.334	3
20.334	3
20.334	3
20.334	3
20.334	4
20.334	3
20.334	3
20.334	2
20.334	3
20.334	2
20.334	2
20.334	3
20.334	3
20.334	3
20.334	3
20.334	3
20.334	3
20.334	3
20.334	3
20.334	3
20.334	3
20.334	3
20.334	3
20.334	3
20.334	3
20.334	3
20.334	3
20.334	3
20.334	3
20.334	3
20.334	3
20.334	3
20.334	3
20.334	3
20.334	3
20.334	3
20.334	3
20.334	3
20.334	3
20.334	3
20.334	3
20.334	3
20.334	3
20.334	3
20.334	3
20.334	3
20.334	3
20.334	3
20.334	3
20.334	3
20.334	3
20.334	3
20.334	3
20.334	3
20.334	3
20.334	3
20.334	3
20.334	3
20.334	3
20.334	3
20.334	3
20.334	3
20.334	3
20.334	3
20.334	3
20.334	3
20.334	3
20.334	2
20.334	3
20.334	3
20.334	3
20.334	2
20.334	3
20.334	3
20.334	3
20.334	3
20.334	3
20.334	2
20.334	3
20.334	3
20.334	3
20.334	3
20.334	3
20.334	3
20.334	2
20.334	3
20.334	3
20.334	3
20.334	3
20.334	2
20.334	3
20.334	3
20.334	3
20.334	3
20.334	3
20.334	3
20.334	2
20.334	3
20.334	3
20.334	4
20.334	3
20.334	3
20.334	3
20.334	3
20.334	3
20.334	3
20.334	3
20.334	2
20.334	3
20.334	3
20.334	3
20.334	3
20.334	3
20.334	3
20.334	3
20.334	3
20.334	3
20.334	3
20.334	3
20.334	2
20.334	3
20.365	2
20.365	3
20.365	4
20.365	3
20.365	3
20.365	3
20.365	3
20.365	3
20.365	3
20.365	3
20.365	3
20.365	4
20.365	3
20.365	3
20.365	3
20.365	3
20.365	2
20.365	2
20.365	3
20.365	3
20.365	3
20.365	3
20.365	3
20.365	3
20.365	3
20.365	3
20.365	3
20.365	3
20.365	3
20.365	3
20.365	3
20.365	3
20.365	3
20.365	3
20.365	3
20.365	3
20.365	3
20.365	3
20.365	3
20.365	3
20.365	3
20.365	3
20.365	3
20.365	3
20.365	3
20.365	3
20.365	3
20.365	3
20.365	3
20.365	3
20.365	3
20.365	3
20.365	3
20.365	3
20.365	3
20.365	3
20.365	3
20.365	3
20.365	3
20.365	3
20.365	3
20.365	3
20.365	3
20.365	3
20.365	3
20.365	3
20.365	3
20.365	3
20.365	3
20.365	3
20.365	3
20.365	3
20.365	3
20.365	3
20.365	2
20.365	3
20.365	3
20.365	3
20.365	2
20.365	3
20.365	3
20.365	3
20.365	3
20.365	3
20.365	2
20.365	3
20.365	3
20.365	3
20.365	3
20.365	3
20.365	3
20.365	2
20.365	3
20.365	3
20.365	3
20.365	3
20.365	2
20.365	3
20.365	3
20.365	3
20.365	3
20.365	3
20.365	3
20.365	2
20.365	3
20.365	3
20.365	4
20.365	3
20.365	3
20.365	3
20.365	3
20.365	3
20.365	3
20.365	3
20.365	2
20.365	3
20.365	3
20.365	3
20.365	3
20.365	3
20.365	3
20.365	3
20.365	3
20.365	3
20.365	3
20.365	3
20.365	2
20.365	3
20.406	2
20.406	3
20.406	4
20.406	3
20.406	3
20.406	3
20.406	3
20.406	3
20.406	3
20.406	3
20.406	3
20.406	5
20.406	3
20.406	3
20.406	3
20.406	3
20.406	2
20.406	2
20.406	3
20.406	3
20.406	3
20.406	3
20.406	3
20.406	3
20.406	3
20.406	3
20.406	3
20.406	3
20.406	3
20.406	3
20.406	3
20.406	3
20.406	3
20.406	3
20.406	3
20.406	3
20.406	3
20.406	3
20.406	3
20.406	3
20.406	3
20.406	3
20.406	3
20.406	3
20.406	3
20.406	3
20.406	3
20.406	3
20.406	3
20.406	3
20.406	3
20.406	3
20.406	3
20.406	3
20.406	3
20.406	3
20.406	3
20.406	3
20.406	3
20.406	3
20.406	3
20.406	3
20.406	3
20.406	3
20.406	3
20.406	3
20.406	3
20.406	3
20.406	3
20.406	3
20.406	3
20.406	3
20.406	3
20.406	3
20.406	2
20.406	3
20.406	3
20.406	3
20.406	2
20.406	3
20.406	3
20.406	3
20.406	3
20.406	3
20.406	2
20.406	3
20.406	3
20.406	3
20.406	3
20.406	3
20.406	3
20.406	2
20.406	3
20.406	3
20.406	3
20.406	3
20.406	2
20.406	3
20.406	3
20.406	3
20.406	3
20.406	3
20.406	3
20.406	2
20.406	3
20.406	3
20.406	4
20.406	3
20.406	3
20.406	3
20.406	3
20.406	3
20.406	3
20.406	3
20.406	2
20.406	3
20.406	3
20.406	3
20.406	3
20.406	3
20.406	3
20.406	3
20.406	3
20.406	3
20.406	3
20.406	3
20.406	2
20.406	3
20.441	2
20.441	3
20.441	4
20.441	3
20.441	3
20.441	3
20.441	3
20.441	3
20.441	3
20.441	3
20.441	3
20.441	5
20.441	3
20.441	3
20.441	3
20.441	3
20.441	2
20.441	2
20.441	3
20.441	3
20.441	3
20.441	3
20.441	3
20.441	3
20.441	3
20.441	3
20.441	3
20.441	3
20.441	3
20.441	4
20.441	3
20.441	3
20.441	3
20.441	3
20.441	3
20.441	3
20.441	3
20.441	3
20.441	3
20.441	3
20.441	3
20.441	3
20.441	3
20.441	3
20.441	3
20.441	3
20.441	3
20.441	3
20.441	3
20.441	3
20.441	3
20.441	3
20.441	3
20.441	3
20.441	3
20.441	3
20.441	3
20.441	3
20.441	3
20.441	3
20.441	3
20.441	3
20.441	3
20.441	3
20.441	3
20.441	3
20.441	3
20.441	3
20.441	3
20.441	3
20.441	3
20.441	3
20.441	3
20.441	3
20.441	2
20.441	3
20.441	3
20.441	3
20.441	2
20.441	3
20.441	3
20.441	3
20.441	3
20.441	3
20.441	2
20.441	3
20.441	3
20.441	3
20.441	3
20.441	3
20.441	3
20.441	2
20.441	3
20.441	3
20.441	3
20.441	3
20.441	2
20.441	3
20.441	3
20.441	3
20.441	3
20.441	3
20.441	3
20.441	2
20.441	3
20.441	3
20.441	4
20.441	3
20.441	3
20.441	3
20.441	3
20.441	3
20.441	3
20.441	3
20.441	2
20.441	3
20.441	3
20.441	3
20.441	3
20.441	3
20.441	3
20.441	3
20.441	3
20.441	3
20.441	3
20.441	3
20.441	2
20.441	3
20.444	2
20.444	3
20.444	4
20.444	3
20.444	3
20.444	3
20.444	3
20.444	3
20.444	3
20.444	3
20.444	3
20.444	5
20.444	3
20.444	3
20.444	3
20.444	3
20.444	3
20.444	2
20.444	3
20.444	3
20.444	3
20.444	3
20.444	3
20.444	3
20.444	3
20.444	3
20.444	3
20.444	3
20.444	3
20.444	4
20.444	3
20.444	3
20.444	3
20.444	3
20.444	3
20.444	3
20.444	3
20.444	3
20.444	3
20.444	3
20.444	3
20.444	3
20.444	3
20.444	3
20.444	3
20.444	3
20.444	3
20.444	3
20.444	3
20.444	3
20.444	3
20.444	3
20.444	3
20.444	3
20.444	3
20.444	3
20.444	3
20.444	3
20.444	3
20.444	3
20.444	3
20.444	3
20.444	3
20.444	3
20.444	3
20.444	3
20.444	3
20.444	3
20.444	3
20.444	3
20.444	3
20.444	3
20.444	3
20.444	3
20.444	2
20.444	3
20.444	3
20.444	3
20.444	2
20.444	3
20.444	3
20.444	3
20.444	3
20.444	3
20.444	2
20.444	3
20.444	3
20.444	3
20.444	3
20.444	3
20.444	3
20.444	2
20.444	3
20.444	3
20.444	3
20.444	3
20.444	2
20.444	3
20.444	3
20.444	3
20.444	3
20.444	3
20.444	3
20.444	2
20.444	3
20.444	3
20.444	4
20.444	3
20.444	3
20.444	3
20.444	3
20.444	3
20.444	3
20.444	3
20.444	2
20.444	3
20.444	3
20.444	3
20.444	3
20.444	3
20.444	3
20.444	3
20.444	3
20.444	3
20.444	3
20.444	3
20.444	2
20.444	3
20.481	2
20.481	3
20.481	4
20.481	3
20.481	3
20.481	3
20.481	3
20.481	3
20.481	3
20.481	3
20.481	3
20.481	5
20.481	3
20.481	3
20.481	3
20.481	3
20.481	3
20.481	2
20.481	3
20.481	3
20.481	3
20.481	3
20.481	3
20.481	3
20.481	3
20.481	3
20.481	3
20.481	3
20.481	3
20.481	4
20.481	3
20.481	3
20.481	3
20.481	3
20.481	3
20.481	3
20.481	3
20.481	3
20.481	3
20.481	3
20.481	3
20.481	3
20.481	3
20.481	3
20.481	3
20.481	3
20.481	3
20.481	3
20.481	3
20.481	3
20.481	3
20.481	3
20.481	3
20.481	3
20.481	3
20.481	3
20.481	3
20.481	3
20.481	3
20.481	3
20.481	3
20.481	3
20.481	3
20.481	3
20.481	3
20.481	3
20.481	3
20.481	3
20.481	3
20.481	3
20.481	3
20.481	3
20.481	3
20.481	3
20.481	2
20.481	3
20.481	3
20.481	3
20.481	2
20.481	3
20.481	3
20.481	3
20.481	3
20.481	3
20.481	2
20.481	3
20.481	3
20.481	3
20.481	3
20.481	3
20.481	3
20.481	2
20.481	3
20.481	3
20.481	3
20.481	3
20.481	2
20.481	3
20.481	3
20.481	3
20.481	3
20.481	3
20.481	3
20.481	2
20.481	3
20.481	3
20.481	4
20.481	3
20.481	3
20.481	3
20.481	3
20.481	3
20.481	3
20.481	3
20.481	2
20.481	3
20.481	3
20.481	3
20.481	3
20.481	3
20.481	3
20.481	3
20.481	3
20.481	3
20.481	3
20.481	3
20.481	3
20.481	3
20.535	3
20.535	3
20.535	4
20.535	3
20.535	3
20.535	3
20.535	3
20.535	3
20.535	3
20.535	3
20.535	3
20.535	5
20.535	3
20.535	3
20.535	3
20.535	3
20.535	3
20.535	2
20.535	3
20.535	3
20.535	3
20.535	3
20.535	3
20.535	3
20.535	3
20.535	3
20.535	3
20.535	3
20.535	3
20.535	4
20.535	3
20.535	3
20.535	3
20.535	3
20.535	3
20.535	3
20.535	3
20.535	3
20.535	3
20.535	3
20.535	3
20.535	3
20.535	3
20.535	3
20.535	3
20.535	3
20.535	3
20.535	3
20.535	3
20.535	3
20.535	3
20.535	3
20.535	3
20.535	3
20.535	3
20.535	3
20.535	3
20.535	3
20.535	3
20.535	3
20.535	3
20.535	3
20.535	3
20.535	3
20.535	3
20.535	3
20.535	3
20.535	3
20.535	3
20.535	3
20.535	3
20.535	3
20.535	3
20.535	3
20.535	2
20.535	3
20.535	3
20.535	3
20.535	2
20.535	3
20.535	3
20.535	3
20.535	3
20.535	3
20.535	2
20.535	3
20.535	3
20.535	3
20.535	3
20.535	3
20.535	3
20.535	2
20.535	3
20.535	3
20.535	3
20.535	3
20.535	2
20.535	3
20.535	3
20.535	3
20.535	3
20.535	3
20.535	3
20.535	2
20.535	3
20.535	3
20.535	4
20.535	3
20.535	3
20.535	3
20.535	3
20.535	3
20.535	3
20.535	3
20.535	2
20.535	3
20.535	3
20.535	3
20.535	3
20.535	3
20.535	3
20.535	3
20.535	3
20.535	3
20.535	3
20.535	3
20.535	3
20.535	3
20.576	3
20.576	3
20.576	4
20.576	3
20.576	3
20.576	3
20.576	3
20.576	3
20.576	3
20.576	3
20.576	4
20.576	5
20.576	3
20.576	3
20.576	3
20.576	3
20.576	3
20.576	2
20.576	3
20.576	3
20.576	3
20.576	3
20.576	3
20.576	3
20.576	3
20.576	3
20.576	3
20.576	3
20.576	3
20.576	4
20.576	3
20.576	3
20.576	3
20.576	3
20.576	3
20.576	3
20.576	3
20.576	3
20.576	3
20.576	3
20.576	3
20.576	3
20.576	3
20.576	3
20.576	3
20.576	3
20.576	3
20.576	3
20.576	3
20.576	3
20.576	3
20.576	3
20.576	3
20.576	3
20.576	3
20.576	3
20.576	3
20.576	3
20.576	3
20.576	3
20.576	3
20.576	3
20.576	3
20.576	3
20.576	3
20.576	3
20.576	3
20.576	3
20.576	3
20.576	3
20.576	3
20.576	3
20.576	3
20.576	3
20.576	2
20.576	3
20.576	3
20.576	3
20.576	2
20.576	3
20.576	3
20.576	3
20.576	3
20.576	3
20.576	2
20.576	3
20.576	3
20.576	3
20.576	3
20.576	3
20.576	3
20.576	2
20.576	3
20.576	3
20.576	3
20.576	3
20.576	2
20.576	3
20.576	3
20.576	3
20.576	3
20.576	3
20.576	3
20.576	2
20.576	3
20.576	3
20.576	4
20.576	3
20.576	3
20.576	3
20.576	3
20.576	3
20.576	3
20.576	3
20.576	2
20.576	3
20.576	3
20.576	3
20.576	3
20.576	3
20.576	3
20.576	3
20.576	3
20.576	3
20.576	3
20.576	3
20.576	3
20.576	3
20.607	3
20.607	3
20.607	4
20.607	3
20.607	3
20.607	3
20.607	3
20.607	3
20.607	3
20.607	3
20.607	4
20.607	5
20.607	3
20.607	3
20.607	3
20.607	3
20.607	3
20.607	2
20.607	3
20.607	3
20.607	3
20.607	3
20.607	3
20.607	3
20.607	3
20.607	3
20.607	3
20.607	3
20.607	3
20.607	4
20.607	3
20.607	3
20.607	3
20.607	3
20.607	3
20.607	3
20.607	3
20.607	3
20.607	3
20.607	3
20.607	3
20.607	3
20.607	3
20.607	3
20.607	3
20.607	3
20.607	3
20.607	3
20.607	3
20.607	3
20.607	3
20.607	3
20.607	3
20.607	3
20.607	3
20.607	3
20.607	3
20.607	3
20.607	3
20.607	3
20.607	3
20.607	3
20.607	3
20.607	3
20.607	3
20.607	3
20.607	3
20.607	3
20.607	3
20.607	3
20.607	3
20.607	3
20.607	3
20.607	3
20.607	2
20.607	3
20.607	3
20.607	3
20.607	2
20.607	3
20.607	3
20.607	3
20.607	3
20.607	3
20.607	2
20.607	3
20.607	3
20.607	3
20.607	3
20.607	3
20.607	3
20.607	2
20.607	3
20.607	3
20.607	3
20.607	3
20.607	2
20.607	3
20.607	3
20.607	3
20.607	3
20.607	3
20.607	3
20.607	2
20.607	3
20.607	3
20.607	4
20.607	3
20.607	3
20.607	3
20.607	3
20.607	3
20.607	3
20.607	3
20.607	3
20.607	3
20.607	3
20.607	3
20.607	3
20.607	3
20.607	3
20.607	3
20.607	3
20.607	3
20.607	3
20.607	3
20.607	3
20.607	3
20.641	3
20.641	3
20.641	4
20.641	3
20.641	3
20.641	3
20.641	3
20.641	3
20.641	3
20.641	3
20.641	4
20.641	5
20.641	3
20.641	3
20.641	3
20.641	3
20.641	3
20.641	2
20.641	3
20.641	3
20.641	3
20.641	3
20.641	3
20.641	3
20.641	3
20.641	3
20.641	3
20.641	3
20.641	3
20.641	4
20.641	3
20.641	3
20.641	3
20.641	3
20.641	3
20.641	3
20.641	3
20.641	3
20.641	3
20.641	3
20.641	3
20.641	3
20.641	3
20.641	3
20.641	3
20.641	3
20.641	3
20.641	3
20.641	3
20.641	3
20.641	3
20.641	3
20.641	3
20.641	3
20.641	3
20.641	3
20.641	3
20.641	3
20.641	3
20.641	3
20.641	3
20.641	3
20.641	3
20.641	3
20.641	3
20.641	3
20.641	3
20.641	3
20.641	3
20.641	3
20.641	3
20.641	3
20.641	3
20.641	3
20.641	2
20.641	3
20.641	3
20.641	3
20.641	3
20.641	3
20.641	3
20.641	3
20.641	3
20.641	3
20.641	2
20.641	3
20.641	3
20.641	3
20.641	3
20.641	3
20.641	3
20.641	2
20.641	3
20.641	3
20.641	3
20.641	3
20.641	2
20.641	3
20.641	3
20.641	3
20.641	3
20.641	3
20.641	3
20.641	2
20.641	3
20.641	3
20.641	4
20.641	3
20.641	3
20.641	3
20.641	3
20.641	3
20.641	3
20.641	3
20.641	3
20.641	3
20.641	3
20.641	3
20.641	3
20.641	3
20.641	3
20.641	3
20.641	3
20.641	3
20.641	3
20.641	3
20.641	3
20.641	3
20.672	3
20.672	3
20.672	4
20.672	3
20.672	3
20.672	3
20.672	3
20.672	3
20.672	3
20.672	3
20.672	4
20.672	5
20.672	3
20.672	3
20.672	3
20.672	3
20.672	3
20.672	2
20.672	3
20.672	3
20.672	3
20.672	3
20.672	3
20.672	3
20.672	3
20.672	3
20.672	3
20.672	3
20.672	3
20.672	4
20.672	3
20.672	3
20.672	3
20.672	3
20.672	3
20.672	3
20.672	3
20.672	3
20.672	3
20.672	3
20.672	3
20.672	3
20.672	3
20.672	3
20.672	3
20.672	3
20.672	3
20.672	3
20.672	3
20.672	3
20.672	3
20.672	3
20.672	3
20.672	3
20.672	3
20.672	3
20.672	3
20.672	3
20.672	3
20.672	3
20.672	3
20.672	3
20.672	3
20.672	3
20.672	3
20.672	3
20.672	3
20.672	3
20.672	3
20.672	3
20.672	3
20.672	3
20.672	3
20.672	3
20.672	2
20.672	3
20.672	3
20.672	3
20.672	3
20.672	3
20.672	3
20.672	3
20.672	3
20.672	3
20.672	2
20.672	3
20.672	3
20.672	3
20.672	3
20.672	3
20.672	3
20.672	3
20.672	3
20.672	3
20.672	3
20.672	3
20.672	2
20.672	3
20.672	3
20.672	3
20.672	3
20.672	3
20.672	3
20.672	2
20.672	3
20.672	3
20.672	4
20.672	3
20.672	3
20.672	3
20.672	3
20.672	3
20.672	3
20.672	3
20.672	3
20.672	3
20.672	3
20.672	3
20.672	3
20.672	3
20.672	3
20.672	3
20.672	3
20.672	3
20.672	3
20.672	3
20.672	3
20.672	3
20.736	4
20.736	3
20.736	4
20.736	3
20.736	3
20.736	3
20.736	3
20.736	3
20.736	3
20.736	3
20.736	4
20.736	5
20.736	3
20.736	3
20.736	3
20.736	3
20.736	3
20.736	2
20.736	3
20.736	3
20.736	3
20.736	3
20.736	3
20.736	3
20.736	3
20.736	3
20.736	3
20.736	3
20.736	3
20.736	4
20.736	3
20.736	3
20.736	3
20.736	3
20.736	3
20.736	3
20.736	3
20.736	3
20.736	3
20.736	3
20.736	3
20.736	3
20.736	3
20.736	3
20.736	3
20.736	3
20.736	3
20.736	3
20.736	3
20.736	3
20.736	3
20.736	3
20.736	3
20.736	3
20.736	3
20.736	3
20.736	3
20.736	3
20.736	3
20.736	3
20.736	3
20.736	3
20.736	3
20.736	3
20.736	3
20.736	3
20.736	3
20.736	3
20.736	3
20.736	3
20.736	3
20.736	3
20.736	3
20.736	3
20.736	2
20.736	3
20.736	3
20.736	3
20.736	3
20.736	3
20.736	3
20.736	3
20.736	3
20.736	3
20.736	2
20.736	3
20.736	3
20.736	3
20.736	3
20.736	3
20.736	3
20.736	3
20.736	3
20.736	3
20.736	3
20.736	3
20.736	2
20.736	3
20.736	3
20.736	3
20.736	3
20.736	3
20.736	3
20.736	2
20.736	3
20.736	3
20.736	4
20.736	3
20.736	3
20.736	3
20.736	3
20.736	3
20.736	3
20.736	3
20.736	3
20.736	3
20.736	3
20.736	3
20.736	3
20.736	3
20.736	3
20.736	3
20.736	3
20.736	3
20.736	3
20.736	3
20.736	3
20.736	3
20.779	4
20.779	3
20.779	4
20.779	3
20.779	3
20.779	3
20.779	3
20.779	3
20.779	3
20.779	3
20.779	4
20.779	5
20.779	3
20.779	3
20.779	3
20.779	3
20.779	3
20.779	2
20.779	3
20.779	3
20.779	3
20.779	3
20.779	3
20.779	3
20.779	3
20.779	3
20.779	3
20.779	3
20.779	3
20.779	4
20.779	3
20.779	3
20.779	3
20.779	3
20.779	3
20.779	3
20.779	3
20.779	3
20.779	3
20.779	3
20.779	3
20.779	3
20.779	3
20.779	3
20.779	3
20.779	3
20.779	3
20.779	3
20.779	3
20.779	3
20.779	3
20.779	3
20.779	3
20.779	3
20.779	3
20.779	3
20.779	3
20.779	3
20.779	3
20.779	3
20.779	3
20.779	3
20.779	3
20.779	3
20.779	3
20.779	3
20.779	3
20.779	3
20.779	3
20.779	3
20.779	3
20.779	3
20.779	3
20.779	3
20.779	3
20.779	3
20.779	3
20.779	3
20.779	3
20.779	3
20.779	3
20.779	3
20.779	3
20.779	3
20.779	2
20.779	3
20.779	3
20.779	3
20.779	3
20.779	3
20.779	3
20.779	3
20.779	3
20.779	3
20.779	3
20.779	3
20.779	2
20.779	3
20.779	3
20.779	3
20.779	3
20.779	3
20.779	3
20.779	2
20.779	3
20.779	3
20.779	4
20.779	3
20.779	3
20.779	3
20.779	3
20.779	3
20.779	3
20.779	3
20.779	3
20.779	3
20.779	3
20.779	3
20.779	3
20.779	3
20.779	3
20.779	3
20.779	3
20.779	3
20.779	3
20.779	3
20.779	3
20.779	3
20.808	4
20.808	3
20.808	4
20.808	3
20.808	3
20.808	3
20.808	3
20.808	3
20.808	3
20.808	3
20.808	4
20.808	5
20.808	3
20.808	3
20.808	3
20.808	3
20.808	3
20.808	2
20.808	3
20.808	3
20.808	3
20.808	3
20.808	3
20.808	3
20.808	3
20.808	3
20.808	3
20.808	3
20.808	3
20.808	4
20.808	3
20.808	3
20.808	3
20.808	3
20.808	3
20.808	3
20.808	3
20.808	3
20.808	3
20.808	3
20.808	3
20.808	3
20.808	3
20.808	3
20.808	3
20.808	3
20.808	3
20.808	3
20.808	3
20.808	3
20.808	3
20.808	3
20.808	3
20.808	3
20.808	3
20.808	3
20.808	3
20.808	3
20.808	3
20.808	3
20.808	3
20.808	3
20.808	3
20.808	3
20.808	3
20.808	3
20.808	3
20.808	3
20.808	3
20.808	3
20.808	3
20.808	3
20.808	3
20.808	3
20.808	3
20.808	3
20.808	3
20.808	3
20.808	3
20.808	3
20.808	3
20.808	3
20.808	3
20.808	3
20.808	2
20.808	3
20.808	3
20.808	3
20.808	3
20.808	3
20.808	3
20.808	3
20.808	3
20.808	3
20.808	3
20.808	3
20.808	2
20.808	3
20.808	3
20.808	3
20.808	3
20.808	3
20.808	3
20.808	3
20.808	3
20.808	3
20.808	4
20.808	3
20.808	3
20.808	3
20.808	3
20.808	3
20.808	3
20.808	3
20.808	3
20.808	3
20.808	3
20.808	3
20.808	3
20.808	3
20.808	3
20.808	3
20.808	3
20.808	3
20.808	3
20.808	3
20.808	3
20.808	3
20.954	4
20.954	3
20.954	4
20.954	3
20.954	3
20.954	3
20.954	3
20.954	3
20.954	3
20.954	3
20.954	4
20.954	5
20.954	3
20.954	3
20.954	3
20.954	3
20.954	4
20.954	2
20.954	3
20.954	3
20.954	3
20.954	3
20.954	3
20.954	3
20.954	3
20.954	3
20.954	3
20.954	3
20.954	3
20.954	4
20.954	3
20.954	3
20.954	3
20.954	3
20.954	3
20.954	3
20.954	3
20.954	3
20.954	3
20.954	3
20.954	3
20.954	3
20.954	3
20.954	3
20.954	3
20.954	3
20.954	3
20.954	3
20.954	3
20.954	3
20.954	3
20.954	3
20.954	3
20.954	3
20.954	3
20.954	3
20.954	3
20.954	3
20.954	3
20.954	3
20.954	3
20.954	3
20.954	3
20.954	3
20.954	3
20.954	3
20.954	3
20.954	3
20.954	3
20.954	3
20.954	3
20.954	3
20.954	3
20.954	3
20.954	3
20.954	3
20.954	3
20.954	3
20.954	3
20.954	3
20.954	3
20.954	3
20.954	3
20.954	3
20.954	2
20.954	3
20.954	3
20.954	3
20.954	3
20.954	3
20.954	3
20.954	3
20.954	3
20.954	3
20.954	3
20.954	3
20.954	2
20.954	3
20.954	3
20.954	3
20.954	3
20.954	3
20.954	3
20.954	3
20.954	3
20.954	3
20.954	4
20.954	3
20.954	3
20.954	3
20.954	3
20.954	3
20.954	3
20.954	3
20.954	3
20.954	3
20.954	3
20.954	3
20.954	3
20.954	3
20.954	3
20.954	3
20.954	3
20.954	3
20.954	3
20.954	3
20.954	3
20.954	3
20.988	4
20.988	3
20.988	4
20.988	3
20.988	3
20.988	3
20.988	3
20.988	3
20.988	3
20.988	3
20.988	4
20.988	5
20.988	3
20.988	3
20.988	4
20.988	3
20.988	4
20.988	2
20.988	3
20.988	3
20.988	3
20.988	3
20.988	3
20.988	3
20.988	3
20.988	3
20.988	3
20.988	3
20.988	3
20.988	4
20.988	3
20.988	3
20.988	3
20.988	3
20.988	3
20.988	3
20.988	3
20.988	3
20.988	3
20.988	3
20.988	3
20.988	3
20.988	3
20.988	3
20.988	3
20.988	3
20.988	3
20.988	3
20.988	3
20.988	3
20.988	3
20.988	3
20.988	3
20.988	3
20.988	3
20.988	3
20.988	3
20.988	3
20.988	3
20.988	3
20.988	3
20.988	3
20.988	3
20.988	3
20.988	3
20.988	3
20.988	3
20.988	3
20.988	3
20.988	3
20.988	3
20.988	3
20.988	3
20.988	3
20.988	3
20.988	3
20.988	3
20.988	3
20.988	3
20.988	3
20.988	3
20.988	3
20.988	3
20.988	3
20.988	2
20.988	3
20.988	3
20.988	3
20.988	3
20.988	3
20.988	3
20.988	3
20.988	3
20.988	3
20.988	3
20.988	3
20.988	2
20.988	3
20.988	3
20.988	3
20.988	3
20.988	3
20.988	3
20.988	3
20.988	3
20.988	3
20.988	4
20.988	3
20.988	3
20.988	3
20.988	3
20.988	3
20.988	3
20.988	3
20.988	3
20.988	3
20.988	3
20.988	3
20.988	3
20.988	3
20.988	3
20.988	3
20.988	3
20.988	3
20.988	3
20.988	3
20.988	3
20.988	3
21.017	4
21.017	3
21.017	4
21.017	3
21.017	3
21.017	3
21.017	3
21.017	3
21.017	3
21.017	3
21.017	4
21.017	5
21.017	3
21.017	3
21.017	4
21.017	3
21.017	4
21.017	2
21.017	3
21.017	3
21.017	3
21.017	3
21.017	3
21.017	3
21.017	3
21.017	3
21.017	3
21.017	3
21.017	3
21.017	4
21.017	3
21.017	3
21.017	3
21.017	3
21.017	3
21.017	3
21.017	3
21.017	3
21.017	3
21.017	3
21.017	3
21.017	3
21.017	3
21.017	3
21.017	3
21.017	3
21.017	3
21.017	3
21.017	3
21.017	3
21.017	3
21.017	3
21.017	3
21.017	3
21.017	3
21.017	3
21.017	3
21.017	3
21.017	3
21.017	3
21.017	3
21.017	3
21.017	3
21.017	3
21.017	3
21.017	3
21.017	3
21.017	3
21.017	3
21.017	3
21.017	3
21.017	3
21.017	3
21.017	3
21.017	3
21.017	3
21.017	3
21.017	3
21.017	3
21.017	3
21.017	3
21.017	3
21.017	3
21.017	3
21.017	2
21.017	3
21.017	3
21.017	3
21.017	3
21.017	3
21.017	3
21.017	3
21.017	3
21.017	3
21.017	3
21.017	3
21.017	2
21.017	3
21.017	3
21.017	3
21.017	3
21.017	3
21.017	3
21.017	3
21.017	3
21.017	3
21.017	4
21.017	3
21.017	3
21.017	3
21.017	3
21.017	3
21.017	3
21.017	3
21.017	4
21.017	3
21.017	3
21.017	3
21.017	3
21.017	3
21.017	3
21.017	3
21.017	3
21.017	3
21.017	3
21.017	3
21.017	3
21.017	3
21.035	4
21.035	3
21.035	4
21.035	3
21.035	3
21.035	3
21.035	3
21.035	3
21.035	3
21.035	3
21.035	4
21.035	5
21.035	3
21.035	3
21.035	4
21.035	3
21.035	4
21.035	2
21.035	3
21.035	3
21.035	3
21.035	3
21.035	3
21.035	3
21.035	3
21.035	3
21.035	3
21.035	3
21.035	3
21.035	4
21.035	3
21.035	3
21.035	3
21.035	3
21.035	3
21.035	3
21.035	3
21.035	3
21.035	3
21.035	3
21.035	3
21.035	3
21.035	3
21.035	3
21.035	3
21.035	3
21.035	3
21.035	3
21.035	3
21.035	3
21.035	3
21.035	3
21.035	3
21.035	3
21.035	3
21.035	3
21.035	3
21.035	3
21.035	3
21.035	3
21.035	3
21.035	3
21.035	3
21.035	3
21.035	3
21.035	3
21.035	3
21.035	3
21.035	3
21.035	3
21.035	3
21.035	3
21.035	3
21.035	3
21.035	3
21.035	3
21.035	3
21.035	3
21.035	3
21.035	3
21.035	3
21.035	3
21.035	3
21.035	3
21.035	2
21.035	3
21.035	3
21.035	3
21.035	3
21.035	3
21.035	3
21.035	3
21.035	3
21.035	3
21.035	3
21.035	3
21.035	2
21.035	3
21.035	3
21.035	3
21.035	3
21.035	3
21.035	3
21.035	3
21.035	3
21.035	3
21.035	4
21.035	3
21.035	3
21.035	3
21.035	3
21.035	3
21.035	3
21.035	3
21.035	5
21.035	3
21.035	3
21.035	3
21.035	3
21.035	3
21.035	3
21.035	3
21.035	3
21.035	3
21.035	3
21.035	3
21.035	3
21.035	3
21.149	4
21.149	3
21.149	4
21.149	3
21.149	3
21.149	3
21.149	3
21.149	3
21.149	3
21.149	3
21.149	4
21.149	5
21.149	3
21.149	3
21.149	4
21.149	3
21.149	4
21.149	3
21.149	3
21.149	3
21.149	3
21.149	3
21.149	3
21.149	3
21.149	3
21.149	3
21.149	3
21.149	3
21.149	3
21.149	4
21.149	3
21.149	3
21.149	3
21.149	3
21.149	3
21.149	3
21.149	3
21.149	3
21.149	3
21.149	3
21.149	3
21.149	3
21.149	3
21.149	3
21.149	3
21.149	3
21.149	3
21.149	3
21.149	3
21.149	3
21.149	3
21.149	3
21.149	3
21.149	3
21.149	3
21.149	3
21.149	3
21.149	3
21.149	3
21.149	3
21.149	3
21.149	3
21.149	3
21.149	3
21.149	3
21.149	3
21.149	3
21.149	3
21.149	3
21.149	3
21.149	3
21.149	3
21.149	3
21.149	3
21.149	3
21.149	3
21.149	3
21.149	3
21.149	3
21.149	3
21.149	3
21.149	3
21.149	3
21.149	3
21.149	2
21.149	3
21.149	3
21.149	3
21.149	3
21.149	3
21.149	3
21.149	3
21.149	3
21.149	3
21.149	3
21.149	3
21.149	2
21.149	3
21.149	3
21.149	3
21.149	3
21.149	3
21.149	3
21.149	3
21.149	3
21.149	3
21.149	4
21.149	3
21.149	3
21.149	3
21.149	3
21.149	3
21.149	3
21.149	3
21.149	5
21.149	3
21.149	3
21.149	3
21.149	3
21.149	3
21.149	3
21.149	3
21.149	3
21.149	3
21.149	3
21.149	3
21.149	3
21.149	3
21.163	4
21.163	3
21.163	4
21.163	3
21.163	3
21.163	3
21.163	3
21.163	3
21.163	3
21.163	3
21.163	4
21.163	5
21.163	3
21.163	3
21.163	4
21.163	3
21.163	4
21.163	3
21.163	3
21.163	3
21.163	3
21.163	3
21.163	3
21.163	3
21.163	3
21.163	3
21.163	3
21.163	3
21.163	3
21.163	4
21.163	3
21.163	3
21.163	3
21.163	3
21.163	3
21.163	3
21.163	3
21.163	3
21.163	3
21.163	3
21.163	3
21.163	3
21.163	3
21.163	3
21.163	3
21.163	3
21.163	3
21.163	3
21.163	3
21.163	3
21.163	3
21.163	3
21.163	3
21.163	3
21.163	3
21.163	3
21.163	3
21.163	3
21.163	3
21.163	3
21.163	3
21.163	3
21.163	3
21.163	3
21.163	3
21.163	3
21.163	3
21.163	3
21.163	3
21.163	3
21.163	3
21.163	3
21.163	3
21.163	3
21.163	3
21.163	3
21.163	3
21.163	3
21.163	3
21.163	3
21.163	3
21.163	3
21.163	3
21.163	3
21.163	3
21.163	3
21.163	3
21.163	3
21.163	3
21.163	3
21.163	3
21.163	3
21.163	3
21.163	3
21.163	3
21.163	3
21.163	2
21.163	3
21.163	3
21.163	3
21.163	3
21.163	3
21.163	3
21.163	3
21.163	3
21.163	3
21.163	4
21.163	3
21.163	3
21.163	3
21.163	3
21.163	3
21.163	3
21.163	3
21.163	5
21.163	3
21.163	3
21.163	3
21.163	3
21.163	3
21.163	3
21.163	3
21.163	3
21.163	3
21.163	3
21.163	3
21.163	3
21.163	3
21.609	4
21.609	3
21.609	4
21.609	3
21.609	3
21.609	3
21.609	3
21.609	3
21.609	3
21.609	3
21.609	4
21.609	5
21.609	3
21.609	3
21.609	4
21.609	3
21.609	4
21.609	3
21.609	3
21.609	3
21.609	3
21.609	3
21.609	3
21.609	3
21.609	3
21.609	3
21.609	3
21.609	3
21.609	3
21.609	4
21.609	3
21.609	3
21.609	3
21.609	3
21.609	3
21.609	3
21.609	3
21.609	3
21.609	3
21.609	3
21.609	3
21.609	3
21.609	3
21.609	3
21.609	3
21.609	3
21.609	3
21.609	3
21.609	3
21.609	3
21.609	3
21.609	3
21.609	3
21.609	3
21.609	3
21.609	3
21.609	3
21.609	3
21.609	3
21.609	3
21.609	3
21.609	3
21.609	3
21.609	3
21.609	3
21.609	3
21.609	3
21.609	3
21.609	3
21.609	3
21.609	3
21.609	3
21.609	3
21.609	3
21.609	3
21.609	3
21.609	3
21.609	3
21.609	3
21.609	3
21.609	3
21.609	3
21.609	3
21.609	3
21.609	4
21.609	3
21.609	3
21.609	3
21.609	3
21.609	3
21.609	3
21.609	3
21.609	3
21.609	3
21.609	3
21.609	3
21.609	2
21.609	3
21.609	3
21.609	3
21.609	3
21.609	3
21.609	3
21.609	3
21.609	3
21.609	3
21.609	4
21.609	3
21.609	3
21.609	3
21.609	3
21.609	3
21.609	3
21.609	3
21.609	5
21.609	3
21.609	3
21.609	3
21.609	3
21.609	3
21.609	3
21.609	3
21.609	3
21.609	3
21.609	3
21.609	3
21.609	3
21.609	3
21.789	4
21.789	3
21.789	4
21.789	3
21.789	3
21.789	3
21.789	3
21.789	3
21.789	3
21.789	3
21.789	4
21.789	5
21.789	3
21.789	3
21.789	4
21.789	3
21.789	4
21.789	3
21.789	3
21.789	3
21.789	3
21.789	3
21.789	3
21.789	3
21.789	3
21.789	3
21.789	3
21.789	3
21.789	3
21.789	3
21.789	3
21.789	3
21.789	3
21.789	3
21.789	3
21.789	3
21.789	3
21.789	3
21.789	3
21.789	3
21.789	3
21.789	3
21.789	3
21.789	3
21.789	3
21.789	3
21.789	3
21.789	3
21.789	3
21.789	3
21.789	3
21.789	3
21.789	3
21.789	3
21.789	3
21.789	3
21.789	3
21.789	3
21.789	3
21.789	3
21.789	3
21.789	3
21.789	3
21.789	3
21.789	3
21.789	3
21.789	3
21.789	3
21.789	3
21.789	3
21.789	3
21.789	3
21.789	3
21.789	3
21.789	3
21.789	3
21.789	3
21.789	3
21.789	3
21.789	3
21.789	3
21.789	3
21.789	3
21.789	3
21.789	4
21.789	3
21.789	3
21.789	3
21.789	3
21.789	3
21.789	3
21.789	3
21.789	3
21.789	3
21.789	3
21.789	3
21.789	2
21.789	3
21.789	3
21.789	3
21.789	3
21.789	3
21.789	3
21.789	3
21.789	3
21.789	3
21.789	4
21.789	3
21.789	3
21.789	3
21.789	3
21.789	3
21.789	3
21.789	3
21.789	5
21.789	3
21.789	3
21.789	3
21.789	3
21.789	3
21.789	3
21.789	3
21.789	3
21.789	3
21.789	3
21.789	3
21.789	3
21.789	3
21.913	4
21.913	3
21.913	4
21.913	3
21.913	3
21.913	3
21.913	3
21.913	3
21.913	3
21.913	3
21.913	4
21.913	5
21.913	3
21.913	3
21.913	4
21.913	3
21.913	4
21.913	3
21.913	3
21.913	3
21.913	3
21.913	3
21.913	3
21.913	3
21.913	3
21.913	3
21.913	3
21.913	3
21.913	3
21.913	3
21.913	3
21.913	3
21.913	3
21.913	3
21.913	3
21.913	3
21.913	3
21.913	3
21.913	3
21.913	3
21.913	3
21.913	3
21.913	3
21.913	3
21.913	3
21.913	3
21.913	3
21.913	3
21.913	3
21.913	3
21.913	3
21.913	3
21.913	3
21.913	3
21.913	3
21.913	3
21.913	3
21.913	3
21.913	3
21.913	3
21.913	3
21.913	3
21.913	3
21.913	3
21.913	3
21.913	3
21.913	3
21.913	3
21.913	3
21.913	3
21.913	3
21.913	3
21.913	3
21.913	3
21.913	3
21.913	3
21.913	3
21.913	3
21.913	3
21.913	3
21.913	3
21.913	3
21.913	3
21.913	3
21.913	4
21.913	3
21.913	3
21.913	3
21.913	3
21.913	3
21.913	3
21.913	3
21.913	3
21.913	3
21.913	3
21.913	3
21.913	3
21.913	3
21.913	3
21.913	3
21.913	3
21.913	3
21.913	3
21.913	3
21.913	3
21.913	3
21.913	4
21.913	3
21.913	3
21.913	3
21.913	3
21.913	3
21.913	3
21.913	3
21.913	5
21.913	3
21.913	3
21.913	3
21.913	3
21.913	3
21.913	3
21.913	3
21.913	3
21.913	3
21.913	3
21.913	3
21.913	3
21.913	3
22.263	4
22.263	3
22.263	4
22.263	3
22.263	3
22.263	3
22.263	3
22.263	3
22.263	3
22.263	3
22.263	4
22.263	4
22.263	3
22.263	3
22.263	4
22.263	3
22.263	4
22.263	3
22.263	3
22.263	3
22.263	3
22.263	3
22.263	3
22.263	3
22.263	3
22.263	3
22.263	3
22.263	3
22.263	3
22.263	3
22.263	3
22.263	3
22.263	3
22.263	3
22.263	3
22.263	3
22.263	3
22.263	3
22.263	3
22.263	3
22.263	3
22.263	3
22.263	3
22.263	3
22.263	3
22.263	3
22.263	3
22.263	3
22.263	3
22.263	3
22.263	3
22.263	3
22.263	3
22.263	3
22.263	3
22.263	3
22.263	3
22.263	3
22.263	3
22.263	3
22.263	3
22.263	3
22.263	3
22.263	3
22.263	3
22.263	3
22.263	3
22.263	3
22.263	3
22.263	3
22.263	3
22.263	3
22.263	3
22.263	3
22.263	3
22.263	3
22.263	3
22.263	3
22.263	3
22.263	3
22.263	3
22.263	3
22.263	3
22.263	3
22.263	4
22.263	3
22.263	3
22.263	3
22.263	3
22.263	3
22.263	3
22.263	3
22.263	3
22.263	3
22.263	3
22.263	3
22.263	3
22.263	3
22.263	3
22.263	3
22.263	3
22.263	3
22.263	3
22.263	3
22.263	3
22.263	3
22.263	4
22.263	3
22.263	3
22.263	3
22.263	3
22.263	3
22.263	3
22.263	3
22.263	5
22.263	3
22.263	3
22.263	3
22.263	3
22.263	3
22.263	3
22.263	3
22.263	3
22.263	3
22.263	3
22.263	3
22.263	3
22.263	3
22.869	4
22.869	3
22.869	4
22.869	3
22.869	3
22.869	3
22.869	3
22.869	3
22.869	3
22.869	3
22.869	4
22.869	4
22.869	3
22.869	3
22.869	4
22.869	3
22.869	4
22.869	3
22.869	3
22.869	3
22.869	3
22.869	3
22.869	3
22.869	3
22.869	3
22.869	3
22.869	3
22.869	3
22.869	3
22.869	3
22.869	3
22.869	3
22.869	3
22.869	3
22.869	3
22.869	3
22.869	3
22.869	3
22.869	3
22.869	3
22.869	3
22.869	3
22.869	3
22.869	3
22.869	3
22.869	3
22.869	3
22.869	3
22.869	3
22.869	3
22.869	3
22.869	3
22.869	3
22.869	3
22.869	3
22.869	3
22.869	3
22.869	3
22.869	3
22.869	3
22.869	3
22.869	3
22.869	3
22.869	3
22.869	3
22.869	3
22.869	3
22.869	3
22.869	3
22.869	3
22.869	3
22.869	3
22.869	3
22.869	3
22.869	3
22.869	3
22.869	3
22.869	3
22.869	3
22.869	3
22.869	3
22.869	3
22.869	3
22.869	3
22.869	4
22.869	3
22.869	3
22.869	3
22.869	3
22.869	3
22.869	3
22.869	3
22.869	3
22.869	3
22.869	3
22.869	3
22.869	3
22.869	3
22.869	3
22.869	3
22.869	3
22.869	3
22.869	3
22.869	3
22.869	3
22.869	3
22.869	3
22.869	3
22.869	3
22.869	3
22.869	3
22.869	3
22.869	3
22.869	3
22.869	5
22.869	3
22.869	3
22.869	3
22.869	3
22.869	3
22.869	3
22.869	3
22.869	3
22.869	3
22.869	3
22.869	3
22.869	3
22.869	3
22.95	4
22.95	3
22.95	4
22.95	3
22.95	3
22.95	3
22.95	3
22.95	3
22.95	3
22.95	3
22.95	4
22.95	4
22.95	3
22.95	3
22.95	4
22.95	3
22.95	4
22.95	3
22.95	3
22.95	3
22.95	3
22.95	3
22.95	3
22.95	3
22.95	3
22.95	3
22.95	3
22.95	3
22.95	3
22.95	3
22.95	3
22.95	3
22.95	3
22.95	3
22.95	3
22.95	3
22.95	3
22.95	3
22.95	3
22.95	3
22.95	3
22.95	3
22.95	3
22.95	3
22.95	3
22.95	3
22.95	3
22.95	3
22.95	3
22.95	3
22.95	3
22.95	3
22.95	3
22.95	3
22.95	3
22.95	3
22.95	3
22.95	3
22.95	3
22.95	3
22.95	3
22.95	3
22.95	3
22.95	3
22.95	3
22.95	3
22.95	3
22.95	3
22.95	3
22.95	3
22.95	3
22.95	3
22.95	3
22.95	3
22.95	3
22.95	3
22.95	3
22.95	3
22.95	3
22.95	3
22.95	3
22.95	3
22.95	3
22.95	3
22.95	4
22.95	3
22.95	3
22.95	3
22.95	3
22.95	3
22.95	3
22.95	3
22.95	3
22.95	3
22.95	3
22.95	3
22.95	3
22.95	3
22.95	3
22.95	3
22.95	3
22.95	3
22.95	3
22.95	3
22.95	3
22.95	3
22.95	3
22.95	3
22.95	3
22.95	3
22.95	3
22.95	3
22.95	3
22.95	3
22.95	4
22.95	3
22.95	3
22.95	3
22.95	3
22.95	3
22.95	3
22.95	3
22.95	3
22.95	3
22.95	3
22.95	3
22.95	3
22.95	3
23.269	4
23.269	3
23.269	4
23.269	3
23.269	3
23.269	3
23.269	3
23.269	3
23.269	3
23.269	3
23.269	4
23.269	4
23.269	3
23.269	3
23.269	4
23.269	3
23.269	3
23.269	3
23.269	3
23.269	3
23.269	3
23.269	3
23.269	3
23.269	3
23.269	3
23.269	3
23.269	3
23.269	3
23.269	3
23.269	3
23.269	3
23.269	3
23.269	3
23.269	3
23.269	3
23.269	3
23.269	3
23.269	3
23.269	3
23.269	3
23.269	3
23.269	3
23.269	3
23.269	3
23.269	3
23.269	3
23.269	3
23.269	3
23.269	3
23.269	3
23.269	3
23.269	3
23.269	3
23.269	3
23.269	3
23.269	3
23.269	3
23.269	3
23.269	3
23.269	3
23.269	3
23.269	3
23.269	3
23.269	3
23.269	3
23.269	3
23.269	3
23.269	3
23.269	3
23.269	3
23.269	3
23.269	3
23.269	3
23.269	3
23.269	3
23.269	3
23.269	3
23.269	3
23.269	3
23.269	3
23.269	3
23.269	3
23.269	3
23.269	3
23.269	4
23.269	3
23.269	3
23.269	3
23.269	3
23.269	3
23.269	3
23.269	3
23.269	3
23.269	3
23.269	3
23.269	3
23.269	3
23.269	3
23.269	3
23.269	3
23.269	3
23.269	3
23.269	3
23.269	3
23.269	3
23.269	3
23.269	3
23.269	3
23.269	3
23.269	3
23.269	3
23.269	3
23.269	3
23.269	3
23.269	4
23.269	3
23.269	3
23.269	3
23.269	3
23.269	3
23.269	3
23.269	3
23.269	3
23.269	3
23.269	3
23.269	3
23.269	3
23.269	3
23.949	4
23.949	3
23.949	4
23.949	3
23.949	3
23.949	3
23.949	3
23.949	3
23.949	3
23.949	3
23.949	4
23.949	4
23.949	3
23.949	3
23.949	4
23.949	3
23.949	3
23.949	3
23.949	3
23.949	3
23.949	3
23.949	3
23.949	3
23.949	3
23.949	3
23.949	3
23.949	3
23.949	3
23.949	3
23.949	3
23.949	3
23.949	3
23.949	3
23.949	3
23.949	3
23.949	3
23.949	3
23.949	3
23.949	3
23.949	3
23.949	3
23.949	3
23.949	3
23.949	3
23.949	3
23.949	3
23.949	3
23.949	3
23.949	3
23.949	3
23.949	3
23.949	3
23.949	3
23.949	3
23.949	3
23.949	3
23.949	3
23.949	3
23.949	3
23.949	3
23.949	3
23.949	3
23.949	3
23.949	3
23.949	3
23.949	3
23.949	3
23.949	3
23.949	3
23.949	3
23.949	3
23.949	3
23.949	3
23.949	3
23.949	3
23.949	3
23.949	3
23.949	3
23.949	3
23.949	3
23.949	3
23.949	3
23.949	3
23.949	3
23.949	3
23.949	3
23.949	3
23.949	3
23.949	3
23.949	3
23.949	3
23.949	3
23.949	3
23.949	3
23.949	3
23.949	3
23.949	3
23.949	3
23.949	3
23.949	3
23.949	3
23.949	3
23.949	3
23.949	3
23.949	3
23.949	3
23.949	3
23.949	3
23.949	3
23.949	3
23.949	3
23.949	3
23.949	3
23.949	3
23.949	4
23.949	3
23.949	3
23.949	3
23.949	3
23.949	3
23.949	3
23.949	3
23.949	3
23.949	3
23.949	3
23.949	3
23.949	3
23.949	3
24.425	4
24.425	3
24.425	3
24.425	3
24.425	3
24.425	3
24.425	3
24.425	3
24.425	3
24.425	3
24.425	4
24.425	4
24.425	3
24.425	3
24.425	4
24.425	3
24.425	3
24.425	3
24.425	3
24.425	3
24.425	3
24.425	3
24.425	3
24.425	3
24.425	3
24.425	3
24.425	3
24.425	3
24.425	3
24.425	3
24.425	3
24.425	3
24.425	3
24.425	3
24.425	3
24.425	3
24.425	3
24.425	3
24.425	3
24.425	3
24.425	3
24.425	3
24.425	3
24.425	3
24.425	3
24.425	3
24.425	3
24.425	3
24.425	3
24.425	3
24.425	3
24.425	3
24.425	3
24.425	3
24.425	3
24.425	3
24.425	3
24.425	3
24.425	3
24.425	3
24.425	3
24.425	3
24.425	3
24.425	3
24.425	3
24.425	3
24.425	3
24.425	3
24.425	3
24.425	3
24.425	3
24.425	3
24.425	3
24.425	3
24.425	3
24.425	3
24.425	3
24.425	3
24.425	3
24.425	3
24.425	3
24.425	3
24.425	3
24.425	3
24.425	3
24.425	3
24.425	3
24.425	3
24.425	3
24.425	3
24.425	3
24.425	3
24.425	3
24.425	3
24.425	3
24.425	3
24.425	3
24.425	3
24.425	3
24.425	3
24.425	3
24.425	3
24.425	3
24.425	3
24.425	3
24.425	3
24.425	3
24.425	3
24.425	3
24.425	3
24.425	3
24.425	3
24.425	3
24.425	3
24.425	4
24.425	3
24.425	3
24.425	3
24.425	3
24.425	3
24.425	3
24.425	3
24.425	3
24.425	3
24.425	3
24.425	3
24.425	3
24.425	3
25.313	4
25.313	3
25.313	3
25.313	3
25.313	3
25.313	3
25.313	3
25.313	3
25.313	3
25.313	3
25.313	3
25.313	4
25.313	3
25.313	3
25.313	4
25.313	3
25.313	3
25.313	3
25.313	3
25.313	3
25.313	3
25.313	3
25.313	3
25.313	3
25.313	3
25.313	3
25.313	3
25.313	3
25.313	3
25.313	3
25.313	3
25.313	3
25.313	3
25.313	3
25.313	3
25.313	3
25.313	3
25.313	3
25.313	3
25.313	3
25.313	3
25.313	3
25.313	3
25.313	3
25.313	3
25.313	3
25.313	3
25.313	3
25.313	3
25.313	3
25.313	3
25.313	3
25.313	3
25.313	3
25.313	3
25.313	3
25.313	3
25.313	3
25.313	3
25.313	3
25.313	3
25.313	3
25.313	3
25.313	3
25.313	3
25.313	3
25.313	3
25.313	3
25.313	3
25.313	3
25.313	3
25.313	3
25.313	3
25.313	3
25.313	3
25.313	3
25.313	3
25.313	3
25.313	3
25.313	3
25.313	3
25.313	3
25.313	3
25.313	3
25.313	3
25.313	3
25.313	3
25.313	3
25.313	3
25.313	3
25.313	3
25.313	3
25.313	3
25.313	3
25.313	3
25.313	3
25.313	3
25.313	3
25.313	3
25.313	3
25.313	3
25.313	3
25.313	3
25.313	3
25.313	3
25.313	3
25.313	3
25.313	3
25.313	3
25.313	3
25.313	3
25.313	3
25.313	3
25.313	3
25.313	4
25.313	3
25.313	3
25.313	3
25.313	3
25.313	3
25.313	3
25.313	3
25.313	3
25.313	3
25.313	3
25.313	3
25.313	3
25.313	3
25.796	3
25.796	3
25.796	3
25.796	3
25.796	3
25.796	3
25.796	3
25.796	3
25.796	3
25.796	3
25.796	3
25.796	4
25.796	3
25.796	3
25.796	4
25.796	3
25.796	3
25.796	3
25.796	3
25.796	3
25.796	3
25.796	3
25.796	3
25.796	3
25.796	3
25.796	3
25.796	3
25.796	3
25.796	3
25.796	3
25.796	3
25.796	3
25.796	3
25.796	3
25.796	3
25.796	3
25.796	3
25.796	3
25.796	3
25.796	3
25.796	3
25.796	3
25.796	3
25.796	3
25.796	3
25.796	3
25.796	3
25.796	3
25.796	3
25.796	3
25.796	3
25.796	3
25.796	3
25.796	3
25.796	3
25.796	3
25.796	3
25.796	3
25.796	3
25.796	3
25.796	3
25.796	3
25.796	3
25.796	3
25.796	3
25.796	3
25.796	3
25.796	3
25.796	3
25.796	3
25.796	3
25.796	3
25.796	3
25.796	3
25.796	3
25.796	3
25.796	3
25.796	3
25.796	3
25.796	3
25.796	3
25.796	3
25.796	3
25.796	3
25.796	3
25.796	3
25.796	3
25.796	3
25.796	3
25.796	3
25.796	3
25.796	3
25.796	3
25.796	3
25.796	3
25.796	3
25.796	3
25.796	3
25.796	3
25.796	3
25.796	3
25.796	3
25.796	3
25.796	3
25.796	3
25.796	3
25.796	3
25.796	3
25.796	3
25.796	3
25.796	3
25.796	3
25.796	3
25.796	3
25.796	4
25.796	3
25.796	3
25.796	3
25.796	3
25.796	3
25.796	3
25.796	3
25.796	3
25.796	3
25.796	3
25.796	3
25.796	3
25.796	3
26.283	3
26.283	3
26.283	3
26.283	3
26.283	3
26.283	3
26.283	3
26.283	3
26.283	3
26.283	3
26.283	3
26.283	4
26.283	3
26.283	3
26.283	3
26.283	3
26.283	3
26.283	3
26.283	3
26.283	3
26.283	3
26.283	3
26.283	3
26.283	3
26.283	3
26.283	3
26.283	3
26.283	3
26.283	3
26.283	3
26.283	3
26.283	3
26.283	3
26.283	3
26.283	3
26.283	3
26.283	3
26.283	3
26.283	3
26.283	3
26.283	3
26.283	3
26.283	3
26.283	3
26.283	3
26.283	3
26.283	3
26.283	3
26.283	3
26.283	3
26.283	3
26.283	3
26.283	3
26.283	3
26.283	3
26.283	3
26.283	3
26.283	3
26.283	3
26.283	3
26.283	3
26.283	3
26.283	3
26.283	3
26.283	3
26.283	3
26.283	3
26.283	3
26.283	3
26.283	3
26.283	3
26.283	3
26.283	3
26.283	3
26.283	3
26.283	3
26.283	3
26.283	3
26.283	3
26.283	3
26.283	3
26.283	3
26.283	3
26.283	3
26.283	3
26.283	3
26.283	3
26.283	3
26.283	3
26.283	3
26.283	3
26.283	3
26.283	3
26.283	3
26.283	3
26.283	3
26.283	3
26.283	3
26.283	3
26.283	3
26.283	3
26.283	3
26.283	3
26.283	3
26.283	3
26.283	3
26.283	3
26.283	3
26.283	3
26.283	3
26.283	3
26.283	3
26.283	3
26.283	3
26.283	4
26.283	3
26.283	3
26.283	3
26.283	3
26.283	3
26.283	3
26.283	3
26.283	3
26.283	3
26.283	3
26.283	3
26.283	3
26.283	3
26.459	3
26.459	3
26.459	3
26.459	3
26.459	3
26.459	3
26.459	3
26.459	3
26.459	3
26.459	3
26.459	3
26.459	4
26.459	3
26.459	3
26.459	3
26.459	3
26.459	3
26.459	3
26.459	3
26.459	3
26.459	3
26.459	3
26.459	3
26.459	3
26.459	3
26.459	3
26.459	3
26.459	3
26.459	3
26.459	3
26.459	3
26.459	3
26.459	3
26.459	3
26.459	3
26.459	3
26.459	3
26.459	3
26.459	3
26.459	3
26.459	3
26.459	3
26.459	3
26.459	3
26.459	3
26.459	3
26.459	3
26.459	3
26.459	3
26.459	3
26.459	3
26.459	3
26.459	3
26.459	3
26.459	3
26.459	3
26.459	3
26.459	3
26.459	3
26.459	3
26.459	3
26.459	3
26.459	3
26.459	3
26.459	3
26.459	3
26.459	3
26.459	3
26.459	3
26.459	3
26.459	3
26.459	3
26.459	3
26.459	3
26.459	3
26.459	3
26.459	3
26.459	3
26.459	3
26.459	3
26.459	3
26.459	3
26.459	3
26.459	3
26.459	3
26.459	3
26.459	3
26.459	3
26.459	3
26.459	3
26.459	3
26.459	3
26.459	3
26.459	3
26.459	3
26.459	3
26.459	3
26.459	3
26.459	3
26.459	3
26.459	3
26.459	3
26.459	3
26.459	3
26.459	3
26.459	3
26.459	3
26.459	3
26.459	3
26.459	3
26.459	3
26.459	3
26.459	3
26.459	3
26.459	3
26.459	3
26.459	3
26.459	3
26.459	3
26.459	3
26.459	3
26.459	3
26.459	3
26.459	3
26.459	3
26.459	3
26.459	3
26.459	3
29.101	3
29.101	3
29.101	3
29.101	3
29.101	3
29.101	3
29.101	3
29.101	3
29.101	3
29.101	3
29.101	3
29.101	3
29.101	3
29.101	3
29.101	3
29.101	3
29.101	3
29.101	3
29.101	3
29.101	3
29.101	3
29.101	3
29.101	3
29.101	3
29.101	3
29.101	3
29.101	3
29.101	3
29.101	3
29.101	3
29.101	3
29.101	3
29.101	3
29.101	3
29.101	3
29.101	3
29.101	3
29.101	3
29.101	3
29.101	3
29.101	3
29.101	3
29.101	3
29.101	3
29.101	3
29.101	3
29.101	3
29.101	3
29.101	3
29.101	3
29.101	3
29.101	3
29.101	3
29.101	3
29.101	3
29.101	3
29.101	3
29.101	3
29.101	3
29.101	3
29.101	3
29.101	3
29.101	3
29.101	3
29.101	3
29.101	3
29.101	3
29.101	3
29.101	3
29.101	3
29.101	3
29.101	3
29.101	3
29.101	3
29.101	3
29.101	3
29.101	3
29.101	3
29.101	3
29.101	3
29.101	3
29.101	3
29.101	3
29.101	3
29.101	3
29.101	3
29.101	3
29.101	3
29.101	3
29.101	3
29.101	3
29.101	3
29.101	3
29.101	3
29.101	3
29.101	3
29.101	3
29.101	3
29.101	3
29.101	3
29.101	3
29.101	3
29.101	3
29.101	3
29.101	3
29.101	3
29.101	3
29.101	3
29.101	3
29.101	3
29.101	3
29.101	3
29.101	3
29.101	3
29.101	3
29.101	3
29.101	3
29.101	3
29.101	3
29.101	3
29.101	3
29.101	3
29.101	3
29.101	3
29.101	3
29.101	3
29.101	3
29.101	3
