0.001	1
0.002	1
0.003	1
0.004	1
0.005	1
0.006	1
0.007	1
0.008	1
0.009	1
0.01	1
0.02	1
0.03	1.0020171457387796
0.04	1.0158543746330007
0.05	1.0193602693602695
0.06	1.0467219291635268
0.07	1.0639578630549285
0.08	1.06686626746507
0.09	1.0860617399438728
0.1	1.1474669787660927
0.2	1.3404926404325623
0.3	1.3067877037342686
0.4	1.492175777063237
0.5	1.5330610962776818
0.6	1.7421616110119806
0.7	2.172549019607843
0.8	2.1601087651951376
0.9	2.3074724960708672
1.0	2.9320524550167733
2.0	3.3566317228805835
3.0	3.13918705804548
4.0	2.984271742003701
5.0	2.953133417130544
6.0	2.9711080897348743
7.0	2.981864192323914
8.0	2.9825653798256537
9.0	3.001390820584145
10.0	3.0072115384615383
