0.001	1
0.002	1
0.003	1
0.004	1
0.005	1
0.006	1
0.007	1
0.008	1
0.009	1
0.01	1
0.02	1.0307692307692307
0.03	1.0526315789473684
0.04	1.1207430340557276
0.05	1.2602739726027397
0.06	1.4682080924855492
0.07	1.5208333333333333
0.08	1.556390977443609
0.09	1.393939393939394
0.1	1.2559300873907615
0.2	1.6903553299492386
0.3	2.341603898980948
0.4	3.029225908372828
0.5	3.0052083333333335
0.6	3.6594019260010135
0.7	4.162887552059232
0.8	4.670846394984326
0.9	5.0821771611526145
1.0	5.214771622934888
2.0	5.171129220023283
3.0	5.027496382054993
4.0	4.819571865443425
5.0	4.580419580419581
6.0	4.34375
7.0	4.168384879725086
8.0	4.036496350364963
9.0	3.872675250357654
10.0	3.5574585635359117
20.0	3.261418269230769
30.0	3.078125
40.0	3.0208333333333335
100.0	3.105208333333333
200.0	3.0435855263157894
