0.0	3
0.0	3
0.0	3
0.0	2
0.0	3
0.0	3
0.0	2
0.0	3
0.0	3
0.0	3
0.0	2
0.0	2
0.0	3
0.0	3
0.0	3
0.0	3
0.0	3
0.0	3
0.0	2
0.0	3
0.0	3
0.0	3
0.0	3
0.0	3
0.0	3
0.0	3
0.0	3
0.0	3
0.0	3
0.0	3
0.0	3
0.0	3
0.0	2
0.0	3
0.0	3
0.0	2
0.0	2
0.0	3
0.0	3
0.0	3
0.0	3
0.0	3
0.0	3
0.0	3
0.0	2
0.0	3
0.0	3
0.0	3
0.0	3
0.0	2
0.0	3
0.0	3
0.0	3
0.0	3
0.0	3
0.0	3
0.0	2
0.0	3
0.0	3
0.0	3
0.0	3
0.0	3
0.0	3
0.0	3
19.52	3
19.52	3
19.52	3
19.52	2
19.52	3
19.52	3
19.52	2
19.52	3
19.52	3
19.52	3
19.52	2
19.52	2
19.52	3
19.52	3
19.52	3
19.52	3
19.52	3
19.52	3
19.52	2
19.52	3
19.52	3
19.52	3
19.52	3
19.52	3
19.52	3
19.52	3
19.52	3
19.52	3
19.52	3
19.52	3
19.52	3
19.52	3
19.52	2
19.52	3
19.52	3
19.52	3
19.52	2
19.52	3
19.52	3
19.52	3
19.52	3
19.52	3
19.52	3
19.52	3
19.52	2
19.52	3
19.52	3
19.52	3
19.52	3
19.52	2
19.52	3
19.52	3
19.52	3
19.52	3
19.52	3
19.52	3
19.52	2
19.52	3
19.52	3
19.52	3
19.52	3
19.52	3
19.52	3
19.52	3
19.544	3
19.544	3
19.544	3
19.544	2
19.544	3
19.544	3
19.544	2
19.544	3
19.544	3
19.544	3
19.544	2
19.544	2
19.544	3
19.544	3
19.544	3
19.544	3
19.544	3
19.544	3
19.544	2
19.544	3
19.544	3
19.544	3
19.544	3
19.544	3
19.544	3
19.544	3
19.544	3
19.544	3
19.544	3
19.544	3
19.544	3
19.544	3
19.544	2
19.544	3
19.544	3
19.544	3
19.544	3
19.544	3
19.544	3
19.544	3
19.544	3
19.544	3
19.544	3
19.544	3
19.544	2
19.544	3
19.544	3
19.544	3
19.544	3
19.544	2
19.544	3
19.544	3
19.544	3
19.544	3
19.544	3
19.544	3
19.544	2
19.544	3
19.544	3
19.544	3
19.544	3
19.544	3
19.544	3
19.544	3
19.668	3
19.668	3
19.668	3
19.668	2
19.668	3
19.668	3
19.668	2
19.668	3
19.668	3
19.668	3
19.668	2
19.668	2
19.668	3
19.668	3
19.668	3
19.668	3
19.668	3
19.668	3
19.668	2
19.668	3
19.668	3
19.668	3
19.668	3
19.668	3
19.668	3
19.668	3
19.668	3
19.668	3
19.668	3
19.668	3
19.668	3
19.668	3
19.668	2
19.668	3
19.668	3
19.668	3
19.668	3
19.668	3
19.668	3
19.668	3
19.668	3
19.668	3
19.668	3
19.668	3
19.668	2
19.668	3
19.668	3
19.668	3
19.668	3
19.668	3
19.668	3
19.668	3
19.668	3
19.668	3
19.668	3
19.668	3
19.668	2
19.668	3
19.668	3
19.668	3
19.668	3
19.668	3
19.668	3
19.668	3
19.684	3
19.684	3
19.684	3
19.684	2
19.684	3
19.684	3
19.684	3
19.684	3
19.684	3
19.684	3
19.684	2
19.684	2
19.684	3
19.684	3
19.684	3
19.684	3
19.684	3
19.684	3
19.684	2
19.684	3
19.684	3
19.684	3
19.684	3
19.684	3
19.684	3
19.684	3
19.684	3
19.684	3
19.684	3
19.684	3
19.684	3
19.684	3
19.684	2
19.684	3
19.684	3
19.684	3
19.684	3
19.684	3
19.684	3
19.684	3
19.684	3
19.684	3
19.684	3
19.684	3
19.684	2
19.684	3
19.684	3
19.684	3
19.684	3
19.684	3
19.684	3
19.684	3
19.684	3
19.684	3
19.684	3
19.684	3
19.684	2
19.684	3
19.684	3
19.684	3
19.684	3
19.684	3
19.684	3
19.684	3
19.691	3
19.691	3
19.691	3
19.691	2
19.691	3
19.691	3
19.691	4
19.691	3
19.691	3
19.691	3
19.691	2
19.691	2
19.691	3
19.691	3
19.691	3
19.691	3
19.691	3
19.691	3
19.691	2
19.691	3
19.691	3
19.691	3
19.691	3
19.691	3
19.691	3
19.691	3
19.691	3
19.691	3
19.691	3
19.691	3
19.691	3
19.691	3
19.691	2
19.691	3
19.691	3
19.691	3
19.691	3
19.691	3
19.691	3
19.691	3
19.691	3
19.691	3
19.691	3
19.691	3
19.691	2
19.691	3
19.691	3
19.691	3
19.691	3
19.691	3
19.691	3
19.691	3
19.691	3
19.691	3
19.691	3
19.691	3
19.691	2
19.691	3
19.691	3
19.691	3
19.691	3
19.691	3
19.691	3
19.691	3
19.716	3
19.716	3
19.716	3
19.716	2
19.716	3
19.716	3
19.716	4
19.716	3
19.716	3
19.716	3
19.716	2
19.716	3
19.716	3
19.716	3
19.716	3
19.716	3
19.716	3
19.716	3
19.716	2
19.716	3
19.716	3
19.716	3
19.716	3
19.716	3
19.716	3
19.716	3
19.716	3
19.716	3
19.716	3
19.716	3
19.716	3
19.716	3
19.716	2
19.716	3
19.716	3
19.716	3
19.716	3
19.716	3
19.716	3
19.716	3
19.716	3
19.716	3
19.716	3
19.716	3
19.716	2
19.716	3
19.716	3
19.716	3
19.716	3
19.716	3
19.716	3
19.716	3
19.716	3
19.716	3
19.716	3
19.716	3
19.716	2
19.716	3
19.716	3
19.716	3
19.716	3
19.716	3
19.716	3
19.716	3
19.727	3
19.727	3
19.727	3
19.727	2
19.727	3
19.727	3
19.727	4
19.727	3
19.727	3
19.727	3
19.727	3
19.727	3
19.727	3
19.727	3
19.727	3
19.727	3
19.727	3
19.727	3
19.727	2
19.727	3
19.727	3
19.727	3
19.727	3
19.727	3
19.727	3
19.727	3
19.727	3
19.727	3
19.727	3
19.727	3
19.727	3
19.727	3
19.727	2
19.727	3
19.727	3
19.727	3
19.727	3
19.727	3
19.727	3
19.727	3
19.727	3
19.727	3
19.727	3
19.727	3
19.727	2
19.727	3
19.727	3
19.727	3
19.727	3
19.727	3
19.727	3
19.727	3
19.727	3
19.727	3
19.727	3
19.727	3
19.727	2
19.727	3
19.727	3
19.727	3
19.727	3
19.727	3
19.727	3
19.727	3
19.749	3
19.749	3
19.749	3
19.749	2
19.749	3
19.749	3
19.749	4
19.749	3
19.749	3
19.749	3
19.749	3
19.749	3
19.749	3
19.749	3
19.749	3
19.749	3
19.749	3
19.749	3
19.749	2
19.749	3
19.749	3
19.749	3
19.749	3
19.749	3
19.749	3
19.749	3
19.749	3
19.749	3
19.749	3
19.749	3
19.749	3
19.749	3
19.749	2
19.749	3
19.749	3
19.749	3
19.749	3
19.749	3
19.749	3
19.749	3
19.749	3
19.749	3
19.749	3
19.749	3
19.749	2
19.749	3
19.749	3
19.749	3
19.749	3
19.749	3
19.749	3
19.749	3
19.749	3
19.749	3
19.749	3
19.749	3
19.749	3
19.749	3
19.749	3
19.749	3
19.749	3
19.749	3
19.749	3
19.749	3
19.753	3
19.753	3
19.753	3
19.753	2
19.753	3
19.753	3
19.753	4
19.753	3
19.753	3
19.753	3
19.753	3
19.753	3
19.753	3
19.753	3
19.753	3
19.753	3
19.753	3
19.753	3
19.753	2
19.753	3
19.753	3
19.753	3
19.753	3
19.753	3
19.753	3
19.753	3
19.753	3
19.753	3
19.753	3
19.753	3
19.753	3
19.753	3
19.753	2
19.753	3
19.753	3
19.753	4
19.753	3
19.753	3
19.753	3
19.753	3
19.753	3
19.753	3
19.753	3
19.753	3
19.753	2
19.753	3
19.753	3
19.753	3
19.753	3
19.753	3
19.753	3
19.753	3
19.753	3
19.753	3
19.753	3
19.753	3
19.753	3
19.753	3
19.753	3
19.753	3
19.753	3
19.753	3
19.753	3
19.753	3
19.76	3
19.76	3
19.76	3
19.76	2
19.76	3
19.76	3
19.76	4
19.76	3
19.76	3
19.76	3
19.76	3
19.76	3
19.76	3
19.76	3
19.76	3
19.76	3
19.76	3
19.76	3
19.76	2
19.76	3
19.76	3
19.76	3
19.76	3
19.76	3
19.76	3
19.76	3
19.76	3
19.76	3
19.76	3
19.76	3
19.76	3
19.76	3
19.76	2
19.76	3
19.76	3
19.76	4
19.76	3
19.76	3
19.76	3
19.76	3
19.76	3
19.76	3
19.76	3
19.76	3
19.76	2
19.76	3
19.76	3
19.76	3
19.76	3
19.76	3
19.76	3
19.76	3
19.76	3
19.76	3
19.76	3
19.76	3
19.76	4
19.76	3
19.76	3
19.76	3
19.76	3
19.76	3
19.76	3
19.76	3
19.779	3
19.779	3
19.779	3
19.779	2
19.779	3
19.779	3
19.779	4
19.779	3
19.779	3
19.779	3
19.779	3
19.779	3
19.779	3
19.779	3
19.779	3
19.779	3
19.779	3
19.779	3
19.779	2
19.779	3
19.779	3
19.779	3
19.779	3
19.779	3
19.779	3
19.779	3
19.779	3
19.779	3
19.779	3
19.779	3
19.779	3
19.779	3
19.779	3
19.779	3
19.779	3
19.779	4
19.779	3
19.779	3
19.779	3
19.779	3
19.779	3
19.779	3
19.779	3
19.779	3
19.779	2
19.779	3
19.779	3
19.779	3
19.779	3
19.779	3
19.779	3
19.779	3
19.779	3
19.779	3
19.779	3
19.779	3
19.779	4
19.779	3
19.779	3
19.779	3
19.779	3
19.779	3
19.779	3
19.779	3
19.789	3
19.789	3
19.789	3
19.789	2
19.789	3
19.789	3
19.789	4
19.789	3
19.789	3
19.789	3
19.789	3
19.789	3
19.789	3
19.789	3
19.789	3
19.789	3
19.789	3
19.789	3
19.789	2
19.789	3
19.789	3
19.789	3
19.789	3
19.789	3
19.789	3
19.789	3
19.789	3
19.789	3
19.789	3
19.789	3
19.789	3
19.789	3
19.789	3
19.789	3
19.789	3
19.789	4
19.789	3
19.789	3
19.789	3
19.789	3
19.789	3
19.789	3
19.789	3
19.789	3
19.789	3
19.789	3
19.789	3
19.789	3
19.789	3
19.789	3
19.789	3
19.789	3
19.789	3
19.789	3
19.789	3
19.789	3
19.789	4
19.789	3
19.789	3
19.789	3
19.789	3
19.789	3
19.789	3
19.789	3
19.819	3
19.819	3
19.819	3
19.819	2
19.819	3
19.819	3
19.819	4
19.819	3
19.819	3
19.819	3
19.819	3
19.819	3
19.819	3
19.819	3
19.819	3
19.819	3
19.819	3
19.819	3
19.819	2
19.819	3
19.819	3
19.819	3
19.819	3
19.819	3
19.819	3
19.819	3
19.819	3
19.819	3
19.819	3
19.819	3
19.819	3
19.819	3
19.819	3
19.819	3
19.819	3
19.819	5
19.819	3
19.819	3
19.819	3
19.819	3
19.819	3
19.819	3
19.819	3
19.819	3
19.819	3
19.819	3
19.819	3
19.819	3
19.819	3
19.819	3
19.819	3
19.819	3
19.819	3
19.819	3
19.819	3
19.819	3
19.819	4
19.819	3
19.819	3
19.819	3
19.819	3
19.819	3
19.819	3
19.819	3
19.821	3
19.821	3
19.821	3
19.821	2
19.821	3
19.821	3
19.821	4
19.821	3
19.821	3
19.821	3
19.821	3
19.821	3
19.821	3
19.821	3
19.821	3
19.821	3
19.821	3
19.821	3
19.821	2
19.821	3
19.821	3
19.821	3
19.821	3
19.821	3
19.821	3
19.821	3
19.821	3
19.821	3
19.821	3
19.821	3
19.821	3
19.821	3
19.821	4
19.821	3
19.821	3
19.821	5
19.821	3
19.821	3
19.821	3
19.821	3
19.821	3
19.821	3
19.821	3
19.821	3
19.821	3
19.821	3
19.821	3
19.821	3
19.821	3
19.821	3
19.821	3
19.821	3
19.821	3
19.821	3
19.821	3
19.821	3
19.821	4
19.821	3
19.821	3
19.821	3
19.821	3
19.821	3
19.821	3
19.821	3
19.858	3
19.858	3
19.858	3
19.858	2
19.858	3
19.858	3
19.858	4
19.858	3
19.858	3
19.858	3
19.858	4
19.858	3
19.858	3
19.858	3
19.858	3
19.858	3
19.858	3
19.858	3
19.858	2
19.858	3
19.858	3
19.858	3
19.858	3
19.858	3
19.858	3
19.858	3
19.858	3
19.858	3
19.858	3
19.858	3
19.858	3
19.858	3
19.858	4
19.858	3
19.858	3
19.858	5
19.858	3
19.858	3
19.858	3
19.858	3
19.858	3
19.858	3
19.858	3
19.858	3
19.858	3
19.858	3
19.858	3
19.858	3
19.858	3
19.858	3
19.858	3
19.858	3
19.858	3
19.858	3
19.858	3
19.858	3
19.858	4
19.858	3
19.858	3
19.858	3
19.858	3
19.858	3
19.858	3
19.858	3
19.862	3
19.862	3
19.862	3
19.862	2
19.862	3
19.862	3
19.862	4
19.862	3
19.862	3
19.862	3
19.862	4
19.862	3
19.862	3
19.862	3
19.862	3
19.862	3
19.862	3
19.862	3
19.862	2
19.862	3
19.862	3
19.862	3
19.862	3
19.862	3
19.862	3
19.862	3
19.862	3
19.862	3
19.862	3
19.862	3
19.862	3
19.862	3
19.862	4
19.862	3
19.862	3
19.862	5
19.862	4
19.862	3
19.862	3
19.862	3
19.862	3
19.862	3
19.862	3
19.862	3
19.862	3
19.862	3
19.862	3
19.862	3
19.862	3
19.862	3
19.862	3
19.862	3
19.862	3
19.862	3
19.862	3
19.862	3
19.862	4
19.862	3
19.862	3
19.862	3
19.862	3
19.862	3
19.862	3
19.862	3
19.877	3
19.877	3
19.877	3
19.877	2
19.877	3
19.877	3
19.877	4
19.877	3
19.877	3
19.877	3
19.877	4
19.877	3
19.877	3
19.877	3
19.877	3
19.877	3
19.877	3
19.877	3
19.877	2
19.877	3
19.877	3
19.877	3
19.877	3
19.877	3
19.877	3
19.877	3
19.877	3
19.877	3
19.877	3
19.877	3
19.877	3
19.877	3
19.877	5
19.877	3
19.877	3
19.877	5
19.877	4
19.877	3
19.877	3
19.877	3
19.877	3
19.877	3
19.877	3
19.877	3
19.877	3
19.877	3
19.877	3
19.877	3
19.877	3
19.877	3
19.877	3
19.877	3
19.877	3
19.877	3
19.877	3
19.877	3
19.877	4
19.877	3
19.877	3
19.877	3
19.877	3
19.877	3
19.877	3
19.877	3
19.879	3
19.879	3
19.879	3
19.879	2
19.879	3
19.879	3
19.879	5
19.879	3
19.879	3
19.879	3
19.879	4
19.879	3
19.879	3
19.879	3
19.879	3
19.879	3
19.879	3
19.879	3
19.879	2
19.879	3
19.879	3
19.879	3
19.879	3
19.879	3
19.879	3
19.879	3
19.879	3
19.879	3
19.879	3
19.879	3
19.879	3
19.879	3
19.879	5
19.879	3
19.879	3
19.879	5
19.879	4
19.879	3
19.879	3
19.879	3
19.879	3
19.879	3
19.879	3
19.879	3
19.879	3
19.879	3
19.879	3
19.879	3
19.879	3
19.879	3
19.879	3
19.879	3
19.879	3
19.879	3
19.879	3
19.879	3
19.879	4
19.879	3
19.879	3
19.879	3
19.879	3
19.879	3
19.879	3
19.879	3
19.887	3
19.887	3
19.887	3
19.887	2
19.887	3
19.887	3
19.887	5
19.887	3
19.887	3
19.887	3
19.887	4
19.887	3
19.887	3
19.887	3
19.887	3
19.887	3
19.887	3
19.887	3
19.887	2
19.887	3
19.887	3
19.887	3
19.887	3
19.887	3
19.887	3
19.887	3
19.887	3
19.887	3
19.887	3
19.887	3
19.887	3
19.887	3
19.887	5
19.887	3
19.887	3
19.887	5
19.887	4
19.887	3
19.887	3
19.887	3
19.887	3
19.887	3
19.887	3
19.887	3
19.887	3
19.887	3
19.887	3
19.887	3
19.887	3
19.887	4
19.887	3
19.887	3
19.887	3
19.887	3
19.887	3
19.887	3
19.887	4
19.887	3
19.887	3
19.887	3
19.887	3
19.887	3
19.887	3
19.887	3
20.001	3
20.001	3
20.001	3
20.001	2
20.001	3
20.001	3
20.001	5
20.001	3
20.001	3
20.001	3
20.001	4
20.001	3
20.001	3
20.001	3
20.001	3
20.001	3
20.001	3
20.001	3
20.001	2
20.001	3
20.001	3
20.001	3
20.001	3
20.001	3
20.001	3
20.001	3
20.001	3
20.001	3
20.001	3
20.001	3
20.001	3
20.001	3
20.001	6
20.001	3
20.001	3
20.001	5
20.001	4
20.001	3
20.001	3
20.001	3
20.001	3
20.001	3
20.001	3
20.001	3
20.001	3
20.001	3
20.001	3
20.001	3
20.001	3
20.001	4
20.001	3
20.001	3
20.001	3
20.001	3
20.001	3
20.001	3
20.001	4
20.001	3
20.001	3
20.001	3
20.001	3
20.001	3
20.001	3
20.001	3
20.012	3
20.012	3
20.012	3
20.012	2
20.012	3
20.012	3
20.012	5
20.012	3
20.012	3
20.012	3
20.012	4
20.012	3
20.012	3
20.012	3
20.012	3
20.012	3
20.012	3
20.012	3
20.012	3
20.012	3
20.012	3
20.012	3
20.012	3
20.012	3
20.012	3
20.012	3
20.012	3
20.012	3
20.012	3
20.012	3
20.012	3
20.012	3
20.012	6
20.012	3
20.012	3
20.012	5
20.012	4
20.012	3
20.012	3
20.012	3
20.012	3
20.012	3
20.012	3
20.012	3
20.012	3
20.012	3
20.012	3
20.012	3
20.012	3
20.012	4
20.012	3
20.012	3
20.012	3
20.012	3
20.012	3
20.012	3
20.012	4
20.012	3
20.012	3
20.012	3
20.012	3
20.012	3
20.012	3
20.012	3
20.024	3
20.024	3
20.024	3
20.024	2
20.024	3
20.024	3
20.024	6
20.024	3
20.024	3
20.024	3
20.024	4
20.024	3
20.024	3
20.024	3
20.024	3
20.024	3
20.024	3
20.024	3
20.024	3
20.024	3
20.024	3
20.024	3
20.024	3
20.024	3
20.024	3
20.024	3
20.024	3
20.024	3
20.024	3
20.024	3
20.024	3
20.024	3
20.024	6
20.024	3
20.024	3
20.024	5
20.024	4
20.024	3
20.024	3
20.024	3
20.024	3
20.024	3
20.024	3
20.024	3
20.024	3
20.024	3
20.024	3
20.024	3
20.024	3
20.024	4
20.024	3
20.024	3
20.024	3
20.024	3
20.024	3
20.024	3
20.024	4
20.024	3
20.024	3
20.024	3
20.024	3
20.024	3
20.024	3
20.024	3
20.046	3
20.046	3
20.046	3
20.046	2
20.046	3
20.046	3
20.046	6
20.046	3
20.046	3
20.046	3
20.046	4
20.046	3
20.046	3
20.046	3
20.046	3
20.046	3
20.046	3
20.046	3
20.046	3
20.046	3
20.046	3
20.046	3
20.046	3
20.046	3
20.046	3
20.046	3
20.046	3
20.046	3
20.046	3
20.046	3
20.046	3
20.046	3
20.046	6
20.046	3
20.046	3
20.046	5
20.046	5
20.046	3
20.046	3
20.046	3
20.046	3
20.046	3
20.046	3
20.046	3
20.046	3
20.046	3
20.046	3
20.046	3
20.046	3
20.046	4
20.046	3
20.046	3
20.046	3
20.046	3
20.046	3
20.046	3
20.046	4
20.046	3
20.046	3
20.046	3
20.046	3
20.046	3
20.046	3
20.046	3
20.053	3
20.053	3
20.053	3
20.053	2
20.053	3
20.053	3
20.053	7
20.053	3
20.053	3
20.053	3
20.053	4
20.053	3
20.053	3
20.053	3
20.053	3
20.053	3
20.053	3
20.053	3
20.053	3
20.053	3
20.053	3
20.053	3
20.053	3
20.053	3
20.053	3
20.053	3
20.053	3
20.053	3
20.053	3
20.053	3
20.053	3
20.053	3
20.053	6
20.053	3
20.053	3
20.053	5
20.053	5
20.053	3
20.053	3
20.053	3
20.053	3
20.053	3
20.053	3
20.053	3
20.053	3
20.053	3
20.053	3
20.053	3
20.053	3
20.053	4
20.053	3
20.053	3
20.053	3
20.053	3
20.053	3
20.053	3
20.053	4
20.053	3
20.053	3
20.053	3
20.053	3
20.053	3
20.053	3
20.053	3
20.133	3
20.133	3
20.133	3
20.133	2
20.133	3
20.133	3
20.133	7
20.133	3
20.133	3
20.133	3
20.133	4
20.133	3
20.133	3
20.133	3
20.133	3
20.133	3
20.133	3
20.133	3
20.133	4
20.133	3
20.133	3
20.133	3
20.133	3
20.133	3
20.133	3
20.133	3
20.133	3
20.133	3
20.133	3
20.133	3
20.133	3
20.133	3
20.133	6
20.133	3
20.133	3
20.133	5
20.133	5
20.133	3
20.133	3
20.133	3
20.133	3
20.133	3
20.133	3
20.133	3
20.133	3
20.133	3
20.133	3
20.133	3
20.133	3
20.133	4
20.133	3
20.133	3
20.133	3
20.133	3
20.133	3
20.133	3
20.133	4
20.133	3
20.133	3
20.133	3
20.133	3
20.133	3
20.133	3
20.133	3
20.147	3
20.147	3
20.147	3
20.147	2
20.147	3
20.147	3
20.147	7
20.147	3
20.147	3
20.147	3
20.147	5
20.147	3
20.147	3
20.147	3
20.147	3
20.147	3
20.147	3
20.147	3
20.147	4
20.147	3
20.147	3
20.147	3
20.147	3
20.147	3
20.147	3
20.147	3
20.147	3
20.147	3
20.147	3
20.147	3
20.147	3
20.147	3
20.147	6
20.147	3
20.147	3
20.147	5
20.147	5
20.147	3
20.147	3
20.147	3
20.147	3
20.147	3
20.147	3
20.147	3
20.147	3
20.147	3
20.147	3
20.147	3
20.147	3
20.147	4
20.147	3
20.147	3
20.147	3
20.147	3
20.147	3
20.147	3
20.147	4
20.147	3
20.147	3
20.147	3
20.147	3
20.147	3
20.147	3
20.147	3
20.196	3
20.196	3
20.196	3
20.196	3
20.196	3
20.196	3
20.196	7
20.196	3
20.196	3
20.196	3
20.196	5
20.196	3
20.196	3
20.196	3
20.196	3
20.196	3
20.196	3
20.196	3
20.196	4
20.196	3
20.196	3
20.196	3
20.196	3
20.196	3
20.196	3
20.196	3
20.196	3
20.196	3
20.196	3
20.196	3
20.196	3
20.196	3
20.196	6
20.196	3
20.196	3
20.196	5
20.196	5
20.196	3
20.196	3
20.196	3
20.196	3
20.196	3
20.196	3
20.196	3
20.196	3
20.196	3
20.196	3
20.196	3
20.196	3
20.196	4
20.196	3
20.196	3
20.196	3
20.196	3
20.196	3
20.196	3
20.196	4
20.196	3
20.196	3
20.196	3
20.196	3
20.196	3
20.196	3
20.196	3
20.207	3
20.207	3
20.207	3
20.207	4
20.207	3
20.207	3
20.207	7
20.207	3
20.207	3
20.207	3
20.207	5
20.207	3
20.207	3
20.207	3
20.207	3
20.207	3
20.207	3
20.207	3
20.207	4
20.207	3
20.207	3
20.207	3
20.207	3
20.207	3
20.207	3
20.207	3
20.207	3
20.207	3
20.207	3
20.207	3
20.207	3
20.207	3
20.207	6
20.207	3
20.207	3
20.207	5
20.207	5
20.207	3
20.207	3
20.207	3
20.207	3
20.207	3
20.207	3
20.207	3
20.207	3
20.207	3
20.207	3
20.207	3
20.207	3
20.207	4
20.207	3
20.207	3
20.207	3
20.207	3
20.207	3
20.207	3
20.207	4
20.207	3
20.207	3
20.207	3
20.207	3
20.207	3
20.207	3
20.207	3
20.219	3
20.219	3
20.219	3
20.219	5
20.219	3
20.219	3
20.219	7
20.219	3
20.219	3
20.219	3
20.219	5
20.219	3
20.219	3
20.219	3
20.219	3
20.219	3
20.219	3
20.219	3
20.219	4
20.219	3
20.219	3
20.219	3
20.219	3
20.219	3
20.219	3
20.219	3
20.219	3
20.219	3
20.219	3
20.219	3
20.219	3
20.219	3
20.219	6
20.219	3
20.219	3
20.219	5
20.219	5
20.219	3
20.219	3
20.219	3
20.219	3
20.219	3
20.219	3
20.219	3
20.219	3
20.219	3
20.219	3
20.219	3
20.219	3
20.219	4
20.219	3
20.219	3
20.219	3
20.219	3
20.219	3
20.219	3
20.219	4
20.219	3
20.219	3
20.219	3
20.219	3
20.219	3
20.219	3
20.219	3
20.228	3
20.228	3
20.228	3
20.228	6
20.228	3
20.228	3
20.228	7
20.228	3
20.228	3
20.228	3
20.228	5
20.228	3
20.228	3
20.228	3
20.228	3
20.228	3
20.228	3
20.228	3
20.228	4
20.228	3
20.228	3
20.228	3
20.228	3
20.228	3
20.228	3
20.228	3
20.228	3
20.228	3
20.228	3
20.228	3
20.228	3
20.228	3
20.228	6
20.228	3
20.228	3
20.228	5
20.228	5
20.228	3
20.228	3
20.228	3
20.228	3
20.228	3
20.228	3
20.228	3
20.228	3
20.228	3
20.228	3
20.228	3
20.228	3
20.228	4
20.228	3
20.228	3
20.228	3
20.228	3
20.228	3
20.228	3
20.228	4
20.228	3
20.228	3
20.228	3
20.228	3
20.228	3
20.228	3
20.228	3
20.71	3
20.71	3
20.71	3
20.71	6
20.71	3
20.71	3
20.71	7
20.71	3
20.71	3
20.71	3
20.71	5
20.71	3
20.71	3
20.71	3
20.71	3
20.71	3
20.71	3
20.71	3
20.71	4
20.71	3
20.71	3
20.71	3
20.71	3
20.71	3
20.71	3
20.71	3
20.71	3
20.71	3
20.71	3
20.71	3
20.71	3
20.71	3
20.71	5
20.71	3
20.71	3
20.71	5
20.71	5
20.71	3
20.71	3
20.71	3
20.71	3
20.71	3
20.71	3
20.71	3
20.71	3
20.71	3
20.71	3
20.71	3
20.71	3
20.71	4
20.71	3
20.71	3
20.71	3
20.71	3
20.71	3
20.71	3
20.71	4
20.71	3
20.71	3
20.71	3
20.71	3
20.71	3
20.71	3
20.71	3
20.803	3
20.803	3
20.803	3
20.803	6
20.803	3
20.803	3
20.803	7
20.803	3
20.803	3
20.803	3
20.803	4
20.803	3
20.803	3
20.803	3
20.803	3
20.803	3
20.803	3
20.803	3
20.803	4
20.803	3
20.803	3
20.803	3
20.803	3
20.803	3
20.803	3
20.803	3
20.803	3
20.803	3
20.803	3
20.803	3
20.803	3
20.803	3
20.803	5
20.803	3
20.803	3
20.803	5
20.803	5
20.803	3
20.803	3
20.803	3
20.803	3
20.803	3
20.803	3
20.803	3
20.803	3
20.803	3
20.803	3
20.803	3
20.803	3
20.803	4
20.803	3
20.803	3
20.803	3
20.803	3
20.803	3
20.803	3
20.803	4
20.803	3
20.803	3
20.803	3
20.803	3
20.803	3
20.803	3
20.803	3
21.105	3
21.105	3
21.105	3
21.105	6
21.105	3
21.105	3
21.105	7
21.105	3
21.105	3
21.105	3
21.105	4
21.105	3
21.105	3
21.105	3
21.105	3
21.105	3
21.105	3
21.105	3
21.105	4
21.105	3
21.105	3
21.105	3
21.105	3
21.105	3
21.105	3
21.105	3
21.105	3
21.105	3
21.105	3
21.105	3
21.105	3
21.105	3
21.105	5
21.105	3
21.105	3
21.105	4
21.105	5
21.105	3
21.105	3
21.105	3
21.105	3
21.105	3
21.105	3
21.105	3
21.105	3
21.105	3
21.105	3
21.105	3
21.105	3
21.105	4
21.105	3
21.105	3
21.105	3
21.105	3
21.105	3
21.105	3
21.105	4
21.105	3
21.105	3
21.105	3
21.105	3
21.105	3
21.105	3
21.105	3
21.407	3
21.407	3
21.407	3
21.407	6
21.407	3
21.407	3
21.407	7
21.407	3
21.407	3
21.407	3
21.407	3
21.407	3
21.407	3
21.407	3
21.407	3
21.407	3
21.407	3
21.407	3
21.407	4
21.407	3
21.407	3
21.407	3
21.407	3
21.407	3
21.407	3
21.407	3
21.407	3
21.407	3
21.407	3
21.407	3
21.407	3
21.407	3
21.407	5
21.407	3
21.407	3
21.407	4
21.407	5
21.407	3
21.407	3
21.407	3
21.407	3
21.407	3
21.407	3
21.407	3
21.407	3
21.407	3
21.407	3
21.407	3
21.407	3
21.407	4
21.407	3
21.407	3
21.407	3
21.407	3
21.407	3
21.407	3
21.407	4
21.407	3
21.407	3
21.407	3
21.407	3
21.407	3
21.407	3
21.407	3
21.606	3
21.606	3
21.606	3
21.606	6
21.606	3
21.606	3
21.606	7
21.606	3
21.606	3
21.606	3
21.606	2
21.606	3
21.606	3
21.606	3
21.606	3
21.606	3
21.606	3
21.606	3
21.606	4
21.606	3
21.606	3
21.606	3
21.606	3
21.606	3
21.606	3
21.606	3
21.606	3
21.606	3
21.606	3
21.606	3
21.606	3
21.606	3
21.606	5
21.606	3
21.606	3
21.606	4
21.606	5
21.606	3
21.606	3
21.606	3
21.606	3
21.606	3
21.606	3
21.606	3
21.606	3
21.606	3
21.606	3
21.606	3
21.606	3
21.606	4
21.606	3
21.606	3
21.606	3
21.606	3
21.606	3
21.606	3
21.606	4
21.606	3
21.606	3
21.606	3
21.606	3
21.606	3
21.606	3
21.606	3
22.228	3
22.228	3
22.228	3
22.228	6
22.228	3
22.228	3
22.228	7
22.228	3
22.228	3
22.228	3
22.228	3
22.228	3
22.228	3
22.228	3
22.228	3
22.228	3
22.228	3
22.228	3
22.228	4
22.228	3
22.228	3
22.228	3
22.228	3
22.228	3
22.228	3
22.228	3
22.228	3
22.228	3
22.228	3
22.228	3
22.228	3
22.228	3
22.228	5
22.228	3
22.228	3
22.228	4
22.228	5
22.228	3
22.228	3
22.228	3
22.228	3
22.228	3
22.228	3
22.228	3
22.228	3
22.228	3
22.228	3
22.228	3
22.228	3
22.228	4
22.228	3
22.228	3
22.228	3
22.228	3
22.228	3
22.228	3
22.228	4
22.228	3
22.228	3
22.228	3
22.228	3
22.228	3
22.228	3
22.228	3
22.815	3
22.815	3
22.815	3
22.815	5
22.815	3
22.815	3
22.815	7
22.815	3
22.815	3
22.815	3
22.815	3
22.815	3
22.815	3
22.815	3
22.815	3
22.815	3
22.815	3
22.815	3
22.815	4
22.815	3
22.815	3
22.815	3
22.815	3
22.815	3
22.815	3
22.815	3
22.815	3
22.815	3
22.815	3
22.815	3
22.815	3
22.815	3
22.815	5
22.815	3
22.815	3
22.815	4
22.815	5
22.815	3
22.815	3
22.815	3
22.815	3
22.815	3
22.815	3
22.815	3
22.815	3
22.815	3
22.815	3
22.815	3
22.815	3
22.815	4
22.815	3
22.815	3
22.815	3
22.815	3
22.815	3
22.815	3
22.815	4
22.815	3
22.815	3
22.815	3
22.815	3
22.815	3
22.815	3
22.815	3
22.94	3
22.94	3
22.94	3
22.94	5
22.94	3
22.94	3
22.94	6
22.94	3
22.94	3
22.94	3
22.94	3
22.94	3
22.94	3
22.94	3
22.94	3
22.94	3
22.94	3
22.94	3
22.94	4
22.94	3
22.94	3
22.94	3
22.94	3
22.94	3
22.94	3
22.94	3
22.94	3
22.94	3
22.94	3
22.94	3
22.94	3
22.94	3
22.94	5
22.94	3
22.94	3
22.94	4
22.94	5
22.94	3
22.94	3
22.94	3
22.94	3
22.94	3
22.94	3
22.94	3
22.94	3
22.94	3
22.94	3
22.94	3
22.94	3
22.94	4
22.94	3
22.94	3
22.94	3
22.94	3
22.94	3
22.94	3
22.94	4
22.94	3
22.94	3
22.94	3
22.94	3
22.94	3
22.94	3
22.94	3
25.329	3
25.329	3
25.329	3
25.329	5
25.329	3
25.329	3
25.329	6
25.329	3
25.329	3
25.329	3
25.329	3
25.329	3
25.329	3
25.329	3
25.329	3
25.329	3
25.329	3
25.329	3
25.329	4
25.329	3
25.329	3
25.329	3
25.329	3
25.329	3
25.329	3
25.329	3
25.329	3
25.329	3
25.329	3
25.329	3
25.329	3
25.329	3
25.329	4
25.329	3
25.329	3
25.329	4
25.329	5
25.329	3
25.329	3
25.329	3
25.329	3
25.329	3
25.329	3
25.329	3
25.329	3
25.329	3
25.329	3
25.329	3
25.329	3
25.329	4
25.329	3
25.329	3
25.329	3
25.329	3
25.329	3
25.329	3
25.329	4
25.329	3
25.329	3
25.329	3
25.329	3
25.329	3
25.329	3
25.329	3
27.64	3
27.64	3
27.64	3
27.64	5
27.64	3
27.64	3
27.64	6
27.64	3
27.64	3
27.64	3
27.64	3
27.64	3
27.64	3
27.64	3
27.64	3
27.64	3
27.64	3
27.64	3
27.64	4
27.64	3
27.64	3
27.64	3
27.64	3
27.64	3
27.64	3
27.64	3
27.64	3
27.64	3
27.64	3
27.64	3
27.64	3
27.64	3
27.64	4
27.64	3
27.64	3
27.64	3
27.64	5
27.64	3
27.64	3
27.64	3
27.64	3
27.64	3
27.64	3
27.64	3
27.64	3
27.64	3
27.64	3
27.64	3
27.64	3
27.64	4
27.64	3
27.64	3
27.64	3
27.64	3
27.64	3
27.64	3
27.64	4
27.64	3
27.64	3
27.64	3
27.64	3
27.64	3
27.64	3
27.64	3
27.968	3
27.968	3
27.968	3
27.968	5
27.968	3
27.968	3
27.968	6
27.968	3
27.968	3
27.968	3
27.968	3
27.968	3
27.968	3
27.968	3
27.968	3
27.968	3
27.968	3
27.968	3
27.968	4
27.968	3
27.968	3
27.968	3
27.968	3
27.968	3
27.968	3
27.968	3
27.968	3
27.968	3
27.968	3
27.968	3
27.968	3
27.968	3
27.968	4
27.968	3
27.968	3
27.968	3
27.968	5
27.968	3
27.968	3
27.968	3
27.968	3
27.968	3
27.968	3
27.968	3
27.968	3
27.968	3
27.968	3
27.968	3
27.968	3
27.968	4
27.968	3
27.968	3
27.968	3
27.968	3
27.968	3
27.968	3
27.968	3
27.968	3
27.968	3
27.968	3
27.968	3
27.968	3
27.968	3
27.968	3
30.373	3
30.373	3
30.373	3
30.373	5
30.373	3
30.373	3
30.373	6
30.373	3
30.373	3
30.373	3
30.373	3
30.373	3
30.373	3
30.373	3
30.373	3
30.373	3
30.373	3
30.373	3
30.373	4
30.373	3
30.373	3
30.373	3
30.373	3
30.373	3
30.373	3
30.373	3
30.373	3
30.373	3
30.373	3
30.373	3
30.373	3
30.373	3
30.373	3
30.373	3
30.373	3
30.373	3
30.373	5
30.373	3
30.373	3
30.373	3
30.373	3
30.373	3
30.373	3
30.373	3
30.373	3
30.373	3
30.373	3
30.373	3
30.373	3
30.373	4
30.373	3
30.373	3
30.373	3
30.373	3
30.373	3
30.373	3
30.373	3
30.373	3
30.373	3
30.373	3
30.373	3
30.373	3
30.373	3
30.373	3
32.362	3
32.362	3
32.362	3
32.362	5
32.362	3
32.362	3
32.362	5
32.362	3
32.362	3
32.362	3
32.362	3
32.362	3
32.362	3
32.362	3
32.362	3
32.362	3
32.362	3
32.362	3
32.362	4
32.362	3
32.362	3
32.362	3
32.362	3
32.362	3
32.362	3
32.362	3
32.362	3
32.362	3
32.362	3
32.362	3
32.362	3
32.362	3
32.362	3
32.362	3
32.362	3
32.362	3
32.362	5
32.362	3
32.362	3
32.362	3
32.362	3
32.362	3
32.362	3
32.362	3
32.362	3
32.362	3
32.362	3
32.362	3
32.362	3
32.362	4
32.362	3
32.362	3
32.362	3
32.362	3
32.362	3
32.362	3
32.362	3
32.362	3
32.362	3
32.362	3
32.362	3
32.362	3
32.362	3
32.362	3
32.67	3
32.67	3
32.67	3
32.67	5
32.67	3
32.67	3
32.67	5
32.67	3
32.67	3
32.67	3
32.67	3
32.67	3
32.67	3
32.67	3
32.67	3
32.67	3
32.67	3
32.67	3
32.67	4
32.67	3
32.67	3
32.67	3
32.67	3
32.67	3
32.67	3
32.67	3
32.67	3
32.67	3
32.67	3
32.67	3
32.67	3
32.67	3
32.67	3
32.67	3
32.67	3
32.67	3
32.67	4
32.67	3
32.67	3
32.67	3
32.67	3
32.67	3
32.67	3
32.67	3
32.67	3
32.67	3
32.67	3
32.67	3
32.67	3
32.67	4
32.67	3
32.67	3
32.67	3
32.67	3
32.67	3
32.67	3
32.67	3
32.67	3
32.67	3
32.67	3
32.67	3
32.67	3
32.67	3
32.67	3
33.991	3
33.991	3
33.991	3
33.991	4
33.991	3
33.991	3
33.991	5
33.991	3
33.991	3
33.991	3
33.991	3
33.991	3
33.991	3
33.991	3
33.991	3
33.991	3
33.991	3
33.991	3
33.991	4
33.991	3
33.991	3
33.991	3
33.991	3
33.991	3
33.991	3
33.991	3
33.991	3
33.991	3
33.991	3
33.991	3
33.991	3
33.991	3
33.991	3
33.991	3
33.991	3
33.991	3
33.991	4
33.991	3
33.991	3
33.991	3
33.991	3
33.991	3
33.991	3
33.991	3
33.991	3
33.991	3
33.991	3
33.991	3
33.991	3
33.991	4
33.991	3
33.991	3
33.991	3
33.991	3
33.991	3
33.991	3
33.991	3
33.991	3
33.991	3
33.991	3
33.991	3
33.991	3
33.991	3
33.991	3
35.137	3
35.137	3
35.137	3
35.137	4
35.137	3
35.137	3
35.137	4
35.137	3
35.137	3
35.137	3
35.137	3
35.137	3
35.137	3
35.137	3
35.137	3
35.137	3
35.137	3
35.137	3
35.137	4
35.137	3
35.137	3
35.137	3
35.137	3
35.137	3
35.137	3
35.137	3
35.137	3
35.137	3
35.137	3
35.137	3
35.137	3
35.137	3
35.137	3
35.137	3
35.137	3
35.137	3
35.137	4
35.137	3
35.137	3
35.137	3
35.137	3
35.137	3
35.137	3
35.137	3
35.137	3
35.137	3
35.137	3
35.137	3
35.137	3
35.137	4
35.137	3
35.137	3
35.137	3
35.137	3
35.137	3
35.137	3
35.137	3
35.137	3
35.137	3
35.137	3
35.137	3
35.137	3
35.137	3
35.137	3
35.943	3
35.943	3
35.943	3
35.943	4
35.943	3
35.943	3
35.943	3
35.943	3
35.943	3
35.943	3
35.943	3
35.943	3
35.943	3
35.943	3
35.943	3
35.943	3
35.943	3
35.943	3
35.943	4
35.943	3
35.943	3
35.943	3
35.943	3
35.943	3
35.943	3
35.943	3
35.943	3
35.943	3
35.943	3
35.943	3
35.943	3
35.943	3
35.943	3
35.943	3
35.943	3
35.943	3
35.943	4
35.943	3
35.943	3
35.943	3
35.943	3
35.943	3
35.943	3
35.943	3
35.943	3
35.943	3
35.943	3
35.943	3
35.943	3
35.943	4
35.943	3
35.943	3
35.943	3
35.943	3
35.943	3
35.943	3
35.943	3
35.943	3
35.943	3
35.943	3
35.943	3
35.943	3
35.943	3
35.943	3
36.072	3
36.072	3
36.072	3
36.072	4
36.072	3
36.072	3
36.072	3
36.072	3
36.072	3
36.072	3
36.072	3
36.072	3
36.072	3
36.072	3
36.072	3
36.072	3
36.072	3
36.072	3
36.072	4
36.072	3
36.072	3
36.072	3
36.072	3
36.072	3
36.072	3
36.072	3
36.072	3
36.072	3
36.072	3
36.072	3
36.072	3
36.072	3
36.072	3
36.072	3
36.072	3
36.072	3
36.072	4
36.072	3
36.072	3
36.072	3
36.072	3
36.072	3
36.072	3
36.072	3
36.072	3
36.072	3
36.072	3
36.072	3
36.072	3
36.072	3
36.072	3
36.072	3
36.072	3
36.072	3
36.072	3
36.072	3
36.072	3
36.072	3
36.072	3
36.072	3
36.072	3
36.072	3
36.072	3
36.072	3
38.962	3
38.962	3
38.962	3
38.962	4
38.962	3
38.962	3
38.962	3
38.962	3
38.962	3
38.962	3
38.962	3
38.962	3
38.962	3
38.962	3
38.962	3
38.962	3
38.962	3
38.962	3
38.962	4
38.962	3
38.962	3
38.962	3
38.962	3
38.962	3
38.962	3
38.962	3
38.962	3
38.962	3
38.962	3
38.962	3
38.962	3
38.962	3
38.962	3
38.962	3
38.962	3
38.962	3
38.962	3
38.962	3
38.962	3
38.962	3
38.962	3
38.962	3
38.962	3
38.962	3
38.962	3
38.962	3
38.962	3
38.962	3
38.962	3
38.962	3
38.962	3
38.962	3
38.962	3
38.962	3
38.962	3
38.962	3
38.962	3
38.962	3
38.962	3
38.962	3
38.962	3
38.962	3
38.962	3
38.962	3
39.15	3
39.15	3
39.15	3
39.15	4
39.15	3
39.15	3
39.15	3
39.15	3
39.15	3
39.15	3
39.15	3
39.15	3
39.15	3
39.15	3
39.15	3
39.15	3
39.15	3
39.15	3
39.15	4
39.15	3
39.15	3
39.15	3
39.15	3
39.15	3
39.15	3
39.15	3
39.15	3
39.15	3
39.15	3
39.15	3
39.15	3
39.15	3
39.15	3
39.15	3
39.15	3
39.15	3
39.15	2
39.15	3
39.15	3
39.15	3
39.15	3
39.15	3
39.15	3
39.15	3
39.15	3
39.15	3
39.15	3
39.15	3
39.15	3
39.15	3
39.15	3
39.15	3
39.15	3
39.15	3
39.15	3
39.15	3
39.15	3
39.15	3
39.15	3
39.15	3
39.15	3
39.15	3
39.15	3
39.15	3
39.595	3
39.595	3
39.595	3
39.595	4
39.595	3
39.595	3
39.595	3
39.595	3
39.595	3
39.595	3
39.595	3
39.595	3
39.595	3
39.595	3
39.595	3
39.595	3
39.595	3
39.595	3
39.595	4
39.595	3
39.595	3
39.595	3
39.595	3
39.595	3
39.595	3
39.595	3
39.595	3
39.595	3
39.595	3
39.595	3
39.595	3
39.595	3
39.595	3
39.595	3
39.595	3
39.595	3
39.595	3
39.595	3
39.595	3
39.595	3
39.595	3
39.595	3
39.595	3
39.595	3
39.595	3
39.595	3
39.595	3
39.595	3
39.595	3
39.595	3
39.595	3
39.595	3
39.595	3
39.595	3
39.595	3
39.595	3
39.595	3
39.595	3
39.595	3
39.595	3
39.595	3
39.595	3
39.595	3
39.595	3
40.074	3
40.074	3
40.074	3
40.074	4
40.074	3
40.074	3
40.074	3
40.074	3
40.074	3
40.074	3
40.074	3
40.074	3
40.074	3
40.074	3
40.074	3
40.074	3
40.074	3
40.074	3
40.074	4
40.074	3
40.074	3
40.074	3
40.074	3
40.074	3
40.074	3
40.074	3
40.074	3
40.074	3
40.074	3
40.074	3
40.074	3
40.074	3
40.074	3
40.074	3
40.074	3
40.074	3
40.074	4
40.074	3
40.074	3
40.074	3
40.074	3
40.074	3
40.074	3
40.074	3
40.074	3
40.074	3
40.074	3
40.074	3
40.074	3
40.074	3
40.074	3
40.074	3
40.074	3
40.074	3
40.074	3
40.074	3
40.074	3
40.074	3
40.074	3
40.074	3
40.074	3
40.074	3
40.074	3
40.074	3
40.183	3
40.183	3
40.183	3
40.183	4
40.183	3
40.183	3
40.183	3
40.183	3
40.183	3
40.183	3
40.183	3
40.183	3
40.183	3
40.183	3
40.183	3
40.183	3
40.183	3
40.183	3
40.183	3
40.183	3
40.183	3
40.183	3
40.183	3
40.183	3
40.183	3
40.183	3
40.183	3
40.183	3
40.183	3
40.183	3
40.183	3
40.183	3
40.183	3
40.183	3
40.183	3
40.183	3
40.183	4
40.183	3
40.183	3
40.183	3
40.183	3
40.183	3
40.183	3
40.183	3
40.183	3
40.183	3
40.183	3
40.183	3
40.183	3
40.183	3
40.183	3
40.183	3
40.183	3
40.183	3
40.183	3
40.183	3
40.183	3
40.183	3
40.183	3
40.183	3
40.183	3
40.183	3
40.183	3
40.183	3
40.47	3
40.47	3
40.47	3
40.47	4
40.47	3
40.47	3
40.47	3
40.47	3
40.47	3
40.47	3
40.47	3
40.47	3
40.47	3
40.47	3
40.47	3
40.47	3
40.47	3
40.47	3
40.47	2
40.47	3
40.47	3
40.47	3
40.47	3
40.47	3
40.47	3
40.47	3
40.47	3
40.47	3
40.47	3
40.47	3
40.47	3
40.47	3
40.47	3
40.47	3
40.47	3
40.47	3
40.47	4
40.47	3
40.47	3
40.47	3
40.47	3
40.47	3
40.47	3
40.47	3
40.47	3
40.47	3
40.47	3
40.47	3
40.47	3
40.47	3
40.47	3
40.47	3
40.47	3
40.47	3
40.47	3
40.47	3
40.47	3
40.47	3
40.47	3
40.47	3
40.47	3
40.47	3
40.47	3
40.47	3
41.087	3
41.087	3
41.087	3
41.087	4
41.087	3
41.087	3
41.087	3
41.087	3
41.087	3
41.087	3
41.087	3
41.087	3
41.087	3
41.087	3
41.087	3
41.087	3
41.087	3
41.087	3
41.087	3
41.087	3
41.087	3
41.087	3
41.087	3
41.087	3
41.087	3
41.087	3
41.087	3
41.087	3
41.087	3
41.087	3
41.087	3
41.087	3
41.087	3
41.087	3
41.087	3
41.087	3
41.087	4
41.087	3
41.087	3
41.087	3
41.087	3
41.087	3
41.087	3
41.087	3
41.087	3
41.087	3
41.087	3
41.087	3
41.087	3
41.087	3
41.087	3
41.087	3
41.087	3
41.087	3
41.087	3
41.087	3
41.087	3
41.087	3
41.087	3
41.087	3
41.087	3
41.087	3
41.087	3
41.087	3
41.21	3
41.21	3
41.21	3
41.21	4
41.21	3
41.21	3
41.21	3
41.21	3
41.21	3
41.21	3
41.21	3
41.21	3
41.21	3
41.21	3
41.21	3
41.21	3
41.21	3
41.21	3
41.21	4
41.21	3
41.21	3
41.21	3
41.21	3
41.21	3
41.21	3
41.21	3
41.21	3
41.21	3
41.21	3
41.21	3
41.21	3
41.21	3
41.21	3
41.21	3
41.21	3
41.21	3
41.21	4
41.21	3
41.21	3
41.21	3
41.21	3
41.21	3
41.21	3
41.21	3
41.21	3
41.21	3
41.21	3
41.21	3
41.21	3
41.21	3
41.21	3
41.21	3
41.21	3
41.21	3
41.21	3
41.21	3
41.21	3
41.21	3
41.21	3
41.21	3
41.21	3
41.21	3
41.21	3
41.21	3
41.297	3
41.297	3
41.297	3
41.297	4
41.297	3
41.297	3
41.297	3
41.297	3
41.297	3
41.297	3
41.297	3
41.297	3
41.297	3
41.297	3
41.297	3
41.297	3
41.297	3
41.297	3
41.297	5
41.297	3
41.297	3
41.297	3
41.297	3
41.297	3
41.297	3
41.297	3
41.297	3
41.297	3
41.297	3
41.297	3
41.297	3
41.297	3
41.297	3
41.297	3
41.297	3
41.297	3
41.297	4
41.297	3
41.297	3
41.297	3
41.297	3
41.297	3
41.297	3
41.297	3
41.297	3
41.297	3
41.297	3
41.297	3
41.297	3
41.297	3
41.297	3
41.297	3
41.297	3
41.297	3
41.297	3
41.297	3
41.297	3
41.297	3
41.297	3
41.297	3
41.297	3
41.297	3
41.297	3
41.297	3
41.329	3
41.329	3
41.329	3
41.329	4
41.329	3
41.329	3
41.329	3
41.329	3
41.329	3
41.329	3
41.329	3
41.329	3
41.329	3
41.329	3
41.329	3
41.329	3
41.329	3
41.329	3
41.329	6
41.329	3
41.329	3
41.329	3
41.329	3
41.329	3
41.329	3
41.329	3
41.329	3
41.329	3
41.329	3
41.329	3
41.329	3
41.329	3
41.329	3
41.329	3
41.329	3
41.329	3
41.329	4
41.329	3
41.329	3
41.329	3
41.329	3
41.329	3
41.329	3
41.329	3
41.329	3
41.329	3
41.329	3
41.329	3
41.329	3
41.329	3
41.329	3
41.329	3
41.329	3
41.329	3
41.329	3
41.329	3
41.329	3
41.329	3
41.329	3
41.329	3
41.329	3
41.329	3
41.329	3
41.329	3
41.74	3
41.74	3
41.74	3
41.74	3
41.74	3
41.74	3
41.74	3
41.74	3
41.74	3
41.74	3
41.74	3
41.74	3
41.74	3
41.74	3
41.74	3
41.74	3
41.74	3
41.74	3
41.74	6
41.74	3
41.74	3
41.74	3
41.74	3
41.74	3
41.74	3
41.74	3
41.74	3
41.74	3
41.74	3
41.74	3
41.74	3
41.74	3
41.74	3
41.74	3
41.74	3
41.74	3
41.74	4
41.74	3
41.74	3
41.74	3
41.74	3
41.74	3
41.74	3
41.74	3
41.74	3
41.74	3
41.74	3
41.74	3
41.74	3
41.74	3
41.74	3
41.74	3
41.74	3
41.74	3
41.74	3
41.74	3
41.74	3
41.74	3
41.74	3
41.74	3
41.74	3
41.74	3
41.74	3
41.74	3
41.858	3
41.858	3
41.858	3
41.858	3
41.858	3
41.858	3
41.858	3
41.858	3
41.858	3
41.858	3
41.858	3
41.858	3
41.858	3
41.858	3
41.858	3
41.858	3
41.858	3
41.858	3
41.858	5
41.858	3
41.858	3
41.858	3
41.858	3
41.858	3
41.858	3
41.858	3
41.858	3
41.858	3
41.858	3
41.858	3
41.858	3
41.858	3
41.858	3
41.858	3
41.858	3
41.858	3
41.858	4
41.858	3
41.858	3
41.858	3
41.858	3
41.858	3
41.858	3
41.858	3
41.858	3
41.858	3
41.858	3
41.858	3
41.858	3
41.858	3
41.858	3
41.858	3
41.858	3
41.858	3
41.858	3
41.858	3
41.858	3
41.858	3
41.858	3
41.858	3
41.858	3
41.858	3
41.858	3
41.858	3
42.05	3
42.05	3
42.05	3
42.05	3
42.05	3
42.05	3
42.05	3
42.05	3
42.05	3
42.05	3
42.05	3
42.05	3
42.05	3
42.05	3
42.05	3
42.05	3
42.05	3
42.05	3
42.05	4
42.05	3
42.05	3
42.05	3
42.05	3
42.05	3
42.05	3
42.05	3
42.05	3
42.05	3
42.05	3
42.05	3
42.05	3
42.05	3
42.05	3
42.05	3
42.05	3
42.05	3
42.05	4
42.05	3
42.05	3
42.05	3
42.05	3
42.05	3
42.05	3
42.05	3
42.05	3
42.05	3
42.05	3
42.05	3
42.05	3
42.05	3
42.05	3
42.05	3
42.05	3
42.05	3
42.05	3
42.05	3
42.05	3
42.05	3
42.05	3
42.05	3
42.05	3
42.05	3
42.05	3
42.05	3
44.124	3
44.124	3
44.124	3
44.124	3
44.124	3
44.124	3
44.124	3
44.124	3
44.124	3
44.124	3
44.124	3
44.124	3
44.124	3
44.124	3
44.124	3
44.124	3
44.124	3
44.124	3
44.124	4
44.124	3
44.124	3
44.124	3
44.124	3
44.124	3
44.124	3
44.124	3
44.124	3
44.124	3
44.124	3
44.124	3
44.124	3
44.124	3
44.124	3
44.124	3
44.124	3
44.124	3
44.124	3
44.124	3
44.124	3
44.124	3
44.124	3
44.124	3
44.124	3
44.124	3
44.124	3
44.124	3
44.124	3
44.124	3
44.124	3
44.124	3
44.124	3
44.124	3
44.124	3
44.124	3
44.124	3
44.124	3
44.124	3
44.124	3
44.124	3
44.124	3
44.124	3
44.124	3
44.124	3
44.124	3
55.766	3
55.766	3
55.766	3
55.766	3
55.766	3
55.766	3
55.766	3
55.766	3
55.766	3
55.766	3
55.766	3
55.766	3
55.766	3
55.766	3
55.766	3
55.766	3
55.766	3
55.766	3
55.766	3
55.766	3
55.766	3
55.766	3
55.766	3
55.766	3
55.766	3
55.766	3
55.766	3
55.766	3
55.766	3
55.766	3
55.766	3
55.766	3
55.766	3
55.766	3
55.766	3
55.766	3
55.766	3
55.766	3
55.766	3
55.766	3
55.766	3
55.766	3
55.766	3
55.766	3
55.766	3
55.766	3
55.766	3
55.766	3
55.766	3
55.766	3
55.766	3
55.766	3
55.766	3
55.766	3
55.766	3
55.766	3
55.766	3
55.766	3
55.766	3
55.766	3
55.766	3
55.766	3
55.766	3
55.766	3
