0.001	1
0.002	1
0.003	1
0.004	1
0.005	1
0.006	1
0.007	1
0.008	1
0.009	1
0.01	1
0.02	1.0013661202185793
0.03	1.0003473428273706
0.04	1.0041856925418569
0.05	1.0113452188006482
0.06	1.013179571663921
0.07	1.0288043478260869
0.08	1.0309065934065933
0.09	1.034396497811132
0.1	1.0848865478119936
0.2	1.3597810028678197
0.3	1.667895383535194
0.4	1.388583509513742
0.5	1.3783424995258866
0.6	1.4449730415477324
0.7	1.544194756554307
0.8	1.6948566328238313
0.9	1.9205709681132728
1.0	2.331111826078963
2.0	2.7566304066304066
3.0	2.720675020717712
4.0	2.740918250639943
5.0	2.8081560877574945
6.0	2.826236156605834
7.0	2.881125574272588
8.0	2.9045331105076246
9.0	2.921985815602837
10.0	2.956189844009293
20.0	2.991015625
30.0	2.99609375
