0.001	1
0.002	1
0.003	1
0.004	1
0.005	1
0.006	1
0.007	1
0.008	1
0.009	1
0.01	1.0245098039215685
0.02	1.0973236009732361
0.03	1.1374045801526718
0.04	1.1906354515050168
0.05	1.5565217391304347
0.06	1.2571428571428571
0.07	1.1862745098039216
0.08	1.2266666666666666
0.09	1.3620689655172413
0.1	1.2509702457956016
0.2	1.7
0.3	2.256188831318365
0.4	2.625158027812895
0.5	3.0347907851433944
0.6	3.7010309278350517
0.7	4.165048543689321
0.8	4.543994413407821
0.9	4.898854961832061
1.0	5.1072910491997625
2.0	5.03125
3.0	4.887417218543046
4.0	4.764006791171477
5.0	4.623052959501558
6.0	4.428303655107779
7.0	4.159891598915989
8.0	3.933894230769231
9.0	3.8125
10.0	3.5225694444444446
20.0	3.1575520833333335
30.0	3.0390625
50.0	3
0.001	1
0.002	1
0.003	1
0.004	1
0.005	1
0.006	1
0.007	1
0.008	1
0.009	1
0.01	1
0.02	1.0109649122807018
0.03	1.055072463768116
0.04	1.1236363636363635
0.05	1.2808219178082192
0.06	1.325
0.07	1.2903225806451613
0.08	1.2023809523809523
0.09	1.1372549019607843
0.1	1.2552594670406731
0.2	1.64454806312769
0.3	2.3555820421136273
0.4	2.864
0.5	3.299498746867168
0.6	3.7254534083802375
0.7	4.056551724137931
0.8	4.488279301745636
0.9	4.924503311258278
1.0	5.542321644498187
2.0	5.684323550465283
3.0	5.45036496350365
4.0	5.153901734104046
5.0	4.851469420174742
6.0	4.578490893321769
7.0	4.367535744322961
8.0	4.175420168067227
9.0	3.961741424802111
10.0	3.7092547092547092
20.0	3.2263513513513513
30.0	3.0234375
0.001	1
0.002	1
0.003	1
0.004	1
0.005	1
0.006	1
0.007	1
0.008	1
0.009	1
0.01	1.0230263157894737
0.02	1.068649885583524
0.03	1.1343669250645996
0.04	1.1440217391304348
0.05	1.2114537444933922
0.06	1.390557939914163
0.07	1.4517766497461928
0.08	1.1587301587301588
0.09	1.2882882882882882
0.1	1.2955974842767295
0.2	1.5866182572614107
0.3	2.219006788138621
0.4	2.953773212169103
0.5	3.4593602517042474
0.6	3.8373035985808412
0.7	4.439303482587064
0.8	4.855599214145383
0.9	5.498285714285714
1.0	5.458512160228898
2.0	5.335058214747736
3.0	5.18362662586075
4.0	4.982758620689655
5.0	4.7890625
6.0	4.568914956011731
7.0	4.321951219512195
8.0	4.105902777777778
9.0	4.022135416666667
10.0	3.628205128205128
20.0	3.332317073170732
30.0	3.134433962264151
40.0	3.046875
50.0	3.015625
60.0	3
