0.001	1
0.002	1
0.003	1
0.004	1
0.005	1
0.006	1
0.007	1
0.008	1
0.009	1
0.01	1.0006983240223464
0.02	1.0052505966587113
0.03	1.0031631269769543
0.04	1.0195360195360195
0.05	1.0220820189274449
0.06	1.029398462234283
0.07	1.034832451499118
0.08	1.0413492927094667
0.09	1.049485546300833
0.1	1.0953766233766233
0.2	1.269042316258352
0.3	1.4746083663281115
0.4	1.3499038725624828
0.5	1.365459610027855
0.6	1.3690147906743544
0.7	1.401520232506148
0.8	1.4846153846153847
0.9	1.5554260985352863
1.0	1.9388365290867728
2.0	2.538044058236146
3.0	2.965955299934413
4.0	2.6952286317582552
5.0	2.6151412776412775
6.0	2.5878024557602024
7.0	2.6457096047511777
8.0	2.729160427273635
9.0	2.798150473798379
10.0	2.8890718254784935
20.0	2.9763922518159807
30.0	2.998046875
0.001	1
0.002	1
0.003	1
0.004	1
0.005	1
0.006	1
0.007	1
0.008	1
0.009	1
0.01	1
0.02	1.0003027550711474
0.03	1.001537988311289
0.04	1.004979769685652
0.05	1.0146198830409356
0.06	1.0163411717815862
0.07	1.0347721822541966
0.08	1.0429887410440122
0.09	1.0417972831765936
0.1	1.080186938875907
0.2	1.571111815014254
0.3	1.3705845576742732
0.4	1.319550882195687
0.5	1.4834115805946793
0.6	1.544129298051022
0.7	1.6576589595375724
0.8	1.7298903107861061
0.9	1.9391100702576112
1.0	2.324215005494377
2.0	2.767620122945678
3.0	2.823395382829629
4.0	2.8175848230572784
5.0	2.833289817232376
6.0	2.829168093118795
7.0	2.876543209876543
8.0	2.889398213446168
9.0	2.914615770969362
10.0	2.939223697650664
20.0	2.976156069364162
