0.001	1
0.002	1
0.003	1
0.004	1
0.006	1
0.007	1
0.008	1
0.009	1
0.01	1.1818181818181819
0.02	1.0555555555555556
0.03	1.0909090909090908
0.04	1.375
0.05	1.4848484848484849
0.06	1.6521739130434783
0.07	1.5
0.08	1.5555555555555556
0.09	1.4666666666666666
0.1	1.9276315789473684
0.2	2.9078341013824884
0.3	3.6538461538461537
0.4	4.292307692307692
0.5	5.013333333333334
0.6	6.644827586206897
0.7	7.934782608695652
0.8	8.35483870967742
0.9	8.148148148148149
1.0	8.048780487804878
2.0	7.9375
3.0	7.739130434782608
4.0	7.604651162790698
5.0	7.4375
6.0	7.25
7.0	7.0606060606060606
8.0	6.75
9.0	6.444444444444445
10.0	6.25
20.0	5.286713286713287
30.0	4.776041666666667
40.0	3.9375
50.0	3.28125
70.0	3.125
80.0	3.03125
