19.746	1
19.753	1
19.815	1
19.827	1
19.827	1
19.834	1
19.898	1
19.9	1
19.922	1
19.962	1
19.979	1
20.009	1
20.037	1
20.044	1
20.047	2
20.086	2
20.093	2
20.1	2
20.104	2
20.2	2
20.225	2
20.248	2
20.269	2
20.28	2
20.318	2
20.361	2
20.416	2
20.428	2
20.5	3
21.174	3
23.18	3
24.058	3
24.407	3
25.61	3
25.728	3
25.831	3
26.021	3
27.297	3
29.073	3
37.101	3
37.62	3
37.821	3
38.578	3
39.268	3
42.357	3
42.898	3
43.408	3
43.639	3
46.48	3
48.064	3
19.746	1
19.753	1
19.815	1
19.827	1
19.827	1
19.834	1
19.898	1
19.9	1
19.922	1
19.962	2
19.979	2
20.009	2
20.037	2
20.044	2
20.047	2
20.086	2
20.093	2
20.1	2
20.104	2
20.2	2
20.225	2
20.248	2
20.269	2
20.28	2
20.318	2
20.361	2
20.416	2
20.428	2
20.5	3
21.174	3
23.18	3
24.058	3
24.407	3
25.61	3
25.728	3
25.831	3
26.021	3
27.297	3
29.073	3
37.101	3
37.62	3
37.821	3
38.578	3
39.268	3
42.357	3
42.898	3
43.408	3
43.639	3
46.48	3
48.064	3
19.657	1
19.717	2
19.73	2
19.746	2
19.753	2
19.815	2
19.827	2
19.827	2
19.834	2
19.898	2
19.9	2
19.922	2
19.962	2
19.979	2
20.009	2
20.037	2
20.044	2
20.047	2
20.086	2
20.093	2
20.1	2
20.104	2
20.2	2
20.225	2
20.248	2
20.269	2
20.28	2
20.318	2
20.361	2
20.416	2
20.428	2
20.5	2
21.174	2
23.18	2
24.058	2
24.407	3
25.61	3
25.728	3
25.831	3
26.021	3
27.297	3
29.073	3
37.101	3
37.62	3
37.821	3
38.578	3
39.268	3
42.357	3
42.898	3
43.408	3
43.639	3
46.48	3
48.064	3
19.827	1
19.827	1
19.834	2
19.898	2
19.9	2
19.922	2
19.962	3
19.979	3
20.009	3
20.037	3
20.044	3
20.047	3
20.086	3
20.093	3
20.1	3
20.104	3
20.2	3
20.225	3
20.248	3
20.269	3
20.28	3
20.318	3
20.361	3
20.416	3
20.428	3
20.5	3
21.174	3
23.18	3
24.058	3
24.407	3
25.61	3
25.728	3
25.831	3
26.021	3
27.297	3
29.073	3
37.101	3
37.62	3
37.821	3
38.578	3
39.268	3
42.357	3
42.898	3
43.408	3
43.639	3
46.48	3
48.064	3
19.746	1
19.753	1
19.815	1
19.827	1
19.827	1
19.834	1
19.898	1
19.9	1
19.922	1
19.962	1
19.979	1
20.009	1
20.037	2
20.044	2
20.047	2
20.086	2
20.093	2
20.1	2
20.104	2
20.2	2
20.225	2
20.248	2
20.269	2
20.28	2
20.318	2
20.361	2
20.416	2
20.428	2
20.5	3
21.174	3
23.18	3
24.058	3
24.407	3
25.61	3
25.728	3
25.831	3
26.021	3
27.297	3
29.073	3
37.101	3
37.62	3
37.821	3
38.578	3
39.268	3
42.357	3
42.898	3
43.408	3
43.639	3
46.48	3
48.064	3
19.657	1
19.717	2
19.73	2
19.746	2
19.753	2
19.815	2
19.827	2
19.827	2
19.834	2
19.898	2
19.9	2
19.922	2
19.962	2
19.979	2
20.009	2
20.037	2
20.044	2
20.047	2
20.086	2
20.093	2
20.1	2
20.104	2
20.2	2
20.225	2
20.248	2
20.269	2
20.28	2
20.318	2
20.361	2
20.416	2
20.428	2
20.5	2
21.174	2
23.18	2
24.058	2
24.407	3
25.61	3
25.728	3
25.831	3
26.021	3
27.297	3
29.073	3
37.101	3
37.62	3
37.821	3
38.578	3
39.268	3
42.357	3
42.898	3
43.408	3
43.639	3
46.48	3
48.064	3
19.657	1
19.717	1
19.73	1
19.746	1
19.753	1
19.815	1
19.827	1
19.827	1
19.834	1
19.898	1
19.9	1
19.922	1
19.962	2
19.979	2
20.009	2
20.037	2
20.044	2
20.047	2
20.086	2
20.093	2
20.1	2
20.104	2
20.2	2
20.225	2
20.248	2
20.269	3
20.28	3
20.318	3
20.361	3
20.416	3
20.428	3
20.5	3
21.174	3
23.18	3
24.058	3
24.407	3
25.61	3
25.728	3
25.831	3
26.021	3
27.297	3
29.073	3
37.101	3
37.62	3
37.821	3
38.578	3
39.268	3
42.357	3
42.898	3
43.408	3
43.639	3
46.48	3
48.064	3
19.746	1
19.753	1
19.815	1
19.827	1
19.827	1
19.834	1
19.898	1
19.9	1
19.922	1
19.962	2
19.979	2
20.009	2
20.037	2
20.044	2
20.047	3
20.086	3
20.093	3
20.1	3
20.104	3
20.2	3
20.225	3
20.248	3
20.269	3
20.28	3
20.318	3
20.361	3
20.416	3
20.428	3
20.5	3
21.174	3
23.18	3
24.058	3
24.407	3
25.61	3
25.728	3
25.831	3
26.021	3
27.297	3
29.073	3
37.101	3
37.62	3
37.821	3
38.578	3
39.268	3
42.357	3
42.898	3
43.408	3
43.639	3
46.48	3
48.064	3
19.834	1
19.898	1
19.9	1
19.922	1
19.962	2
19.979	2
20.009	2
20.037	2
20.044	2
20.047	2
20.086	2
20.093	2
20.1	2
20.104	2
20.2	2
20.225	2
20.248	2
20.269	3
20.28	3
20.318	3
20.361	3
20.416	3
20.428	3
20.5	3
21.174	3
23.18	3
24.058	3
24.407	3
25.61	3
25.728	3
25.831	3
26.021	3
27.297	3
29.073	3
37.101	3
37.62	3
37.821	3
38.578	3
39.268	3
42.357	3
42.898	3
43.408	3
43.639	3
46.48	3
48.064	3
19.827	1
19.827	1
19.834	1
19.898	1
19.9	1
19.922	1
19.962	2
19.979	2
20.009	2
20.037	3
20.044	3
20.047	3
20.086	3
20.093	3
20.1	3
20.104	3
20.2	3
20.225	3
20.248	3
20.269	3
20.28	3
20.318	3
20.361	3
20.416	3
20.428	3
20.5	3
21.174	3
23.18	3
24.058	3
24.407	3
25.61	3
25.728	3
25.831	3
26.021	3
27.297	3
29.073	3
37.101	3
37.62	3
37.821	3
38.578	3
39.268	3
42.357	3
42.898	3
43.408	3
43.639	3
46.48	3
48.064	3
19.746	1
19.753	1
19.815	1
19.827	1
19.827	1
19.834	1
19.898	1
19.9	1
19.922	2
19.962	2
19.979	2
20.009	2
20.037	2
20.044	2
20.047	3
20.086	3
20.093	3
20.1	3
20.104	3
20.2	3
20.225	3
20.248	3
20.269	4
20.28	4
20.318	4
20.361	4
20.416	4
20.428	4
20.5	4
21.174	4
23.18	4
24.058	4
24.407	5
25.61	5
25.728	5
25.831	5
26.021	5
27.297	5
29.073	5
37.101	5
37.62	5
37.821	5
38.578	4
39.268	4
42.357	4
42.898	4
43.408	4
43.639	4
46.48	4
48.064	3
19.827	1
19.827	1
19.834	1
19.898	1
19.9	1
19.922	1
19.962	2
19.979	2
20.009	2
20.037	2
20.044	2
20.047	2
20.086	2
20.093	2
20.1	2
20.104	2
20.2	2
20.225	2
20.248	2
20.269	2
20.28	2
20.318	2
20.361	2
20.416	2
20.428	2
20.5	3
21.174	3
23.18	3
24.058	3
24.407	3
25.61	3
25.728	3
25.831	3
26.021	3
27.297	3
29.073	3
37.101	3
37.62	3
37.821	3
38.578	3
39.268	3
42.357	3
42.898	3
43.408	3
43.639	3
46.48	3
48.064	3
19.657	1
19.717	1
19.73	1
19.746	1
19.753	1
19.815	1
19.827	2
19.827	2
19.834	2
19.898	2
19.9	2
19.922	2
19.962	2
19.979	2
20.009	2
20.037	2
20.044	2
20.047	3
20.086	3
20.093	3
20.1	4
20.104	4
20.2	4
20.225	4
20.248	5
20.269	5
20.28	5
20.318	5
20.361	5
20.416	5
20.428	5
20.5	5
21.174	4
23.18	4
24.058	4
24.407	4
25.61	4
25.728	4
25.831	3
26.021	3
27.297	3
29.073	3
37.101	3
37.62	3
37.821	3
38.578	3
39.268	3
42.357	3
42.898	3
43.408	3
43.639	3
46.48	3
48.064	3
19.746	1
19.753	1
19.815	1
19.827	1
19.827	1
19.834	1
19.898	1
19.9	1
19.922	1
19.962	1
19.979	1
20.009	1
20.037	1
20.044	1
20.047	1
20.086	1
20.093	1
20.1	1
20.104	1
20.2	1
20.225	1
20.248	2
20.269	2
20.28	2
20.318	2
20.361	2
20.416	2
20.428	2
20.5	2
21.174	2
23.18	2
24.058	2
24.407	3
25.61	3
25.728	3
25.831	3
26.021	3
27.297	3
29.073	3
37.101	3
37.62	3
37.821	3
38.578	3
39.268	3
42.357	3
42.898	3
43.408	3
43.639	3
46.48	3
48.064	3
19.746	1
19.753	1
19.815	1
19.827	1
19.827	1
19.834	2
19.898	2
19.9	2
19.922	2
19.962	2
19.979	2
20.009	2
20.037	3
20.044	3
20.047	3
20.086	3
20.093	3
20.1	3
20.104	3
20.2	3
20.225	3
20.248	3
20.269	3
20.28	3
20.318	3
20.361	3
20.416	3
20.428	3
20.5	3
21.174	3
23.18	3
24.058	3
24.407	3
25.61	3
25.728	3
25.831	3
26.021	3
27.297	3
29.073	3
37.101	3
37.62	3
37.821	3
38.578	3
39.268	3
42.357	3
42.898	3
43.408	3
43.639	3
46.48	3
48.064	3
19.962	1
19.979	1
20.009	1
20.037	1
20.044	1
20.047	2
20.086	2
20.093	2
20.1	2
20.104	2
20.2	2
20.225	2
20.248	2
20.269	3
20.28	3
20.318	3
20.361	3
20.416	3
20.428	3
20.5	3
21.174	3
23.18	3
24.058	3
24.407	3
25.61	3
25.728	3
25.831	3
26.021	3
27.297	3
29.073	3
37.101	3
37.62	3
37.821	3
38.578	3
39.268	3
42.357	3
42.898	3
43.408	3
43.639	3
46.48	3
48.064	3
20.037	1
20.044	1
20.047	1
20.086	1
20.093	1
20.1	1
20.104	1
20.2	1
20.225	1
20.248	1
20.269	2
20.28	2
20.318	2
20.361	2
20.416	2
20.428	2
20.5	3
21.174	3
23.18	3
24.058	3
24.407	3
25.61	3
25.728	3
25.831	3
26.021	3
27.297	3
29.073	3
37.101	3
37.62	3
37.821	3
38.578	3
39.268	3
42.357	3
42.898	3
43.408	3
43.639	3
46.48	3
48.064	3
19.717	1
19.73	1
19.746	1
19.753	1
19.815	1
19.827	1
19.827	1
19.834	1
19.898	1
19.9	1
19.922	1
19.962	1
19.979	2
20.009	2
20.037	2
20.044	2
20.047	2
20.086	2
20.093	2
20.1	2
20.104	3
20.2	3
20.225	4
20.248	5
20.269	5
20.28	5
20.318	5
20.361	5
20.416	5
20.428	5
20.5	5
21.174	5
23.18	5
24.058	5
24.407	6
25.61	6
25.728	5
25.831	5
26.021	5
27.297	5
29.073	5
37.101	5
37.62	5
37.821	5
38.578	5
39.268	4
42.357	4
42.898	4
43.408	3
43.639	3
46.48	3
48.064	3
19.834	1
19.898	1
19.9	1
19.922	1
19.962	1
19.979	1
20.009	1
20.037	2
20.044	2
20.047	2
20.086	2
20.093	2
20.1	2
20.104	2
20.2	2
20.225	2
20.248	2
20.269	3
20.28	3
20.318	3
20.361	3
20.416	3
20.428	3
20.5	3
21.174	3
23.18	3
24.058	3
24.407	3
25.61	3
25.728	3
25.831	3
26.021	3
27.297	3
29.073	3
37.101	3
37.62	3
37.821	3
38.578	3
39.268	3
42.357	3
42.898	3
43.408	3
43.639	3
46.48	3
48.064	3
19.717	1
19.73	1
19.746	1
19.753	1
19.815	1
19.827	1
19.827	1
19.834	1
19.898	1
19.9	1
19.922	1
19.962	1
19.979	1
20.009	1
20.037	1
20.044	1
20.047	2
20.086	2
20.093	3
20.1	3
20.104	3
20.2	3
20.225	3
20.248	3
20.269	3
20.28	3
20.318	3
20.361	3
20.416	3
20.428	3
20.5	3
21.174	3
23.18	3
24.058	3
24.407	3
25.61	3
25.728	3
25.831	3
26.021	3
27.297	3
29.073	3
37.101	3
37.62	3
37.821	3
38.578	3
39.268	3
42.357	3
42.898	3
43.408	3
43.639	3
46.48	3
48.064	3
19.746	1
19.753	1
19.815	1
19.827	1
19.827	1
19.834	2
19.898	2
19.9	2
19.922	2
19.962	2
19.979	2
20.009	2
20.037	2
20.044	2
20.047	2
20.086	2
20.093	2
20.1	2
20.104	2
20.2	2
20.225	2
20.248	2
20.269	2
20.28	2
20.318	2
20.361	2
20.416	2
20.428	2
20.5	3
21.174	3
23.18	3
24.058	3
24.407	3
25.61	3
25.728	3
25.831	3
26.021	3
27.297	3
29.073	3
37.101	3
37.62	3
37.821	3
38.578	3
39.268	3
42.357	3
42.898	3
43.408	3
43.639	3
46.48	3
48.064	3
19.834	1
19.898	1
19.9	1
19.922	1
19.962	1
19.979	1
20.009	1
20.037	1
20.044	1
20.047	1
20.086	1
20.093	1
20.1	1
20.104	1
20.2	1
20.225	1
20.248	1
20.269	2
20.28	2
20.318	2
20.361	2
20.416	3
20.428	3
20.5	4
21.174	4
23.18	4
24.058	4
24.407	4
25.61	4
25.728	4
25.831	4
26.021	4
27.297	4
29.073	4
37.101	4
37.62	3
37.821	3
38.578	3
39.268	3
42.357	3
42.898	3
43.408	3
43.639	3
46.48	3
48.064	3
20.047	1
20.086	1
20.093	2
20.1	2
20.104	2
20.2	2
20.225	2
20.248	2
20.269	2
20.28	2
20.318	2
20.361	2
20.416	2
20.428	2
20.5	2
21.174	2
23.18	2
24.058	2
24.407	3
25.61	3
25.728	3
25.831	3
26.021	3
27.297	3
29.073	3
37.101	3
37.62	3
37.821	3
38.578	3
39.268	3
42.357	3
42.898	3
43.408	3
43.639	3
46.48	3
48.064	3
19.717	1
19.73	1
19.746	1
19.753	1
19.815	1
19.827	1
19.827	1
19.834	1
19.898	1
19.9	1
19.922	1
19.962	2
19.979	2
20.009	2
20.037	2
20.044	2
20.047	3
20.086	3
20.093	3
20.1	3
20.104	3
20.2	3
20.225	3
20.248	3
20.269	3
20.28	3
20.318	3
20.361	3
20.416	3
20.428	3
20.5	3
21.174	3
23.18	3
24.058	3
24.407	3
25.61	3
25.728	3
25.831	3
26.021	3
27.297	3
29.073	3
37.101	3
37.62	3
37.821	3
38.578	3
39.268	3
42.357	3
42.898	3
43.408	3
43.639	3
46.48	3
48.064	3
19.834	1
19.898	1
19.9	1
19.922	1
19.962	1
19.979	1
20.009	1
20.037	2
20.044	2
20.047	2
20.086	2
20.093	2
20.1	2
20.104	2
20.2	3
20.225	3
20.248	3
20.269	3
20.28	3
20.318	3
20.361	3
20.416	3
20.428	4
20.5	4
21.174	4
23.18	4
24.058	4
24.407	4
25.61	4
25.728	4
25.831	4
26.021	4
27.297	4
29.073	3
37.101	3
37.62	3
37.821	3
38.578	3
39.268	3
42.357	3
42.898	3
43.408	3
43.639	3
46.48	3
48.064	3
19.717	1
19.73	2
19.746	2
19.753	2
19.815	2
19.827	2
19.827	2
19.834	2
19.898	2
19.9	2
19.922	2
19.962	2
19.979	2
20.009	2
20.037	2
20.044	2
20.047	2
20.086	2
20.093	2
20.1	2
20.104	2
20.2	2
20.225	2
20.248	3
20.269	3
20.28	3
20.318	3
20.361	3
20.416	3
20.428	3
20.5	3
21.174	3
23.18	3
24.058	3
24.407	3
25.61	3
25.728	3
25.831	3
26.021	3
27.297	3
29.073	3
37.101	3
37.62	3
37.821	3
38.578	3
39.268	3
42.357	3
42.898	3
43.408	3
43.639	3
46.48	3
48.064	3
19.746	1
19.753	1
19.815	1
19.827	2
19.827	2
19.834	3
19.898	3
19.9	3
19.922	3
19.962	3
19.979	3
20.009	3
20.037	3
20.044	3
20.047	3
20.086	3
20.093	3
20.1	3
20.104	3
20.2	3
20.225	3
20.248	3
20.269	3
20.28	3
20.318	3
20.361	3
20.416	3
20.428	3
20.5	3
21.174	3
23.18	3
24.058	3
24.407	3
25.61	3
25.728	3
25.831	3
26.021	3
27.297	3
29.073	3
37.101	3
37.62	3
37.821	3
38.578	3
39.268	3
42.357	3
42.898	3
43.408	3
43.639	3
46.48	3
48.064	3
19.717	1
19.73	2
19.746	2
19.753	2
19.815	2
19.827	2
19.827	2
19.834	2
19.898	2
19.9	2
19.922	2
19.962	2
19.979	2
20.009	2
20.037	2
20.044	2
20.047	2
20.086	2
20.093	2
20.1	2
20.104	2
20.2	2
20.225	2
20.248	3
20.269	3
20.28	3
20.318	3
20.361	3
20.416	3
20.428	3
20.5	3
21.174	3
23.18	3
24.058	3
24.407	3
25.61	3
25.728	3
25.831	3
26.021	3
27.297	3
29.073	3
37.101	3
37.62	3
37.821	3
38.578	3
39.268	3
42.357	3
42.898	3
43.408	3
43.639	3
46.48	3
48.064	3
19.827	1
19.827	1
19.834	1
19.898	1
19.9	1
19.922	1
19.962	2
19.979	2
20.009	2
20.037	2
20.044	2
20.047	2
20.086	2
20.093	2
20.1	2
20.104	2
20.2	2
20.225	2
20.248	2
20.269	3
20.28	3
20.318	3
20.361	3
20.416	3
20.428	3
20.5	3
21.174	3
23.18	3
24.058	3
24.407	3
25.61	3
25.728	3
25.831	3
26.021	3
27.297	3
29.073	3
37.101	3
37.62	3
37.821	3
38.578	3
39.268	3
42.357	3
42.898	3
43.408	3
43.639	3
46.48	3
48.064	3
19.827	1
20.037	1
20.044	2
20.047	2
20.086	2
20.093	2
20.1	2
20.104	2
20.2	2
20.225	2
20.248	2
20.269	2
20.28	3
20.318	3
20.361	3
20.416	3
20.428	3
20.5	3
21.174	3
23.18	3
24.058	3
24.407	4
25.61	4
25.728	4
25.831	4
26.021	4
27.297	3
29.073	3
37.101	3
37.62	3
37.821	3
38.578	3
39.268	3
42.357	3
42.898	3
43.408	3
43.639	3
46.48	3
48.064	3
19.746	1
19.753	1
19.815	1
19.827	2
19.827	2
19.834	2
19.898	2
19.9	2
19.922	2
19.962	3
19.979	3
20.009	3
20.037	3
20.044	3
20.047	3
20.086	3
20.093	3
20.1	3
20.104	3
20.2	3
20.225	3
20.248	3
20.269	3
20.28	3
20.318	3
20.361	3
20.416	3
20.428	3
20.5	3
21.174	3
23.18	3
24.058	3
24.407	3
25.61	3
25.728	3
25.831	3
26.021	3
27.297	3
29.073	3
37.101	3
37.62	3
37.821	3
38.578	3
39.268	3
42.357	3
42.898	3
43.408	3
43.639	3
46.48	3
48.064	3
19.827	1
19.827	1
19.834	2
19.898	2
19.9	2
19.922	2
19.962	2
19.979	2
20.009	2
20.037	2
20.044	2
20.047	2
20.086	2
20.093	2
20.1	2
20.104	2
20.2	2
20.225	2
20.248	2
20.269	3
20.28	3
20.318	3
20.361	3
20.416	3
20.428	3
20.5	3
21.174	3
23.18	3
24.058	3
24.407	3
25.61	3
25.728	3
25.831	3
26.021	3
27.297	3
29.073	3
37.101	3
37.62	3
37.821	3
38.578	3
39.268	3
42.357	3
42.898	3
43.408	3
43.639	3
46.48	3
48.064	3
19.827	1
19.827	1
19.834	2
19.898	2
19.9	2
19.922	2
19.962	2
19.979	2
20.009	2
20.037	2
20.044	2
20.047	2
20.086	2
20.093	2
20.1	2
20.104	2
20.2	2
20.225	2
20.248	2
20.269	3
20.28	3
20.318	3
20.361	3
20.416	3
20.428	3
20.5	3
21.174	3
23.18	3
24.058	3
24.407	3
25.61	3
25.728	3
25.831	3
26.021	3
27.297	3
29.073	3
37.101	3
37.62	3
37.821	3
38.578	3
39.268	3
42.357	3
42.898	3
43.408	3
43.639	3
46.48	3
48.064	3
19.73	1
19.746	1
19.753	1
19.815	1
19.827	1
19.827	1
19.834	2
19.898	2
19.9	2
19.922	2
19.962	2
19.979	2
20.009	2
20.037	2
20.044	2
20.047	2
20.086	2
20.093	2
20.1	2
20.104	2
20.2	2
20.225	2
20.248	2
20.269	3
20.28	3
20.318	3
20.361	3
20.416	3
20.428	3
20.5	3
21.174	3
23.18	3
24.058	3
24.407	3
25.61	3
25.728	3
25.831	3
26.021	3
27.297	3
29.073	3
37.101	3
37.62	3
37.821	3
38.578	3
39.268	3
42.357	3
42.898	3
43.408	3
43.639	3
46.48	3
48.064	3
19.73	1
19.746	1
19.753	1
19.815	1
19.827	1
19.827	1
19.834	1
19.898	1
19.9	1
19.922	1
19.962	1
19.979	1
20.009	1
20.037	1
20.044	1
20.047	2
20.086	2
20.093	3
20.1	3
20.104	3
20.2	3
20.225	3
20.248	3
20.269	3
20.28	3
20.318	4
20.361	4
20.416	4
20.428	4
20.5	4
21.174	4
23.18	4
24.058	3
24.407	3
25.61	3
25.728	3
25.831	3
26.021	3
27.297	3
29.073	3
37.101	3
37.62	3
37.821	3
38.578	3
39.268	3
42.357	3
42.898	3
43.408	3
43.639	3
46.48	3
48.064	3
20.093	1
20.1	1
20.104	1
20.2	1
20.225	1
20.248	2
20.269	2
20.28	2
20.318	2
20.361	2
20.416	2
20.428	2
20.5	2
21.174	2
23.18	2
24.058	2
24.407	3
25.61	3
25.728	3
25.831	3
26.021	3
27.297	3
29.073	3
37.101	3
37.62	3
37.821	3
38.578	3
39.268	3
42.357	3
42.898	3
43.408	3
43.639	3
46.48	3
48.064	3
19.657	1
19.717	2
19.73	2
19.746	2
19.753	2
19.815	2
19.827	2
19.827	2
19.834	2
19.898	2
19.9	2
19.922	2
19.962	2
19.979	2
20.009	2
20.037	2
20.044	2
20.047	2
20.086	2
20.093	3
20.1	3
20.104	3
20.2	3
20.225	3
20.248	3
20.269	3
20.28	3
20.318	3
20.361	3
20.416	3
20.428	3
20.5	3
21.174	3
23.18	3
24.058	3
24.407	3
25.61	3
25.728	3
25.831	3
26.021	3
27.297	3
29.073	3
37.101	3
37.62	3
37.821	3
38.578	3
39.268	3
42.357	3
42.898	3
43.408	3
43.639	3
46.48	3
48.064	3
20.047	1
20.086	1
20.093	2
20.1	2
20.104	2
20.2	2
20.225	2
20.248	3
20.269	3
20.28	3
20.318	3
20.361	3
20.416	3
20.428	3
20.5	3
21.174	3
23.18	3
24.058	3
24.407	3
25.61	3
25.728	3
25.831	3
26.021	3
27.297	3
29.073	3
37.101	3
37.62	3
37.821	3
38.578	3
39.268	3
42.357	3
42.898	3
43.408	3
43.639	3
46.48	3
48.064	3
19.657	1
19.717	1
19.73	1
19.746	1
19.753	1
19.815	1
19.827	1
19.827	1
19.834	1
19.898	1
19.9	1
19.922	1
19.962	2
19.979	2
20.009	2
20.037	3
20.044	3
20.047	3
20.086	3
20.093	4
20.1	4
20.104	4
20.2	4
20.225	4
20.248	5
20.269	5
20.28	5
20.318	5
20.361	5
20.416	5
20.428	5
20.5	5
21.174	5
23.18	5
24.058	5
24.407	5
25.61	4
25.728	4
25.831	4
26.021	3
27.297	3
29.073	3
37.101	3
37.62	3
37.821	3
38.578	3
39.268	3
42.357	3
42.898	3
43.408	3
43.639	3
46.48	3
48.064	3
19.717	1
19.73	1
19.746	1
19.753	1
19.815	1
19.827	1
19.827	1
19.834	1
19.898	1
19.9	1
19.922	1
19.962	1
19.979	1
20.009	1
20.037	1
20.044	1
20.047	1
20.086	1
20.093	1
20.1	1
20.104	1
20.2	1
20.225	1
20.248	2
20.269	2
20.28	2
20.318	2
20.361	2
20.416	2
20.428	2
20.5	3
21.174	3
23.18	3
24.058	3
24.407	3
25.61	3
25.728	3
25.831	3
26.021	3
27.297	3
29.073	3
37.101	3
37.62	3
37.821	3
38.578	3
39.268	3
42.357	3
42.898	3
43.408	3
43.639	3
46.48	3
48.064	3
19.834	1
19.898	1
19.9	1
19.922	1
19.962	1
19.979	1
20.009	1
20.037	2
20.044	2
20.047	2
20.086	2
20.093	2
20.1	2
20.104	2
20.2	2
20.225	2
20.248	2
20.269	3
20.28	3
20.318	3
20.361	3
20.416	3
20.428	3
20.5	3
21.174	3
23.18	3
24.058	3
24.407	3
25.61	3
25.728	3
25.831	3
26.021	3
27.297	3
29.073	3
37.101	3
37.62	3
37.821	3
38.578	3
39.268	3
42.357	3
42.898	3
43.408	3
43.639	3
46.48	3
48.064	3
19.962	1
19.979	1
20.009	1
20.037	1
20.044	1
20.047	1
20.086	1
20.093	2
20.1	2
20.104	2
20.2	2
20.225	2
20.248	2
20.269	3
20.28	3
20.318	3
20.361	3
20.416	3
20.428	3
20.5	3
21.174	3
23.18	3
24.058	3
24.407	3
25.61	3
25.728	3
25.831	3
26.021	3
27.297	3
29.073	3
37.101	3
37.62	3
37.821	3
38.578	3
39.268	3
42.357	3
42.898	3
43.408	3
43.639	3
46.48	3
48.064	3
19.746	1
19.753	1
19.815	1
19.827	1
19.827	1
19.834	1
19.898	1
19.9	1
19.922	1
19.962	2
19.979	2
20.009	2
20.037	3
20.044	3
20.047	3
20.086	3
20.093	3
20.1	3
20.104	3
20.2	3
20.225	3
20.248	3
20.269	3
20.28	3
20.318	3
20.361	3
20.416	3
20.428	3
20.5	3
21.174	3
23.18	3
24.058	3
24.407	3
25.61	3
25.728	3
25.831	3
26.021	3
27.297	3
29.073	3
37.101	3
37.62	3
37.821	3
38.578	3
39.268	3
42.357	3
42.898	3
43.408	3
43.639	3
46.48	3
48.064	3
19.717	1
19.73	1
19.746	1
19.753	1
19.815	1
19.827	2
19.827	2
19.834	2
19.898	2
19.9	2
19.922	2
19.962	2
19.979	2
20.009	2
20.037	2
20.044	2
20.047	2
20.086	2
20.093	2
20.1	2
20.104	2
20.2	2
20.225	2
20.248	2
20.269	3
20.28	3
20.318	3
20.361	3
20.416	3
20.428	3
20.5	3
21.174	3
23.18	3
24.058	3
24.407	3
25.61	3
25.728	3
25.831	3
26.021	3
27.297	3
29.073	3
37.101	3
37.62	3
37.821	3
38.578	3
39.268	3
42.357	3
42.898	3
43.408	3
43.639	3
46.48	3
48.064	3
19.73	1
19.746	2
19.753	2
19.815	2
19.827	3
19.827	3
19.834	3
19.898	3
19.9	3
19.922	3
19.962	3
19.979	3
20.009	3
20.037	3
20.044	3
20.047	3
20.086	3
20.093	3
20.1	3
20.104	3
20.2	3
20.225	3
20.248	3
20.269	3
20.28	3
20.318	3
20.361	3
20.416	3
20.428	3
20.5	3
21.174	3
23.18	3
24.058	3
24.407	3
25.61	3
25.728	3
25.831	3
26.021	3
27.297	3
29.073	3
37.101	3
37.62	3
37.821	3
38.578	3
39.268	3
42.357	3
42.898	3
43.408	3
43.639	3
46.48	3
48.064	3
19.753	1
19.815	1
19.827	1
19.827	1
19.834	2
19.898	3
19.9	3
19.922	3
19.962	3
19.979	3
20.009	3
20.037	3
20.044	3
20.047	3
20.086	3
20.093	4
20.1	4
20.104	4
20.2	4
20.225	4
20.248	4
20.269	5
20.28	5
20.318	5
20.361	5
20.416	5
20.428	5
20.5	5
21.174	5
23.18	5
24.058	5
24.407	5
25.61	5
25.728	5
25.831	5
26.021	5
27.297	5
29.073	5
37.101	4
37.62	4
37.821	4
38.578	4
39.268	4
42.357	4
42.898	4
43.408	4
43.639	4
46.48	3
48.064	3
19.717	1
19.73	1
19.746	1
19.753	1
19.815	1
19.827	1
19.827	1
19.834	1
19.898	1
19.9	1
19.922	1
19.962	1
19.979	1
20.009	1
20.037	1
20.044	1
20.047	1
20.086	1
20.093	2
20.1	2
20.104	2
20.2	2
20.225	2
20.248	2
20.269	2
20.28	2
20.318	2
20.361	2
20.416	2
20.428	2
20.5	2
21.174	2
23.18	2
24.058	2
24.407	3
25.61	3
25.728	3
25.831	3
26.021	3
27.297	3
29.073	3
37.101	3
37.62	3
37.821	3
38.578	3
39.268	3
42.357	3
42.898	3
43.408	3
43.639	3
46.48	3
48.064	3
19.657	1
19.717	2
19.73	2
19.746	2
19.753	2
19.815	2
19.827	2
19.827	2
19.834	2
19.898	2
19.9	2
19.922	2
19.962	2
19.979	2
20.009	2
20.037	3
20.044	3
20.047	3
20.086	3
20.093	3
20.1	3
20.104	3
20.2	3
20.225	3
20.248	3
20.269	3
20.28	3
20.318	3
20.361	3
20.416	3
20.428	3
20.5	3
21.174	3
23.18	3
24.058	3
24.407	3
25.61	3
25.728	3
25.831	3
26.021	3
27.297	3
29.073	3
37.101	3
37.62	3
37.821	3
38.578	3
39.268	3
42.357	3
42.898	3
43.408	3
43.639	3
46.48	3
48.064	3
20.047	1
20.086	1
20.093	2
20.1	2
20.104	2
20.2	2
20.225	2
20.248	3
20.269	3
20.28	3
20.318	3
20.361	3
20.416	3
20.428	3
20.5	3
21.174	3
23.18	3
24.058	3
24.407	3
25.61	3
25.728	3
25.831	3
26.021	3
27.297	3
29.073	3
37.101	3
37.62	3
37.821	3
38.578	3
39.268	3
42.357	3
42.898	3
43.408	3
43.639	3
46.48	3
48.064	3
19.73	1
19.746	2
19.753	2
19.815	2
19.827	2
19.827	2
19.834	2
19.898	2
19.9	2
19.922	2
19.962	2
19.979	2
20.009	2
20.037	2
20.044	2
20.047	2
20.086	2
20.093	2
20.1	2
20.104	2
20.2	2
20.225	2
20.248	2
20.269	2
20.28	2
20.318	2
20.361	2
20.416	2
20.428	2
20.5	3
21.174	3
23.18	3
24.058	3
24.407	3
25.61	3
25.728	3
25.831	3
26.021	3
27.297	3
29.073	3
37.101	3
37.62	3
37.821	3
38.578	3
39.268	3
42.357	3
42.898	3
43.408	3
43.639	3
46.48	3
48.064	3
19.657	1
19.717	1
19.73	2
19.746	2
19.753	2
19.815	2
19.827	2
19.827	2
19.834	2
19.898	2
19.9	2
19.922	2
19.962	2
19.979	2
20.009	2
20.037	2
20.044	2
20.047	2
20.086	2
20.093	2
20.1	2
20.104	2
20.2	2
20.225	2
20.248	2
20.269	2
20.28	2
20.318	2
20.361	2
20.416	2
20.428	2
20.5	3
21.174	3
23.18	3
24.058	3
24.407	3
25.61	3
25.728	3
25.831	3
26.021	3
27.297	3
29.073	3
37.101	3
37.62	3
37.821	3
38.578	3
39.268	3
42.357	3
42.898	3
43.408	3
43.639	3
46.48	3
48.064	3
19.73	1
19.746	1
19.753	1
19.815	1
19.827	1
19.827	1
19.834	1
19.898	1
19.9	1
19.922	1
19.962	1
19.979	1
20.009	1
20.037	2
20.044	2
20.047	2
20.086	2
20.093	3
20.1	3
20.104	3
20.2	3
20.225	3
20.248	3
20.269	3
20.28	3
20.318	3
20.361	3
20.416	3
20.428	3
20.5	3
21.174	3
23.18	3
24.058	3
24.407	3
25.61	3
25.728	3
25.831	3
26.021	3
27.297	3
29.073	3
37.101	3
37.62	3
37.821	3
38.578	3
39.268	3
42.357	3
42.898	3
43.408	3
43.639	3
46.48	3
48.064	3
19.657	1
19.717	2
19.73	2
19.746	2
19.753	2
19.815	2
19.827	2
19.827	2
19.834	2
19.898	2
19.9	2
19.922	2
19.962	2
19.979	2
20.009	2
20.037	2
20.044	2
20.047	2
20.086	2
20.093	2
20.1	2
20.104	2
20.2	2
20.225	2
20.248	3
20.269	3
20.28	3
20.318	3
20.361	3
20.416	3
20.428	3
20.5	3
21.174	3
23.18	3
24.058	3
24.407	3
25.61	3
25.728	3
25.831	3
26.021	3
27.297	3
29.073	3
37.101	3
37.62	3
37.821	3
38.578	3
39.268	3
42.357	3
42.898	3
43.408	3
43.639	3
46.48	3
48.064	3
19.657	1
19.717	1
19.73	1
19.746	1
19.753	1
19.815	1
19.827	1
19.827	1
19.834	1
19.898	1
19.9	2
19.922	2
19.962	2
19.979	2
20.009	2
20.037	2
20.044	2
20.047	2
20.086	2
20.093	2
20.1	2
20.104	2
20.2	2
20.225	2
20.248	2
20.269	2
20.28	3
20.318	3
20.361	4
20.416	4
20.428	4
20.5	4
21.174	4
23.18	4
24.058	4
24.407	5
25.61	5
25.728	5
25.831	5
26.021	5
27.297	5
29.073	5
37.101	5
37.62	5
37.821	4
38.578	4
39.268	4
42.357	3
42.898	2
43.408	2
43.639	3
46.48	3
48.064	3
19.657	1
19.717	2
19.73	2
19.746	2
19.753	2
19.815	2
19.827	2
19.827	2
19.834	2
19.898	2
19.9	2
19.922	2
19.962	2
19.979	2
20.009	2
20.037	2
20.044	2
20.047	2
20.086	2
20.093	3
20.1	3
20.104	3
20.2	3
20.225	3
20.248	3
20.269	3
20.28	3
20.318	3
20.361	3
20.416	3
20.428	3
20.5	3
21.174	3
23.18	3
24.058	3
24.407	3
25.61	3
25.728	3
25.831	3
26.021	3
27.297	3
29.073	3
37.101	3
37.62	3
37.821	3
38.578	3
39.268	3
42.357	3
42.898	3
43.408	3
43.639	3
46.48	3
48.064	3
19.746	1
19.753	1
19.815	1
19.827	1
19.827	1
19.834	1
19.898	1
19.9	1
19.922	1
19.962	1
19.979	1
20.009	1
20.037	1
20.044	1
20.047	2
20.086	2
20.093	2
20.1	2
20.104	2
20.2	2
20.225	2
20.248	2
20.269	2
20.28	2
20.318	2
20.361	2
20.416	2
20.428	2
20.5	2
21.174	2
23.18	2
24.058	2
24.407	3
25.61	3
25.728	3
25.831	3
26.021	3
27.297	3
29.073	3
37.101	3
37.62	3
37.821	3
38.578	3
39.268	3
42.357	3
42.898	3
43.408	3
43.639	3
46.48	3
48.064	3
20.047	1
20.086	1
20.093	2
20.1	2
20.104	2
20.2	2
20.225	2
20.248	2
20.269	2
20.28	2
20.318	2
20.361	2
20.416	2
20.428	2
20.5	2
21.174	2
23.18	2
24.058	2
24.407	3
25.61	3
25.728	3
25.831	3
26.021	3
27.297	3
29.073	3
37.101	3
37.62	3
37.821	3
38.578	3
39.268	3
42.357	3
42.898	3
43.408	3
43.639	3
46.48	3
48.064	3
19.815	1
19.827	1
19.827	1
19.834	1
19.898	1
19.9	1
19.922	1
19.962	1
19.979	1
20.009	2
20.037	3
20.044	3
20.047	3
20.086	4
20.093	4
20.1	4
20.104	4
20.2	4
20.225	4
20.248	4
20.269	4
20.28	4
20.318	4
20.361	4
20.416	4
20.428	4
20.5	4
21.174	4
23.18	3
24.058	3
24.407	3
25.61	3
25.728	3
25.831	3
26.021	3
27.297	3
29.073	3
37.101	3
37.62	3
37.821	3
38.578	3
39.268	3
42.357	3
42.898	3
43.408	3
43.639	3
46.48	3
48.064	3
19.962	1
19.979	1
20.009	1
20.037	2
20.044	2
20.047	2
20.086	2
20.093	2
20.1	2
20.104	2
20.2	2
20.225	2
20.248	2
20.269	3
20.28	3
20.318	3
20.361	3
20.416	3
20.428	3
20.5	3
21.174	3
23.18	3
24.058	3
24.407	3
25.61	3
25.728	3
25.831	3
26.021	3
27.297	3
29.073	3
37.101	3
37.62	3
37.821	3
38.578	3
39.268	3
42.357	3
42.898	3
43.408	3
43.639	3
46.48	3
48.064	3
19.827	1
19.827	1
19.834	1
19.898	1
19.9	1
19.922	1
19.962	1
19.979	1
20.009	1
20.037	2
20.044	2
20.047	3
20.086	3
20.093	3
20.1	3
20.104	3
20.2	3
20.225	3
20.248	3
20.269	3
20.28	3
20.318	3
20.361	3
20.416	3
20.428	3
20.5	3
21.174	3
23.18	3
24.058	3
24.407	3
25.61	3
25.728	3
25.831	3
26.021	3
27.297	3
29.073	3
37.101	3
37.62	3
37.821	3
38.578	3
39.268	3
42.357	3
42.898	3
43.408	3
43.639	3
46.48	3
48.064	3
19.717	1
19.73	1
19.746	1
19.753	1
19.815	1
19.827	1
19.827	1
19.834	1
19.898	1
19.9	1
19.922	1
19.962	1
19.979	1
20.009	1
20.037	1
20.044	1
20.047	2
20.086	2
20.093	3
20.1	3
20.104	3
20.2	3
20.225	3
20.248	3
20.269	3
20.28	3
20.318	3
20.361	3
20.416	3
20.428	3
20.5	3
21.174	3
23.18	3
24.058	3
24.407	3
25.61	3
25.728	3
25.831	3
26.021	3
27.297	3
29.073	3
37.101	3
37.62	3
37.821	3
38.578	3
39.268	3
42.357	3
42.898	3
43.408	3
43.639	3
46.48	3
48.064	3
19.657	1
19.717	1
19.73	2
19.746	2
19.753	2
19.815	2
19.827	3
19.827	3
19.834	3
19.898	3
19.9	3
19.922	3
19.962	3
19.979	3
20.009	3
20.037	3
20.044	3
20.047	3
20.086	3
20.093	3
20.1	3
20.104	3
20.2	3
20.225	3
20.248	3
20.269	3
20.28	3
20.318	3
20.361	3
20.416	3
20.428	3
20.5	3
21.174	3
23.18	3
24.058	3
24.407	3
25.61	3
25.728	3
25.831	3
26.021	3
27.297	3
29.073	3
37.101	3
37.62	3
37.821	3
38.578	3
39.268	3
42.357	3
42.898	3
43.408	3
43.639	3
46.48	3
48.064	3
20.047	1
20.086	1
20.093	2
20.1	2
20.104	2
20.2	2
20.225	2
20.248	3
20.269	3
20.28	3
20.318	3
20.361	3
20.416	3
20.428	3
20.5	3
21.174	3
23.18	3
24.058	3
24.407	3
25.61	3
25.728	3
25.831	3
26.021	3
27.297	3
29.073	3
37.101	3
37.62	3
37.821	3
38.578	3
39.268	3
42.357	3
42.898	3
43.408	3
43.639	3
46.48	3
48.064	3
19.657	1
19.717	1
19.73	2
19.746	2
19.753	2
19.815	2
19.827	2
19.827	2
19.834	2
19.898	2
19.9	2
19.922	2
19.962	2
19.979	2
20.009	2
20.037	2
20.044	2
20.047	2
20.086	2
20.093	2
20.1	2
20.104	2
20.2	2
20.225	2
20.248	3
20.269	3
20.28	3
20.318	3
20.361	3
20.416	3
20.428	3
20.5	3
21.174	3
23.18	3
24.058	3
24.407	3
25.61	3
25.728	3
25.831	3
26.021	3
27.297	3
29.073	3
37.101	3
37.62	3
37.821	3
38.578	3
39.268	3
42.357	3
42.898	3
43.408	3
43.639	3
46.48	3
48.064	3
