0.001	1
0.002	1
0.003	1
0.004	1
0.005	1
0.006	1
0.007	1
0.008	1
0.009	1
0.01	1
0.011	1.0208333333333333
0.012	1
0.013	1
0.014	1
0.015	1.0064516129032257
0.016	1
0.017	1.0083333333333333
0.018	1
0.019	1
0.02	1.0155038759689923
0.021	1
0.022	1.0076335877862594
0.023	1.0086206896551724
0.024	1.0145985401459854
0.025	1.0108695652173914
0.026	1
0.027	1.010204081632653
0.028	1.0089285714285714
0.029	1.04
0.03	1.0258620689655173
0.031	1.0204081632653061
0.032	1.0087719298245614
0.033	1.032258064516129
0.034	1.011764705882353
0.035	1.008849557522124
0.036	1.0185185185185186
0.037	1
0.038	1.0235294117647058
0.039	1.0535714285714286
0.04	1.0222222222222221
0.041	1.02
0.042	1.024390243902439
0.043	1.0267857142857142
0.044	1.0196078431372548
0.045	1
0.046	1.043010752688172
0.047	1.051948051948052
0.048	1.0666666666666667
0.049	1.0632911392405062
0.05	1.0495049504950495
0.051	1.011764705882353
0.052	1.0227272727272727
0.053	1.0253164556962024
0.054	1.056338028169014
0.055	1.0416666666666667
0.056	1.120879120879121
0.057	1.0144927536231885
0.058	1.0574712643678161
0.059	1.0235294117647058
0.06	1.0158730158730158
0.061	1.051948051948052
0.062	1.0714285714285714
0.063	1.0526315789473684
0.064	1.0493827160493827
0.065	1.0493827160493827
0.066	1.1136363636363635
0.067	1.1025641025641026
0.068	1.0789473684210527
0.069	1.0892857142857142
0.07	1.106060606060606
0.071	1.1746031746031746
0.072	1.127659574468085
0.073	1.1095890410958904
0.074	1.0740740740740742
0.075	1.15
0.076	1.203125
0.077	1.1142857142857143
0.078	1.1267605633802817
0.079	1.1090909090909091
0.08	1.1506849315068493
0.081	1.106060606060606
0.082	1.1935483870967742
0.083	1.1129032258064515
0.084	1.2580645161290323
0.085	1.1666666666666667
0.086	1.1846153846153846
0.087	1.0727272727272728
0.088	1.144578313253012
0.089	1.171875
0.09	1.2391304347826086
0.091	1.2075471698113207
0.092	1.1875
0.093	1.2424242424242424
0.094	1.2641509433962264
0.095	1.2075471698113207
0.096	1.2962962962962963
0.097	1.265625
0.098	1.2407407407407407
0.099	1.2571428571428571
0.1	1.34375
0.11	1.319915254237288
0.12	1.3754152823920265
0.13	1.334128878281623
0.14	1.2766355140186916
0.15	1.2985781990521328
0.16	1.3042168674698795
0.17	1.2161458333333333
0.18	1.2197452229299364
0.19	1.234113712374582
0.2	1.2646310432569974
0.21	1.2964071856287425
0.22	1.3333333333333333
0.23	1.3907455012853471
0.24	1.3596491228070176
0.25	1.44375
0.26	1.507936507936508
0.27	1.4684684684684686
0.28	1.564516129032258
0.29	1.626865671641791
0.3	1.6835820895522389
0.31	1.587248322147651
0.32	1.7214285714285715
0.33	1.7448979591836735
0.34	1.7647058823529411
0.35	1.7357142857142858
0.36	1.776978417266187
0.37	1.7721518987341771
0.38	1.7303754266211604
0.39	1.7591463414634145
0.4	1.798270893371758
0.41	1.724390243902439
0.42	1.7570332480818414
0.43	1.858611825192802
0.44	1.812316715542522
0.45	1.7251184834123223
0.46	1.8549618320610688
0.47	1.8280632411067195
0.48	1.8257261410788381
0.49	1.925531914893617
0.5	1.9438669438669438
0.51	1.9673076923076922
0.52	1.9787234042553192
0.53	2.071167883211679
0.54	1.9701754385964911
0.55	2.1337792642140467
0.56	2.1812596006144394
0.57	2.269607843137255
0.58	2.1778471138845554
0.59	2.2822185970636215
0.6	2.3593519882179677
0.61	2.3199404761904763
0.62	2.3448275862068964
0.63	2.580808080808081
0.64	2.4676616915422884
0.65	2.4948275862068967
0.66	2.6864564007421152
0.67	2.711618257261411
0.68	2.6574257425742576
0.69	2.861003861003861
0.7	2.9725158562367864
0.71	2.9933920704845813
0.72	2.865740740740741
0.73	2.912556053811659
0.74	2.9814814814814814
0.75	2.9262899262899262
0.76	2.8099352051835855
0.77	3.048661800486618
0.78	3.0301624129930396
0.79	2.961139896373057
0.8	2.8883720930232557
0.81	3.050656660412758
0.82	2.9506726457399104
0.83	2.9868667917448404
0.84	2.946969696969697
0.85	3.097864768683274
0.86	3.104014598540146
0.87	3.0725274725274727
0.88	3.1564885496183206
0.89	3.2384769539078158
0.9	3.4539877300613497
0.91	3.289855072463768
0.92	3.6160919540229886
0.93	3.4521739130434783
0.94	3.5654008438818567
0.95	3.5924276169265035
0.96	3.621739130434783
0.97	3.6105527638190953
0.98	3.610421836228288
0.99	3.7007299270072993
1.0	3.722921914357683
1.1	3.791841631673665
1.2	3.9867021276595747
1.3	4.139059967585089
1.4	4.269657929808973
1.5	4.395739186571982
1.6	4.240223463687151
1.7	4.256329113924051
1.8	4.255474452554744
1.9	4.228748068006182
2.0	4.217054263565892
2.1	4.379411764705883
2.2	4.054964539007092
2.3	4.244755244755245
2.4	3.938430983118173
2.5	4.103697024346258
2.6	4.074944071588367
2.7	3.851823118696664
2.8	4.0958230958230954
2.9	3.848333333333333
3.0	3.7435653002859866
3.1	3.879873551106428
3.2	3.810289389067524
3.3	3.837078651685393
3.4	3.79296875
3.5	3.4691943127962084
3.6	3.8076923076923075
3.7	3.58974358974359
3.8	3.6926829268292685
3.9	3.528497409326425
4.0	3.4935483870967743
4.1	3.5676923076923077
4.2	3.602222222222222
4.3	3.3884297520661155
4.4	3.4086294416243654
4.5	3.6184210526315788
4.6	3.413306451612903
4.7	3.5295566502463056
4.8	3.3732970027247955
4.9	3.2608257804632426
5.0	3.4135593220338984
5.1	3.4375
5.2	3.3971119133574006
5.3	3.198221092757306
5.4	3.3838028169014085
5.5	3.304812834224599
5.6	3.3676470588235294
5.7	3.3013698630136985
5.8	3.172185430463576
5.9	3.2477341389728096
6.0	3.391509433962264
6.1	3.1818181818181817
6.2	3.3701298701298703
6.3	3.68
6.4	3.1463414634146343
6.5	3.2280701754385963
6.6	3.357142857142857
6.7	3.3137254901960786
6.8	3.1783625730994154
6.9	3.3208191126279862
7.0	3.3773584905660377
7.1	3.6666666666666665
7.2	3.235294117647059
7.3	3.1791044776119404
7.4	3.329842931937173
7.5	3.255
7.6	3.2298387096774195
7.7	3.2110726643598615
7.8	3.4215686274509802
7.9	3.1645569620253164
8.0	3.1608187134502925
8.1	3.1988636363636362
8.2	3.2459016393442623
8.3	3.25
8.4	3.1666666666666665
8.5	3.157232704402516
8.6	3.1962025316455698
8.7	3.2318840579710146
8.8	3.1382978723404253
8.9	3.1818181818181817
9.0	3.12
9.1	3.209090909090909
9.2	3.227272727272727
9.3	4.5
9.4	3.0833333333333335
9.5	3.1129032258064515
9.6	3.2222222222222223
9.7	3.1264367816091956
9.8	3.1171875
9.9	3.1262135922330097
10.0	3.125
11.0	3.0859375
12.0	3.058103975535168
13.0	3.0594594594594593
14.0	3
15.0	3.053892215568862
16.0	3.0234375
17.0	3.0114942528735633
18.0	3.0047619047619047
19.0	2.99609375
77.0	2.765625
97.0	2.85270730783794
98.0	3.0063025210084033
99.0	3.086705202312139
100.0	3.069219440353461
110.0	3.010126582278481
