0.0	2
0.0	2
0.0	2
0.0	3
0.0	3
0.0	2
0.0	3
0.0	2
0.0	2
0.0	3
0.0	2
0.0	3
0.0	2
0.0	2
0.0	3
0.0	3
0.0	2
0.0	3
0.0	2
0.0	3
0.0	3
0.0	3
0.0	3
0.0	3
0.0	3
0.0	2
0.0	3
0.0	3
0.0	3
0.0	2
0.0	3
0.0	3
0.0	2
0.0	3
0.0	2
0.0	3
0.0	3
0.0	3
0.0	3
0.0	2
0.0	3
0.0	3
0.0	3
0.0	3
0.0	3
0.0	3
0.0	3
0.0	3
0.0	3
0.0	3
0.0	3
0.0	3
0.0	3
0.0	3
0.0	3
0.0	3
0.0	3
0.0	3
0.0	3
0.0	2
0.0	3
0.0	2
0.0	3
0.0	3
0.0	3
0.0	3
0.0	3
0.0	3
0.0	3
0.0	3
0.0	3
0.0	3
0.0	3
0.0	2
0.0	2
0.0	3
0.0	3
0.0	3
0.0	3
0.0	3
0.0	3
0.0	3
0.0	3
0.0	3
0.0	2
0.0	3
0.0	3
0.0	3
0.0	3
0.0	3
0.0	3
0.0	3
0.0	2
0.0	2
0.0	3
0.0	3
0.0	3
0.0	3
0.0	3
0.0	3
0.0	3
0.0	3
0.0	2
0.0	3
0.0	3
0.0	3
0.0	3
0.0	3
0.0	3
0.0	3
0.0	3
0.0	2
0.0	3
0.0	3
0.0	3
0.0	3
0.0	3
0.0	3
0.0	3
0.0	2
0.0	3
0.0	2
0.0	2
0.0	2
0.0	3
0.0	2
0.0	3
0.0	3
19.663	2
19.663	2
19.663	2
19.663	3
19.663	3
19.663	2
19.663	3
19.663	2
19.663	2
19.663	3
19.663	2
19.663	3
19.663	2
19.663	2
19.663	3
19.663	3
19.663	2
19.663	3
19.663	2
19.663	3
19.663	3
19.663	3
19.663	3
19.663	3
19.663	3
19.663	2
19.663	3
19.663	3
19.663	3
19.663	2
19.663	3
19.663	3
19.663	2
19.663	3
19.663	2
19.663	3
19.663	3
19.663	3
19.663	3
19.663	3
19.663	3
19.663	3
19.663	3
19.663	3
19.663	3
19.663	3
19.663	3
19.663	3
19.663	3
19.663	3
19.663	3
19.663	3
19.663	3
19.663	3
19.663	3
19.663	3
19.663	3
19.663	3
19.663	3
19.663	2
19.663	3
19.663	2
19.663	3
19.663	3
19.663	3
19.663	3
19.663	3
19.663	3
19.663	3
19.663	3
19.663	3
19.663	3
19.663	3
19.663	2
19.663	2
19.663	3
19.663	3
19.663	3
19.663	3
19.663	3
19.663	3
19.663	3
19.663	3
19.663	3
19.663	2
19.663	3
19.663	3
19.663	3
19.663	3
19.663	3
19.663	3
19.663	3
19.663	2
19.663	2
19.663	3
19.663	3
19.663	3
19.663	3
19.663	3
19.663	3
19.663	3
19.663	3
19.663	2
19.663	3
19.663	3
19.663	3
19.663	3
19.663	3
19.663	3
19.663	3
19.663	3
19.663	2
19.663	3
19.663	3
19.663	3
19.663	3
19.663	3
19.663	3
19.663	3
19.663	2
19.663	3
19.663	2
19.663	2
19.663	2
19.663	3
19.663	2
19.663	3
19.663	3
19.673	2
19.673	2
19.673	2
19.673	3
19.673	3
19.673	2
19.673	3
19.673	2
19.673	2
19.673	3
19.673	2
19.673	3
19.673	2
19.673	2
19.673	3
19.673	3
19.673	2
19.673	3
19.673	2
19.673	3
19.673	3
19.673	3
19.673	3
19.673	3
19.673	3
19.673	2
19.673	3
19.673	3
19.673	3
19.673	2
19.673	3
19.673	3
19.673	2
19.673	3
19.673	2
19.673	3
19.673	3
19.673	3
19.673	3
19.673	3
19.673	3
19.673	3
19.673	3
19.673	3
19.673	3
19.673	3
19.673	3
19.673	3
19.673	3
19.673	3
19.673	3
19.673	3
19.673	3
19.673	3
19.673	3
19.673	3
19.673	3
19.673	3
19.673	3
19.673	2
19.673	3
19.673	2
19.673	3
19.673	3
19.673	3
19.673	3
19.673	3
19.673	3
19.673	3
19.673	3
19.673	3
19.673	3
19.673	3
19.673	2
19.673	2
19.673	3
19.673	3
19.673	3
19.673	3
19.673	3
19.673	3
19.673	3
19.673	3
19.673	3
19.673	2
19.673	3
19.673	3
19.673	3
19.673	3
19.673	3
19.673	3
19.673	3
19.673	2
19.673	2
19.673	3
19.673	3
19.673	3
19.673	3
19.673	3
19.673	3
19.673	3
19.673	3
19.673	3
19.673	3
19.673	3
19.673	3
19.673	3
19.673	3
19.673	3
19.673	3
19.673	3
19.673	2
19.673	3
19.673	3
19.673	3
19.673	3
19.673	3
19.673	3
19.673	3
19.673	2
19.673	3
19.673	2
19.673	2
19.673	2
19.673	3
19.673	2
19.673	3
19.673	3
19.829	2
19.829	2
19.829	2
19.829	3
19.829	3
19.829	2
19.829	3
19.829	2
19.829	2
19.829	3
19.829	2
19.829	3
19.829	2
19.829	3
19.829	3
19.829	3
19.829	2
19.829	3
19.829	2
19.829	3
19.829	3
19.829	3
19.829	3
19.829	3
19.829	3
19.829	2
19.829	3
19.829	3
19.829	3
19.829	2
19.829	3
19.829	3
19.829	2
19.829	3
19.829	2
19.829	3
19.829	3
19.829	3
19.829	3
19.829	3
19.829	3
19.829	3
19.829	3
19.829	3
19.829	3
19.829	3
19.829	3
19.829	3
19.829	3
19.829	3
19.829	3
19.829	3
19.829	3
19.829	3
19.829	3
19.829	3
19.829	3
19.829	3
19.829	3
19.829	2
19.829	3
19.829	2
19.829	3
19.829	3
19.829	3
19.829	3
19.829	3
19.829	3
19.829	3
19.829	3
19.829	3
19.829	3
19.829	3
19.829	2
19.829	2
19.829	3
19.829	3
19.829	3
19.829	3
19.829	3
19.829	3
19.829	3
19.829	3
19.829	3
19.829	2
19.829	3
19.829	3
19.829	3
19.829	3
19.829	3
19.829	3
19.829	3
19.829	2
19.829	2
19.829	3
19.829	3
19.829	3
19.829	3
19.829	3
19.829	3
19.829	3
19.829	3
19.829	3
19.829	3
19.829	3
19.829	3
19.829	3
19.829	3
19.829	3
19.829	3
19.829	3
19.829	2
19.829	3
19.829	3
19.829	3
19.829	3
19.829	3
19.829	3
19.829	3
19.829	2
19.829	3
19.829	2
19.829	2
19.829	2
19.829	3
19.829	2
19.829	3
19.829	3
19.838	2
19.838	2
19.838	2
19.838	3
19.838	3
19.838	2
19.838	3
19.838	2
19.838	2
19.838	3
19.838	2
19.838	3
19.838	2
19.838	3
19.838	3
19.838	3
19.838	2
19.838	3
19.838	2
19.838	3
19.838	3
19.838	3
19.838	3
19.838	3
19.838	3
19.838	2
19.838	3
19.838	3
19.838	3
19.838	2
19.838	3
19.838	3
19.838	2
19.838	3
19.838	2
19.838	3
19.838	3
19.838	3
19.838	3
19.838	4
19.838	3
19.838	3
19.838	3
19.838	3
19.838	3
19.838	3
19.838	3
19.838	3
19.838	3
19.838	3
19.838	3
19.838	3
19.838	3
19.838	3
19.838	3
19.838	3
19.838	3
19.838	3
19.838	3
19.838	2
19.838	3
19.838	2
19.838	3
19.838	3
19.838	3
19.838	3
19.838	3
19.838	3
19.838	3
19.838	3
19.838	3
19.838	3
19.838	3
19.838	2
19.838	2
19.838	3
19.838	3
19.838	3
19.838	3
19.838	3
19.838	3
19.838	3
19.838	3
19.838	3
19.838	2
19.838	3
19.838	3
19.838	3
19.838	3
19.838	3
19.838	3
19.838	3
19.838	2
19.838	2
19.838	3
19.838	3
19.838	3
19.838	3
19.838	3
19.838	3
19.838	3
19.838	3
19.838	3
19.838	3
19.838	3
19.838	3
19.838	3
19.838	3
19.838	3
19.838	3
19.838	3
19.838	2
19.838	3
19.838	3
19.838	3
19.838	3
19.838	3
19.838	3
19.838	3
19.838	2
19.838	3
19.838	2
19.838	2
19.838	2
19.838	3
19.838	2
19.838	3
19.838	3
19.851	2
19.851	2
19.851	2
19.851	3
19.851	3
19.851	2
19.851	3
19.851	2
19.851	2
19.851	3
19.851	2
19.851	3
19.851	2
19.851	3
19.851	3
19.851	3
19.851	2
19.851	3
19.851	2
19.851	3
19.851	3
19.851	3
19.851	3
19.851	3
19.851	3
19.851	2
19.851	3
19.851	3
19.851	3
19.851	2
19.851	3
19.851	3
19.851	2
19.851	3
19.851	2
19.851	3
19.851	3
19.851	3
19.851	3
19.851	4
19.851	3
19.851	3
19.851	3
19.851	3
19.851	3
19.851	3
19.851	3
19.851	3
19.851	3
19.851	3
19.851	3
19.851	3
19.851	3
19.851	3
19.851	3
19.851	3
19.851	3
19.851	3
19.851	3
19.851	2
19.851	3
19.851	2
19.851	3
19.851	3
19.851	3
19.851	3
19.851	3
19.851	3
19.851	3
19.851	3
19.851	3
19.851	3
19.851	3
19.851	2
19.851	2
19.851	3
19.851	3
19.851	3
19.851	3
19.851	3
19.851	3
19.851	3
19.851	3
19.851	3
19.851	2
19.851	3
19.851	3
19.851	3
19.851	3
19.851	3
19.851	3
19.851	3
19.851	2
19.851	2
19.851	3
19.851	3
19.851	3
19.851	3
19.851	3
19.851	3
19.851	3
19.851	3
19.851	4
19.851	3
19.851	3
19.851	3
19.851	3
19.851	3
19.851	3
19.851	3
19.851	3
19.851	2
19.851	3
19.851	3
19.851	3
19.851	3
19.851	3
19.851	3
19.851	3
19.851	2
19.851	3
19.851	2
19.851	2
19.851	2
19.851	3
19.851	2
19.851	3
19.851	3
19.909	2
19.909	2
19.909	3
19.909	3
19.909	3
19.909	2
19.909	3
19.909	2
19.909	2
19.909	3
19.909	2
19.909	3
19.909	2
19.909	3
19.909	3
19.909	3
19.909	2
19.909	3
19.909	2
19.909	3
19.909	3
19.909	3
19.909	3
19.909	3
19.909	3
19.909	2
19.909	3
19.909	3
19.909	3
19.909	2
19.909	3
19.909	3
19.909	2
19.909	3
19.909	2
19.909	3
19.909	3
19.909	3
19.909	3
19.909	4
19.909	3
19.909	3
19.909	3
19.909	3
19.909	3
19.909	3
19.909	3
19.909	3
19.909	3
19.909	3
19.909	3
19.909	3
19.909	3
19.909	3
19.909	3
19.909	3
19.909	3
19.909	3
19.909	3
19.909	2
19.909	3
19.909	2
19.909	3
19.909	3
19.909	3
19.909	3
19.909	3
19.909	3
19.909	3
19.909	3
19.909	3
19.909	3
19.909	3
19.909	2
19.909	2
19.909	3
19.909	3
19.909	3
19.909	3
19.909	3
19.909	3
19.909	3
19.909	3
19.909	3
19.909	2
19.909	3
19.909	3
19.909	3
19.909	3
19.909	3
19.909	3
19.909	3
19.909	2
19.909	2
19.909	3
19.909	3
19.909	3
19.909	3
19.909	3
19.909	3
19.909	3
19.909	3
19.909	4
19.909	3
19.909	3
19.909	3
19.909	3
19.909	3
19.909	3
19.909	3
19.909	3
19.909	2
19.909	3
19.909	3
19.909	3
19.909	3
19.909	3
19.909	3
19.909	3
19.909	2
19.909	3
19.909	2
19.909	2
19.909	2
19.909	3
19.909	2
19.909	3
19.909	3
19.923	2
19.923	2
19.923	3
19.923	3
19.923	3
19.923	2
19.923	3
19.923	2
19.923	3
19.923	3
19.923	2
19.923	3
19.923	2
19.923	3
19.923	3
19.923	3
19.923	2
19.923	3
19.923	2
19.923	3
19.923	3
19.923	3
19.923	3
19.923	3
19.923	3
19.923	2
19.923	3
19.923	3
19.923	3
19.923	2
19.923	3
19.923	3
19.923	2
19.923	3
19.923	2
19.923	3
19.923	3
19.923	3
19.923	3
19.923	4
19.923	3
19.923	3
19.923	3
19.923	3
19.923	3
19.923	3
19.923	3
19.923	3
19.923	3
19.923	3
19.923	3
19.923	3
19.923	3
19.923	3
19.923	3
19.923	3
19.923	3
19.923	3
19.923	3
19.923	2
19.923	3
19.923	2
19.923	3
19.923	3
19.923	3
19.923	3
19.923	3
19.923	3
19.923	3
19.923	3
19.923	3
19.923	3
19.923	3
19.923	2
19.923	2
19.923	3
19.923	3
19.923	3
19.923	3
19.923	3
19.923	3
19.923	3
19.923	3
19.923	3
19.923	2
19.923	3
19.923	3
19.923	3
19.923	3
19.923	3
19.923	3
19.923	3
19.923	2
19.923	2
19.923	3
19.923	3
19.923	3
19.923	3
19.923	3
19.923	3
19.923	3
19.923	3
19.923	4
19.923	3
19.923	3
19.923	3
19.923	3
19.923	3
19.923	3
19.923	3
19.923	3
19.923	2
19.923	3
19.923	3
19.923	3
19.923	3
19.923	3
19.923	3
19.923	3
19.923	2
19.923	3
19.923	2
19.923	2
19.923	2
19.923	3
19.923	2
19.923	3
19.923	3
19.947	2
19.947	2
19.947	3
19.947	3
19.947	3
19.947	3
19.947	3
19.947	2
19.947	3
19.947	3
19.947	2
19.947	3
19.947	2
19.947	3
19.947	3
19.947	3
19.947	2
19.947	3
19.947	2
19.947	3
19.947	3
19.947	3
19.947	3
19.947	3
19.947	3
19.947	2
19.947	3
19.947	3
19.947	3
19.947	2
19.947	3
19.947	3
19.947	2
19.947	3
19.947	2
19.947	3
19.947	3
19.947	3
19.947	3
19.947	4
19.947	3
19.947	3
19.947	3
19.947	3
19.947	3
19.947	3
19.947	3
19.947	3
19.947	3
19.947	3
19.947	3
19.947	3
19.947	3
19.947	3
19.947	3
19.947	3
19.947	3
19.947	3
19.947	3
19.947	2
19.947	3
19.947	2
19.947	3
19.947	3
19.947	3
19.947	3
19.947	3
19.947	3
19.947	3
19.947	3
19.947	3
19.947	3
19.947	3
19.947	2
19.947	2
19.947	3
19.947	3
19.947	3
19.947	3
19.947	3
19.947	3
19.947	3
19.947	3
19.947	3
19.947	2
19.947	3
19.947	3
19.947	3
19.947	3
19.947	3
19.947	3
19.947	3
19.947	2
19.947	2
19.947	3
19.947	3
19.947	3
19.947	3
19.947	3
19.947	3
19.947	3
19.947	3
19.947	4
19.947	3
19.947	3
19.947	3
19.947	3
19.947	3
19.947	3
19.947	3
19.947	3
19.947	2
19.947	3
19.947	3
19.947	3
19.947	3
19.947	3
19.947	3
19.947	3
19.947	2
19.947	3
19.947	2
19.947	2
19.947	2
19.947	3
19.947	2
19.947	3
19.947	3
19.955	2
19.955	2
19.955	4
19.955	3
19.955	3
19.955	3
19.955	3
19.955	2
19.955	3
19.955	3
19.955	2
19.955	3
19.955	2
19.955	3
19.955	3
19.955	3
19.955	2
19.955	3
19.955	2
19.955	3
19.955	3
19.955	3
19.955	3
19.955	3
19.955	3
19.955	2
19.955	3
19.955	3
19.955	3
19.955	2
19.955	3
19.955	3
19.955	2
19.955	3
19.955	2
19.955	3
19.955	3
19.955	3
19.955	3
19.955	4
19.955	3
19.955	3
19.955	3
19.955	3
19.955	3
19.955	3
19.955	3
19.955	3
19.955	3
19.955	3
19.955	3
19.955	3
19.955	3
19.955	3
19.955	3
19.955	3
19.955	3
19.955	3
19.955	3
19.955	2
19.955	3
19.955	2
19.955	3
19.955	3
19.955	3
19.955	3
19.955	3
19.955	3
19.955	3
19.955	3
19.955	3
19.955	3
19.955	3
19.955	2
19.955	2
19.955	3
19.955	3
19.955	3
19.955	3
19.955	3
19.955	3
19.955	3
19.955	3
19.955	3
19.955	2
19.955	3
19.955	3
19.955	3
19.955	3
19.955	3
19.955	3
19.955	3
19.955	2
19.955	2
19.955	3
19.955	3
19.955	3
19.955	3
19.955	3
19.955	3
19.955	3
19.955	3
19.955	4
19.955	3
19.955	3
19.955	3
19.955	3
19.955	3
19.955	3
19.955	3
19.955	3
19.955	2
19.955	3
19.955	3
19.955	3
19.955	3
19.955	3
19.955	3
19.955	3
19.955	2
19.955	3
19.955	2
19.955	2
19.955	2
19.955	3
19.955	2
19.955	3
19.955	3
19.963	3
19.963	2
19.963	4
19.963	3
19.963	3
19.963	3
19.963	3
19.963	2
19.963	3
19.963	3
19.963	2
19.963	3
19.963	2
19.963	3
19.963	3
19.963	3
19.963	2
19.963	3
19.963	2
19.963	3
19.963	3
19.963	3
19.963	3
19.963	3
19.963	3
19.963	2
19.963	3
19.963	3
19.963	3
19.963	2
19.963	3
19.963	3
19.963	2
19.963	3
19.963	2
19.963	3
19.963	3
19.963	3
19.963	3
19.963	4
19.963	3
19.963	3
19.963	3
19.963	3
19.963	3
19.963	3
19.963	3
19.963	3
19.963	3
19.963	3
19.963	3
19.963	3
19.963	3
19.963	3
19.963	3
19.963	3
19.963	3
19.963	3
19.963	3
19.963	2
19.963	3
19.963	2
19.963	3
19.963	3
19.963	3
19.963	3
19.963	3
19.963	3
19.963	3
19.963	3
19.963	3
19.963	3
19.963	3
19.963	2
19.963	2
19.963	3
19.963	3
19.963	3
19.963	3
19.963	3
19.963	3
19.963	3
19.963	3
19.963	3
19.963	2
19.963	3
19.963	3
19.963	3
19.963	3
19.963	3
19.963	3
19.963	3
19.963	2
19.963	2
19.963	3
19.963	3
19.963	3
19.963	3
19.963	3
19.963	3
19.963	3
19.963	3
19.963	4
19.963	3
19.963	3
19.963	3
19.963	3
19.963	3
19.963	3
19.963	3
19.963	3
19.963	2
19.963	3
19.963	3
19.963	3
19.963	3
19.963	3
19.963	3
19.963	3
19.963	2
19.963	3
19.963	2
19.963	2
19.963	2
19.963	3
19.963	2
19.963	3
19.963	3
20.029	3
20.029	2
20.029	4
20.029	3
20.029	3
20.029	3
20.029	3
20.029	2
20.029	3
20.029	3
20.029	2
20.029	3
20.029	2
20.029	3
20.029	3
20.029	3
20.029	2
20.029	3
20.029	2
20.029	3
20.029	3
20.029	3
20.029	3
20.029	3
20.029	3
20.029	2
20.029	3
20.029	3
20.029	3
20.029	2
20.029	3
20.029	3
20.029	2
20.029	3
20.029	2
20.029	3
20.029	3
20.029	3
20.029	3
20.029	4
20.029	3
20.029	3
20.029	3
20.029	3
20.029	3
20.029	3
20.029	3
20.029	3
20.029	3
20.029	3
20.029	3
20.029	3
20.029	3
20.029	3
20.029	3
20.029	3
20.029	3
20.029	3
20.029	3
20.029	2
20.029	3
20.029	2
20.029	3
20.029	3
20.029	3
20.029	3
20.029	3
20.029	3
20.029	3
20.029	3
20.029	3
20.029	3
20.029	3
20.029	2
20.029	2
20.029	3
20.029	3
20.029	3
20.029	3
20.029	3
20.029	3
20.029	3
20.029	3
20.029	3
20.029	2
20.029	3
20.029	3
20.029	3
20.029	3
20.029	3
20.029	3
20.029	3
20.029	2
20.029	2
20.029	3
20.029	3
20.029	3
20.029	3
20.029	3
20.029	3
20.029	3
20.029	3
20.029	4
20.029	3
20.029	3
20.029	3
20.029	3
20.029	3
20.029	3
20.029	3
20.029	3
20.029	3
20.029	3
20.029	3
20.029	3
20.029	3
20.029	3
20.029	3
20.029	3
20.029	2
20.029	3
20.029	2
20.029	2
20.029	2
20.029	3
20.029	2
20.029	3
20.029	3
20.071	3
20.071	2
20.071	4
20.071	3
20.071	3
20.071	3
20.071	3
20.071	2
20.071	3
20.071	3
20.071	2
20.071	3
20.071	2
20.071	3
20.071	3
20.071	3
20.071	2
20.071	3
20.071	2
20.071	3
20.071	3
20.071	3
20.071	3
20.071	3
20.071	3
20.071	2
20.071	3
20.071	3
20.071	3
20.071	2
20.071	3
20.071	3
20.071	2
20.071	3
20.071	2
20.071	3
20.071	3
20.071	3
20.071	3
20.071	4
20.071	3
20.071	3
20.071	3
20.071	3
20.071	3
20.071	3
20.071	3
20.071	3
20.071	3
20.071	3
20.071	3
20.071	3
20.071	3
20.071	3
20.071	3
20.071	3
20.071	3
20.071	3
20.071	3
20.071	3
20.071	3
20.071	2
20.071	3
20.071	3
20.071	3
20.071	3
20.071	3
20.071	3
20.071	3
20.071	3
20.071	3
20.071	3
20.071	3
20.071	2
20.071	2
20.071	3
20.071	3
20.071	3
20.071	3
20.071	3
20.071	3
20.071	3
20.071	3
20.071	3
20.071	2
20.071	3
20.071	3
20.071	3
20.071	3
20.071	3
20.071	3
20.071	3
20.071	2
20.071	2
20.071	3
20.071	3
20.071	3
20.071	3
20.071	3
20.071	3
20.071	3
20.071	3
20.071	4
20.071	3
20.071	3
20.071	3
20.071	3
20.071	3
20.071	3
20.071	3
20.071	3
20.071	3
20.071	3
20.071	3
20.071	3
20.071	3
20.071	3
20.071	3
20.071	3
20.071	2
20.071	3
20.071	2
20.071	2
20.071	2
20.071	3
20.071	2
20.071	3
20.071	3
20.085	3
20.085	2
20.085	4
20.085	3
20.085	3
20.085	3
20.085	3
20.085	2
20.085	3
20.085	3
20.085	2
20.085	3
20.085	2
20.085	3
20.085	3
20.085	3
20.085	2
20.085	3
20.085	2
20.085	3
20.085	3
20.085	3
20.085	3
20.085	3
20.085	3
20.085	2
20.085	3
20.085	3
20.085	3
20.085	2
20.085	3
20.085	3
20.085	2
20.085	3
20.085	2
20.085	3
20.085	3
20.085	3
20.085	3
20.085	4
20.085	3
20.085	3
20.085	3
20.085	3
20.085	3
20.085	3
20.085	3
20.085	3
20.085	3
20.085	3
20.085	3
20.085	3
20.085	3
20.085	3
20.085	3
20.085	3
20.085	3
20.085	3
20.085	3
20.085	3
20.085	3
20.085	2
20.085	3
20.085	3
20.085	3
20.085	3
20.085	3
20.085	3
20.085	3
20.085	3
20.085	3
20.085	3
20.085	3
20.085	2
20.085	2
20.085	3
20.085	3
20.085	3
20.085	3
20.085	3
20.085	3
20.085	3
20.085	3
20.085	3
20.085	2
20.085	3
20.085	3
20.085	3
20.085	3
20.085	3
20.085	3
20.085	3
20.085	2
20.085	3
20.085	3
20.085	3
20.085	3
20.085	3
20.085	3
20.085	3
20.085	3
20.085	3
20.085	4
20.085	3
20.085	3
20.085	3
20.085	3
20.085	3
20.085	3
20.085	3
20.085	3
20.085	3
20.085	3
20.085	3
20.085	3
20.085	3
20.085	3
20.085	3
20.085	3
20.085	2
20.085	3
20.085	2
20.085	2
20.085	2
20.085	3
20.085	2
20.085	3
20.085	3
20.105	3
20.105	2
20.105	4
20.105	3
20.105	3
20.105	3
20.105	3
20.105	2
20.105	3
20.105	3
20.105	2
20.105	3
20.105	2
20.105	3
20.105	3
20.105	3
20.105	2
20.105	3
20.105	2
20.105	3
20.105	3
20.105	3
20.105	3
20.105	3
20.105	3
20.105	2
20.105	3
20.105	3
20.105	3
20.105	2
20.105	3
20.105	3
20.105	2
20.105	3
20.105	2
20.105	3
20.105	3
20.105	3
20.105	3
20.105	4
20.105	3
20.105	3
20.105	3
20.105	3
20.105	3
20.105	3
20.105	3
20.105	3
20.105	3
20.105	3
20.105	3
20.105	3
20.105	3
20.105	3
20.105	3
20.105	3
20.105	3
20.105	3
20.105	3
20.105	3
20.105	3
20.105	2
20.105	3
20.105	3
20.105	3
20.105	3
20.105	3
20.105	3
20.105	3
20.105	3
20.105	3
20.105	3
20.105	3
20.105	2
20.105	2
20.105	3
20.105	3
20.105	3
20.105	3
20.105	3
20.105	3
20.105	3
20.105	3
20.105	3
20.105	2
20.105	3
20.105	3
20.105	3
20.105	3
20.105	3
20.105	3
20.105	3
20.105	2
20.105	3
20.105	3
20.105	3
20.105	3
20.105	3
20.105	3
20.105	3
20.105	3
20.105	3
20.105	4
20.105	3
20.105	3
20.105	3
20.105	3
20.105	3
20.105	3
20.105	3
20.105	3
20.105	3
20.105	3
20.105	3
20.105	3
20.105	3
20.105	3
20.105	3
20.105	3
20.105	2
20.105	3
20.105	3
20.105	2
20.105	2
20.105	3
20.105	2
20.105	3
20.105	3
20.114	3
20.114	2
20.114	4
20.114	3
20.114	3
20.114	3
20.114	3
20.114	2
20.114	3
20.114	3
20.114	2
20.114	3
20.114	2
20.114	3
20.114	3
20.114	3
20.114	2
20.114	3
20.114	2
20.114	3
20.114	3
20.114	3
20.114	3
20.114	3
20.114	3
20.114	2
20.114	3
20.114	3
20.114	3
20.114	2
20.114	3
20.114	3
20.114	2
20.114	3
20.114	2
20.114	3
20.114	3
20.114	3
20.114	3
20.114	4
20.114	3
20.114	3
20.114	3
20.114	3
20.114	3
20.114	3
20.114	3
20.114	3
20.114	3
20.114	3
20.114	3
20.114	3
20.114	3
20.114	3
20.114	3
20.114	3
20.114	3
20.114	3
20.114	3
20.114	3
20.114	3
20.114	2
20.114	3
20.114	3
20.114	3
20.114	3
20.114	3
20.114	3
20.114	3
20.114	3
20.114	3
20.114	3
20.114	3
20.114	2
20.114	2
20.114	3
20.114	3
20.114	3
20.114	3
20.114	3
20.114	3
20.114	3
20.114	3
20.114	3
20.114	2
20.114	3
20.114	3
20.114	3
20.114	3
20.114	3
20.114	3
20.114	3
20.114	2
20.114	3
20.114	3
20.114	3
20.114	3
20.114	3
20.114	3
20.114	3
20.114	3
20.114	3
20.114	4
20.114	3
20.114	3
20.114	3
20.114	3
20.114	3
20.114	3
20.114	3
20.114	3
20.114	4
20.114	3
20.114	3
20.114	3
20.114	3
20.114	3
20.114	3
20.114	3
20.114	2
20.114	3
20.114	3
20.114	2
20.114	2
20.114	3
20.114	2
20.114	3
20.114	3
20.122	3
20.122	2
20.122	4
20.122	3
20.122	3
20.122	3
20.122	3
20.122	2
20.122	3
20.122	3
20.122	2
20.122	3
20.122	2
20.122	3
20.122	3
20.122	3
20.122	2
20.122	3
20.122	2
20.122	3
20.122	3
20.122	3
20.122	3
20.122	3
20.122	3
20.122	2
20.122	3
20.122	3
20.122	3
20.122	2
20.122	3
20.122	3
20.122	2
20.122	3
20.122	2
20.122	3
20.122	3
20.122	3
20.122	3
20.122	4
20.122	3
20.122	3
20.122	3
20.122	3
20.122	3
20.122	3
20.122	3
20.122	3
20.122	3
20.122	3
20.122	3
20.122	3
20.122	3
20.122	3
20.122	3
20.122	3
20.122	3
20.122	3
20.122	3
20.122	3
20.122	3
20.122	2
20.122	3
20.122	3
20.122	3
20.122	3
20.122	3
20.122	3
20.122	3
20.122	3
20.122	3
20.122	3
20.122	3
20.122	2
20.122	2
20.122	3
20.122	3
20.122	3
20.122	3
20.122	3
20.122	3
20.122	3
20.122	3
20.122	3
20.122	2
20.122	3
20.122	3
20.122	3
20.122	3
20.122	3
20.122	3
20.122	3
20.122	2
20.122	3
20.122	3
20.122	3
20.122	3
20.122	3
20.122	3
20.122	3
20.122	3
20.122	3
20.122	4
20.122	3
20.122	3
20.122	3
20.122	3
20.122	3
20.122	3
20.122	3
20.122	3
20.122	4
20.122	3
20.122	3
20.122	3
20.122	3
20.122	3
20.122	3
20.122	3
20.122	2
20.122	3
20.122	3
20.122	2
20.122	3
20.122	3
20.122	2
20.122	3
20.122	3
20.15	3
20.15	2
20.15	5
20.15	3
20.15	3
20.15	3
20.15	3
20.15	2
20.15	3
20.15	3
20.15	2
20.15	3
20.15	2
20.15	3
20.15	3
20.15	3
20.15	2
20.15	3
20.15	2
20.15	3
20.15	3
20.15	3
20.15	3
20.15	3
20.15	3
20.15	2
20.15	3
20.15	3
20.15	3
20.15	2
20.15	3
20.15	3
20.15	2
20.15	3
20.15	2
20.15	3
20.15	3
20.15	3
20.15	3
20.15	4
20.15	3
20.15	3
20.15	3
20.15	3
20.15	3
20.15	3
20.15	3
20.15	3
20.15	3
20.15	3
20.15	3
20.15	3
20.15	3
20.15	3
20.15	3
20.15	3
20.15	3
20.15	3
20.15	3
20.15	3
20.15	3
20.15	2
20.15	3
20.15	3
20.15	3
20.15	3
20.15	3
20.15	3
20.15	3
20.15	3
20.15	3
20.15	3
20.15	3
20.15	2
20.15	2
20.15	3
20.15	3
20.15	3
20.15	3
20.15	3
20.15	3
20.15	3
20.15	3
20.15	3
20.15	2
20.15	3
20.15	3
20.15	3
20.15	3
20.15	3
20.15	3
20.15	3
20.15	2
20.15	3
20.15	3
20.15	3
20.15	3
20.15	3
20.15	3
20.15	3
20.15	3
20.15	3
20.15	4
20.15	3
20.15	3
20.15	3
20.15	3
20.15	3
20.15	3
20.15	3
20.15	3
20.15	4
20.15	3
20.15	3
20.15	3
20.15	3
20.15	3
20.15	3
20.15	3
20.15	2
20.15	3
20.15	3
20.15	2
20.15	3
20.15	3
20.15	2
20.15	3
20.15	3
20.177	3
20.177	2
20.177	5
20.177	3
20.177	3
20.177	3
20.177	3
20.177	2
20.177	3
20.177	3
20.177	2
20.177	3
20.177	3
20.177	3
20.177	3
20.177	3
20.177	2
20.177	3
20.177	2
20.177	3
20.177	3
20.177	3
20.177	3
20.177	3
20.177	3
20.177	2
20.177	3
20.177	3
20.177	3
20.177	2
20.177	3
20.177	3
20.177	2
20.177	3
20.177	2
20.177	3
20.177	3
20.177	3
20.177	3
20.177	4
20.177	3
20.177	3
20.177	3
20.177	3
20.177	3
20.177	3
20.177	3
20.177	3
20.177	3
20.177	3
20.177	3
20.177	3
20.177	3
20.177	3
20.177	3
20.177	3
20.177	3
20.177	3
20.177	3
20.177	3
20.177	3
20.177	2
20.177	3
20.177	3
20.177	3
20.177	3
20.177	3
20.177	3
20.177	3
20.177	3
20.177	3
20.177	3
20.177	3
20.177	2
20.177	2
20.177	3
20.177	3
20.177	3
20.177	3
20.177	3
20.177	3
20.177	3
20.177	3
20.177	3
20.177	2
20.177	3
20.177	3
20.177	3
20.177	3
20.177	3
20.177	3
20.177	3
20.177	2
20.177	3
20.177	3
20.177	3
20.177	3
20.177	3
20.177	3
20.177	3
20.177	3
20.177	3
20.177	4
20.177	3
20.177	3
20.177	3
20.177	3
20.177	3
20.177	3
20.177	3
20.177	3
20.177	4
20.177	3
20.177	3
20.177	3
20.177	3
20.177	3
20.177	3
20.177	3
20.177	2
20.177	3
20.177	3
20.177	2
20.177	3
20.177	3
20.177	2
20.177	3
20.177	3
20.205	3
20.205	2
20.205	5
20.205	3
20.205	3
20.205	3
20.205	3
20.205	2
20.205	3
20.205	3
20.205	2
20.205	3
20.205	3
20.205	3
20.205	3
20.205	3
20.205	2
20.205	3
20.205	2
20.205	3
20.205	3
20.205	3
20.205	3
20.205	3
20.205	3
20.205	2
20.205	3
20.205	3
20.205	3
20.205	2
20.205	3
20.205	3
20.205	2
20.205	3
20.205	2
20.205	3
20.205	3
20.205	3
20.205	3
20.205	4
20.205	3
20.205	3
20.205	3
20.205	3
20.205	3
20.205	3
20.205	3
20.205	3
20.205	3
20.205	3
20.205	3
20.205	3
20.205	3
20.205	3
20.205	3
20.205	3
20.205	3
20.205	3
20.205	3
20.205	4
20.205	3
20.205	2
20.205	3
20.205	3
20.205	3
20.205	3
20.205	3
20.205	3
20.205	3
20.205	3
20.205	3
20.205	3
20.205	3
20.205	2
20.205	2
20.205	3
20.205	3
20.205	3
20.205	3
20.205	3
20.205	3
20.205	3
20.205	3
20.205	3
20.205	2
20.205	3
20.205	3
20.205	3
20.205	3
20.205	3
20.205	3
20.205	3
20.205	2
20.205	3
20.205	3
20.205	3
20.205	3
20.205	3
20.205	3
20.205	3
20.205	3
20.205	3
20.205	4
20.205	3
20.205	3
20.205	3
20.205	3
20.205	3
20.205	3
20.205	3
20.205	3
20.205	4
20.205	3
20.205	3
20.205	3
20.205	3
20.205	3
20.205	3
20.205	3
20.205	2
20.205	3
20.205	3
20.205	2
20.205	3
20.205	3
20.205	2
20.205	3
20.205	3
20.244	3
20.244	2
20.244	5
20.244	3
20.244	3
20.244	3
20.244	3
20.244	2
20.244	3
20.244	3
20.244	2
20.244	3
20.244	3
20.244	3
20.244	3
20.244	3
20.244	2
20.244	3
20.244	2
20.244	3
20.244	3
20.244	3
20.244	3
20.244	3
20.244	3
20.244	2
20.244	3
20.244	3
20.244	3
20.244	2
20.244	3
20.244	3
20.244	2
20.244	3
20.244	2
20.244	3
20.244	3
20.244	3
20.244	3
20.244	4
20.244	3
20.244	3
20.244	3
20.244	3
20.244	3
20.244	3
20.244	3
20.244	3
20.244	3
20.244	3
20.244	3
20.244	3
20.244	3
20.244	3
20.244	3
20.244	3
20.244	3
20.244	3
20.244	3
20.244	4
20.244	3
20.244	2
20.244	3
20.244	3
20.244	3
20.244	3
20.244	3
20.244	3
20.244	3
20.244	3
20.244	3
20.244	3
20.244	3
20.244	2
20.244	2
20.244	3
20.244	3
20.244	3
20.244	3
20.244	3
20.244	3
20.244	3
20.244	3
20.244	3
20.244	2
20.244	3
20.244	3
20.244	3
20.244	3
20.244	3
20.244	3
20.244	3
20.244	2
20.244	3
20.244	3
20.244	3
20.244	3
20.244	3
20.244	3
20.244	3
20.244	3
20.244	3
20.244	4
20.244	3
20.244	3
20.244	3
20.244	3
20.244	3
20.244	3
20.244	3
20.244	3
20.244	4
20.244	3
20.244	3
20.244	3
20.244	3
20.244	3
20.244	3
20.244	3
20.244	2
20.244	3
20.244	3
20.244	3
20.244	3
20.244	3
20.244	2
20.244	3
20.244	3
20.26	3
20.26	2
20.26	5
20.26	3
20.26	3
20.26	3
20.26	3
20.26	2
20.26	3
20.26	3
20.26	2
20.26	3
20.26	3
20.26	3
20.26	3
20.26	3
20.26	2
20.26	3
20.26	2
20.26	3
20.26	3
20.26	3
20.26	3
20.26	3
20.26	3
20.26	2
20.26	3
20.26	3
20.26	3
20.26	2
20.26	3
20.26	3
20.26	2
20.26	3
20.26	3
20.26	3
20.26	3
20.26	3
20.26	3
20.26	4
20.26	3
20.26	3
20.26	3
20.26	3
20.26	3
20.26	3
20.26	3
20.26	3
20.26	3
20.26	3
20.26	3
20.26	3
20.26	3
20.26	3
20.26	3
20.26	3
20.26	3
20.26	3
20.26	3
20.26	4
20.26	3
20.26	2
20.26	3
20.26	3
20.26	3
20.26	3
20.26	3
20.26	3
20.26	3
20.26	3
20.26	3
20.26	3
20.26	3
20.26	2
20.26	2
20.26	3
20.26	3
20.26	3
20.26	3
20.26	3
20.26	3
20.26	3
20.26	3
20.26	3
20.26	2
20.26	3
20.26	3
20.26	3
20.26	3
20.26	3
20.26	3
20.26	3
20.26	2
20.26	3
20.26	3
20.26	3
20.26	3
20.26	3
20.26	3
20.26	3
20.26	3
20.26	3
20.26	4
20.26	3
20.26	3
20.26	3
20.26	3
20.26	3
20.26	3
20.26	3
20.26	3
20.26	4
20.26	3
20.26	3
20.26	3
20.26	3
20.26	3
20.26	3
20.26	3
20.26	2
20.26	3
20.26	3
20.26	3
20.26	3
20.26	3
20.26	2
20.26	3
20.26	3
20.282	3
20.282	2
20.282	5
20.282	3
20.282	3
20.282	4
20.282	3
20.282	2
20.282	3
20.282	3
20.282	2
20.282	3
20.282	3
20.282	3
20.282	3
20.282	3
20.282	2
20.282	3
20.282	2
20.282	3
20.282	3
20.282	3
20.282	3
20.282	3
20.282	3
20.282	2
20.282	3
20.282	3
20.282	3
20.282	2
20.282	3
20.282	3
20.282	2
20.282	3
20.282	3
20.282	3
20.282	3
20.282	3
20.282	3
20.282	4
20.282	3
20.282	3
20.282	3
20.282	3
20.282	3
20.282	3
20.282	3
20.282	3
20.282	3
20.282	3
20.282	3
20.282	3
20.282	3
20.282	3
20.282	3
20.282	3
20.282	3
20.282	3
20.282	3
20.282	4
20.282	3
20.282	2
20.282	3
20.282	3
20.282	3
20.282	3
20.282	3
20.282	3
20.282	3
20.282	3
20.282	3
20.282	3
20.282	3
20.282	2
20.282	2
20.282	3
20.282	3
20.282	3
20.282	3
20.282	3
20.282	3
20.282	3
20.282	3
20.282	3
20.282	2
20.282	3
20.282	3
20.282	3
20.282	3
20.282	3
20.282	3
20.282	3
20.282	2
20.282	3
20.282	3
20.282	3
20.282	3
20.282	3
20.282	3
20.282	3
20.282	3
20.282	3
20.282	4
20.282	3
20.282	3
20.282	3
20.282	3
20.282	3
20.282	3
20.282	3
20.282	3
20.282	4
20.282	3
20.282	3
20.282	3
20.282	3
20.282	3
20.282	3
20.282	3
20.282	2
20.282	3
20.282	3
20.282	3
20.282	3
20.282	3
20.282	2
20.282	3
20.282	3
20.311	3
20.311	2
20.311	5
20.311	3
20.311	3
20.311	4
20.311	3
20.311	2
20.311	3
20.311	3
20.311	2
20.311	3
20.311	3
20.311	3
20.311	3
20.311	3
20.311	2
20.311	3
20.311	2
20.311	3
20.311	3
20.311	3
20.311	3
20.311	3
20.311	3
20.311	2
20.311	3
20.311	3
20.311	3
20.311	2
20.311	3
20.311	3
20.311	2
20.311	3
20.311	3
20.311	3
20.311	3
20.311	3
20.311	3
20.311	4
20.311	3
20.311	3
20.311	3
20.311	3
20.311	3
20.311	3
20.311	3
20.311	3
20.311	3
20.311	3
20.311	3
20.311	3
20.311	3
20.311	3
20.311	3
20.311	3
20.311	3
20.311	3
20.311	3
20.311	4
20.311	3
20.311	2
20.311	3
20.311	3
20.311	3
20.311	3
20.311	3
20.311	3
20.311	3
20.311	3
20.311	3
20.311	3
20.311	3
20.311	2
20.311	3
20.311	3
20.311	3
20.311	3
20.311	3
20.311	3
20.311	3
20.311	3
20.311	3
20.311	3
20.311	2
20.311	3
20.311	3
20.311	3
20.311	3
20.311	3
20.311	3
20.311	3
20.311	2
20.311	3
20.311	3
20.311	3
20.311	3
20.311	3
20.311	3
20.311	3
20.311	3
20.311	3
20.311	4
20.311	3
20.311	3
20.311	3
20.311	3
20.311	3
20.311	3
20.311	3
20.311	3
20.311	4
20.311	3
20.311	3
20.311	3
20.311	3
20.311	3
20.311	3
20.311	3
20.311	2
20.311	3
20.311	3
20.311	3
20.311	3
20.311	3
20.311	2
20.311	3
20.311	3
20.36	3
20.36	2
20.36	5
20.36	3
20.36	3
20.36	4
20.36	3
20.36	3
20.36	3
20.36	3
20.36	2
20.36	3
20.36	3
20.36	3
20.36	3
20.36	3
20.36	2
20.36	3
20.36	2
20.36	3
20.36	3
20.36	3
20.36	3
20.36	3
20.36	3
20.36	2
20.36	3
20.36	3
20.36	3
20.36	2
20.36	3
20.36	3
20.36	2
20.36	3
20.36	3
20.36	3
20.36	3
20.36	3
20.36	3
20.36	4
20.36	3
20.36	3
20.36	3
20.36	3
20.36	3
20.36	3
20.36	3
20.36	3
20.36	3
20.36	3
20.36	3
20.36	3
20.36	3
20.36	3
20.36	3
20.36	3
20.36	3
20.36	3
20.36	3
20.36	4
20.36	3
20.36	2
20.36	3
20.36	3
20.36	3
20.36	3
20.36	3
20.36	3
20.36	3
20.36	3
20.36	3
20.36	3
20.36	3
20.36	2
20.36	3
20.36	3
20.36	3
20.36	3
20.36	3
20.36	3
20.36	3
20.36	3
20.36	3
20.36	3
20.36	2
20.36	3
20.36	3
20.36	3
20.36	3
20.36	3
20.36	3
20.36	3
20.36	2
20.36	3
20.36	3
20.36	3
20.36	3
20.36	3
20.36	3
20.36	3
20.36	3
20.36	3
20.36	4
20.36	3
20.36	3
20.36	3
20.36	3
20.36	3
20.36	3
20.36	3
20.36	3
20.36	4
20.36	3
20.36	3
20.36	3
20.36	3
20.36	3
20.36	3
20.36	3
20.36	2
20.36	3
20.36	3
20.36	3
20.36	3
20.36	3
20.36	2
20.36	3
20.36	3
20.383	3
20.383	2
20.383	5
20.383	3
20.383	3
20.383	4
20.383	3
20.383	3
20.383	3
20.383	3
20.383	2
20.383	3
20.383	3
20.383	3
20.383	3
20.383	3
20.383	2
20.383	3
20.383	2
20.383	3
20.383	3
20.383	3
20.383	3
20.383	3
20.383	3
20.383	2
20.383	3
20.383	3
20.383	3
20.383	2
20.383	3
20.383	3
20.383	2
20.383	3
20.383	3
20.383	3
20.383	3
20.383	3
20.383	3
20.383	4
20.383	3
20.383	3
20.383	3
20.383	3
20.383	3
20.383	3
20.383	3
20.383	3
20.383	3
20.383	3
20.383	3
20.383	3
20.383	3
20.383	3
20.383	3
20.383	3
20.383	3
20.383	3
20.383	3
20.383	4
20.383	3
20.383	3
20.383	3
20.383	3
20.383	3
20.383	3
20.383	3
20.383	3
20.383	3
20.383	3
20.383	3
20.383	3
20.383	3
20.383	2
20.383	3
20.383	3
20.383	3
20.383	3
20.383	3
20.383	3
20.383	3
20.383	3
20.383	3
20.383	3
20.383	2
20.383	3
20.383	3
20.383	3
20.383	3
20.383	3
20.383	3
20.383	3
20.383	2
20.383	3
20.383	3
20.383	3
20.383	3
20.383	3
20.383	3
20.383	3
20.383	3
20.383	3
20.383	4
20.383	3
20.383	3
20.383	3
20.383	3
20.383	3
20.383	3
20.383	3
20.383	3
20.383	4
20.383	3
20.383	3
20.383	3
20.383	3
20.383	3
20.383	3
20.383	3
20.383	2
20.383	3
20.383	3
20.383	3
20.383	3
20.383	3
20.383	2
20.383	3
20.383	3
20.389	3
20.389	2
20.389	5
20.389	3
20.389	3
20.389	4
20.389	3
20.389	4
20.389	3
20.389	3
20.389	2
20.389	3
20.389	3
20.389	3
20.389	3
20.389	3
20.389	2
20.389	3
20.389	2
20.389	3
20.389	3
20.389	3
20.389	3
20.389	3
20.389	3
20.389	2
20.389	3
20.389	3
20.389	3
20.389	2
20.389	3
20.389	3
20.389	2
20.389	3
20.389	3
20.389	3
20.389	3
20.389	3
20.389	3
20.389	4
20.389	3
20.389	3
20.389	3
20.389	3
20.389	3
20.389	3
20.389	3
20.389	3
20.389	3
20.389	3
20.389	3
20.389	3
20.389	3
20.389	3
20.389	3
20.389	3
20.389	3
20.389	3
20.389	3
20.389	4
20.389	3
20.389	3
20.389	3
20.389	3
20.389	3
20.389	3
20.389	3
20.389	3
20.389	3
20.389	3
20.389	3
20.389	3
20.389	3
20.389	2
20.389	3
20.389	3
20.389	3
20.389	3
20.389	3
20.389	3
20.389	3
20.389	3
20.389	3
20.389	3
20.389	2
20.389	3
20.389	3
20.389	3
20.389	3
20.389	3
20.389	3
20.389	3
20.389	2
20.389	3
20.389	3
20.389	3
20.389	3
20.389	3
20.389	3
20.389	3
20.389	3
20.389	3
20.389	4
20.389	3
20.389	3
20.389	3
20.389	3
20.389	3
20.389	3
20.389	3
20.389	3
20.389	4
20.389	3
20.389	3
20.389	3
20.389	3
20.389	3
20.389	3
20.389	3
20.389	2
20.389	3
20.389	3
20.389	3
20.389	3
20.389	3
20.389	2
20.389	3
20.389	3
20.449	3
20.449	2
20.449	5
20.449	3
20.449	3
20.449	4
20.449	3
20.449	4
20.449	3
20.449	3
20.449	2
20.449	3
20.449	3
20.449	3
20.449	3
20.449	3
20.449	2
20.449	3
20.449	2
20.449	3
20.449	3
20.449	3
20.449	3
20.449	3
20.449	3
20.449	2
20.449	3
20.449	3
20.449	3
20.449	2
20.449	3
20.449	3
20.449	2
20.449	3
20.449	3
20.449	3
20.449	3
20.449	3
20.449	3
20.449	4
20.449	3
20.449	3
20.449	3
20.449	3
20.449	3
20.449	3
20.449	3
20.449	3
20.449	3
20.449	3
20.449	3
20.449	3
20.449	3
20.449	3
20.449	3
20.449	3
20.449	3
20.449	3
20.449	3
20.449	4
20.449	3
20.449	3
20.449	3
20.449	3
20.449	3
20.449	3
20.449	3
20.449	3
20.449	3
20.449	3
20.449	3
20.449	3
20.449	3
20.449	2
20.449	3
20.449	3
20.449	3
20.449	3
20.449	3
20.449	3
20.449	3
20.449	3
20.449	3
20.449	3
20.449	2
20.449	3
20.449	3
20.449	3
20.449	3
20.449	3
20.449	3
20.449	3
20.449	2
20.449	4
20.449	3
20.449	3
20.449	3
20.449	3
20.449	3
20.449	3
20.449	3
20.449	3
20.449	4
20.449	3
20.449	3
20.449	3
20.449	3
20.449	3
20.449	3
20.449	3
20.449	3
20.449	4
20.449	3
20.449	3
20.449	3
20.449	3
20.449	3
20.449	3
20.449	3
20.449	2
20.449	3
20.449	3
20.449	3
20.449	3
20.449	3
20.449	2
20.449	3
20.449	3
20.452	4
20.452	2
20.452	5
20.452	3
20.452	3
20.452	4
20.452	3
20.452	4
20.452	3
20.452	3
20.452	2
20.452	3
20.452	3
20.452	3
20.452	3
20.452	3
20.452	2
20.452	3
20.452	2
20.452	3
20.452	3
20.452	3
20.452	3
20.452	3
20.452	3
20.452	2
20.452	3
20.452	3
20.452	3
20.452	2
20.452	3
20.452	3
20.452	2
20.452	3
20.452	3
20.452	3
20.452	3
20.452	3
20.452	3
20.452	4
20.452	3
20.452	3
20.452	3
20.452	3
20.452	3
20.452	3
20.452	3
20.452	3
20.452	3
20.452	3
20.452	3
20.452	3
20.452	3
20.452	3
20.452	3
20.452	3
20.452	3
20.452	3
20.452	3
20.452	4
20.452	3
20.452	3
20.452	3
20.452	3
20.452	3
20.452	3
20.452	3
20.452	3
20.452	3
20.452	3
20.452	3
20.452	3
20.452	3
20.452	2
20.452	3
20.452	3
20.452	3
20.452	3
20.452	3
20.452	3
20.452	3
20.452	3
20.452	3
20.452	3
20.452	2
20.452	3
20.452	3
20.452	3
20.452	3
20.452	3
20.452	3
20.452	3
20.452	2
20.452	4
20.452	3
20.452	3
20.452	3
20.452	3
20.452	3
20.452	3
20.452	3
20.452	3
20.452	4
20.452	3
20.452	3
20.452	3
20.452	3
20.452	3
20.452	3
20.452	3
20.452	3
20.452	4
20.452	3
20.452	3
20.452	3
20.452	3
20.452	3
20.452	3
20.452	3
20.452	2
20.452	3
20.452	3
20.452	3
20.452	3
20.452	3
20.452	2
20.452	3
20.452	3
20.485	4
20.485	2
20.485	5
20.485	3
20.485	3
20.485	4
20.485	3
20.485	4
20.485	3
20.485	3
20.485	2
20.485	3
20.485	3
20.485	3
20.485	3
20.485	3
20.485	2
20.485	3
20.485	2
20.485	3
20.485	3
20.485	3
20.485	3
20.485	3
20.485	3
20.485	2
20.485	3
20.485	3
20.485	3
20.485	3
20.485	3
20.485	3
20.485	2
20.485	3
20.485	3
20.485	3
20.485	3
20.485	3
20.485	3
20.485	4
20.485	3
20.485	3
20.485	3
20.485	3
20.485	3
20.485	3
20.485	3
20.485	3
20.485	3
20.485	3
20.485	3
20.485	3
20.485	3
20.485	3
20.485	3
20.485	3
20.485	3
20.485	3
20.485	3
20.485	4
20.485	3
20.485	3
20.485	3
20.485	3
20.485	3
20.485	3
20.485	3
20.485	3
20.485	3
20.485	3
20.485	3
20.485	3
20.485	3
20.485	2
20.485	3
20.485	3
20.485	3
20.485	3
20.485	3
20.485	3
20.485	3
20.485	3
20.485	3
20.485	3
20.485	2
20.485	3
20.485	3
20.485	3
20.485	3
20.485	3
20.485	3
20.485	3
20.485	2
20.485	4
20.485	3
20.485	3
20.485	3
20.485	3
20.485	3
20.485	3
20.485	3
20.485	3
20.485	4
20.485	3
20.485	3
20.485	3
20.485	3
20.485	3
20.485	3
20.485	3
20.485	3
20.485	4
20.485	3
20.485	3
20.485	3
20.485	3
20.485	3
20.485	3
20.485	3
20.485	2
20.485	3
20.485	3
20.485	3
20.485	3
20.485	3
20.485	2
20.485	3
20.485	3
20.499	4
20.499	2
20.499	5
20.499	3
20.499	3
20.499	4
20.499	3
20.499	4
20.499	3
20.499	3
20.499	3
20.499	3
20.499	3
20.499	3
20.499	3
20.499	3
20.499	2
20.499	3
20.499	2
20.499	3
20.499	3
20.499	3
20.499	3
20.499	3
20.499	3
20.499	2
20.499	3
20.499	3
20.499	3
20.499	3
20.499	3
20.499	3
20.499	2
20.499	3
20.499	3
20.499	3
20.499	3
20.499	3
20.499	3
20.499	4
20.499	3
20.499	3
20.499	3
20.499	3
20.499	3
20.499	3
20.499	3
20.499	3
20.499	3
20.499	3
20.499	3
20.499	3
20.499	3
20.499	3
20.499	3
20.499	3
20.499	3
20.499	3
20.499	3
20.499	4
20.499	3
20.499	3
20.499	3
20.499	3
20.499	3
20.499	3
20.499	3
20.499	3
20.499	3
20.499	3
20.499	3
20.499	3
20.499	3
20.499	2
20.499	3
20.499	3
20.499	3
20.499	3
20.499	3
20.499	3
20.499	3
20.499	3
20.499	3
20.499	3
20.499	2
20.499	3
20.499	3
20.499	3
20.499	3
20.499	3
20.499	3
20.499	3
20.499	2
20.499	4
20.499	3
20.499	3
20.499	3
20.499	3
20.499	3
20.499	3
20.499	3
20.499	3
20.499	4
20.499	3
20.499	3
20.499	3
20.499	3
20.499	3
20.499	3
20.499	3
20.499	3
20.499	4
20.499	3
20.499	3
20.499	3
20.499	3
20.499	3
20.499	3
20.499	3
20.499	2
20.499	3
20.499	3
20.499	3
20.499	3
20.499	3
20.499	2
20.499	3
20.499	3
20.516	4
20.516	2
20.516	5
20.516	3
20.516	3
20.516	4
20.516	3
20.516	4
20.516	3
20.516	3
20.516	3
20.516	3
20.516	3
20.516	3
20.516	3
20.516	3
20.516	2
20.516	3
20.516	2
20.516	3
20.516	3
20.516	3
20.516	3
20.516	3
20.516	3
20.516	2
20.516	3
20.516	3
20.516	3
20.516	3
20.516	3
20.516	3
20.516	2
20.516	3
20.516	3
20.516	3
20.516	3
20.516	3
20.516	3
20.516	4
20.516	3
20.516	3
20.516	3
20.516	3
20.516	3
20.516	3
20.516	3
20.516	3
20.516	3
20.516	3
20.516	3
20.516	3
20.516	3
20.516	3
20.516	3
20.516	3
20.516	3
20.516	3
20.516	3
20.516	4
20.516	3
20.516	3
20.516	3
20.516	3
20.516	3
20.516	3
20.516	3
20.516	3
20.516	3
20.516	3
20.516	3
20.516	3
20.516	3
20.516	2
20.516	3
20.516	3
20.516	3
20.516	3
20.516	3
20.516	3
20.516	3
20.516	3
20.516	3
20.516	3
20.516	2
20.516	3
20.516	3
20.516	3
20.516	3
20.516	3
20.516	3
20.516	3
20.516	3
20.516	4
20.516	3
20.516	3
20.516	3
20.516	3
20.516	3
20.516	3
20.516	3
20.516	3
20.516	4
20.516	3
20.516	3
20.516	3
20.516	3
20.516	3
20.516	3
20.516	3
20.516	3
20.516	4
20.516	3
20.516	3
20.516	3
20.516	3
20.516	3
20.516	3
20.516	3
20.516	2
20.516	3
20.516	3
20.516	3
20.516	3
20.516	3
20.516	2
20.516	3
20.516	3
20.517	4
20.517	2
20.517	4
20.517	3
20.517	3
20.517	4
20.517	3
20.517	4
20.517	3
20.517	3
20.517	3
20.517	3
20.517	3
20.517	3
20.517	3
20.517	3
20.517	2
20.517	3
20.517	2
20.517	3
20.517	3
20.517	3
20.517	3
20.517	3
20.517	3
20.517	2
20.517	3
20.517	3
20.517	3
20.517	3
20.517	3
20.517	3
20.517	2
20.517	3
20.517	3
20.517	3
20.517	3
20.517	3
20.517	3
20.517	4
20.517	3
20.517	3
20.517	3
20.517	3
20.517	3
20.517	3
20.517	3
20.517	3
20.517	3
20.517	3
20.517	3
20.517	3
20.517	3
20.517	3
20.517	3
20.517	3
20.517	3
20.517	3
20.517	3
20.517	4
20.517	3
20.517	3
20.517	3
20.517	3
20.517	3
20.517	3
20.517	3
20.517	3
20.517	3
20.517	3
20.517	3
20.517	3
20.517	3
20.517	2
20.517	3
20.517	3
20.517	3
20.517	3
20.517	3
20.517	3
20.517	3
20.517	3
20.517	3
20.517	3
20.517	2
20.517	3
20.517	3
20.517	3
20.517	3
20.517	3
20.517	3
20.517	3
20.517	3
20.517	4
20.517	3
20.517	3
20.517	3
20.517	3
20.517	3
20.517	3
20.517	3
20.517	3
20.517	4
20.517	3
20.517	3
20.517	3
20.517	3
20.517	3
20.517	3
20.517	3
20.517	3
20.517	4
20.517	3
20.517	3
20.517	3
20.517	3
20.517	3
20.517	3
20.517	3
20.517	2
20.517	3
20.517	3
20.517	3
20.517	3
20.517	3
20.517	2
20.517	3
20.517	3
20.54	4
20.54	2
20.54	4
20.54	3
20.54	3
20.54	4
20.54	3
20.54	4
20.54	3
20.54	3
20.54	3
20.54	3
20.54	3
20.54	3
20.54	3
20.54	3
20.54	2
20.54	3
20.54	2
20.54	3
20.54	3
20.54	3
20.54	3
20.54	3
20.54	3
20.54	2
20.54	3
20.54	3
20.54	3
20.54	3
20.54	3
20.54	3
20.54	2
20.54	3
20.54	3
20.54	3
20.54	3
20.54	3
20.54	3
20.54	4
20.54	3
20.54	3
20.54	3
20.54	3
20.54	3
20.54	3
20.54	3
20.54	3
20.54	3
20.54	3
20.54	3
20.54	3
20.54	3
20.54	3
20.54	3
20.54	3
20.54	3
20.54	3
20.54	3
20.54	4
20.54	3
20.54	3
20.54	3
20.54	3
20.54	3
20.54	3
20.54	3
20.54	3
20.54	3
20.54	3
20.54	3
20.54	3
20.54	3
20.54	2
20.54	3
20.54	3
20.54	3
20.54	3
20.54	3
20.54	3
20.54	3
20.54	3
20.54	3
20.54	3
20.54	2
20.54	3
20.54	3
20.54	3
20.54	3
20.54	3
20.54	3
20.54	3
20.54	3
20.54	4
20.54	3
20.54	3
20.54	3
20.54	3
20.54	3
20.54	3
20.54	3
20.54	3
20.54	4
20.54	3
20.54	3
20.54	3
20.54	3
20.54	3
20.54	3
20.54	3
20.54	3
20.54	5
20.54	3
20.54	3
20.54	3
20.54	3
20.54	3
20.54	3
20.54	3
20.54	2
20.54	3
20.54	3
20.54	3
20.54	3
20.54	3
20.54	2
20.54	3
20.54	3
20.547	4
20.547	2
20.547	4
20.547	3
20.547	3
20.547	4
20.547	3
20.547	4
20.547	3
20.547	3
20.547	3
20.547	3
20.547	3
20.547	3
20.547	3
20.547	3
20.547	2
20.547	3
20.547	2
20.547	3
20.547	3
20.547	3
20.547	3
20.547	3
20.547	3
20.547	2
20.547	3
20.547	3
20.547	3
20.547	3
20.547	3
20.547	3
20.547	3
20.547	3
20.547	3
20.547	3
20.547	3
20.547	3
20.547	3
20.547	4
20.547	3
20.547	3
20.547	3
20.547	3
20.547	3
20.547	3
20.547	3
20.547	3
20.547	3
20.547	3
20.547	3
20.547	3
20.547	3
20.547	3
20.547	3
20.547	3
20.547	3
20.547	3
20.547	3
20.547	4
20.547	3
20.547	3
20.547	3
20.547	3
20.547	3
20.547	3
20.547	3
20.547	3
20.547	3
20.547	3
20.547	3
20.547	3
20.547	3
20.547	2
20.547	3
20.547	3
20.547	3
20.547	3
20.547	3
20.547	3
20.547	3
20.547	3
20.547	3
20.547	3
20.547	2
20.547	3
20.547	3
20.547	3
20.547	3
20.547	3
20.547	3
20.547	3
20.547	3
20.547	4
20.547	3
20.547	3
20.547	3
20.547	3
20.547	3
20.547	3
20.547	3
20.547	3
20.547	4
20.547	3
20.547	3
20.547	3
20.547	3
20.547	3
20.547	3
20.547	3
20.547	3
20.547	5
20.547	3
20.547	3
20.547	3
20.547	3
20.547	3
20.547	3
20.547	3
20.547	2
20.547	3
20.547	3
20.547	3
20.547	3
20.547	3
20.547	2
20.547	3
20.547	3
20.555	4
20.555	2
20.555	4
20.555	3
20.555	3
20.555	4
20.555	3
20.555	4
20.555	3
20.555	3
20.555	3
20.555	3
20.555	3
20.555	3
20.555	3
20.555	3
20.555	2
20.555	3
20.555	2
20.555	3
20.555	3
20.555	3
20.555	3
20.555	3
20.555	3
20.555	2
20.555	3
20.555	3
20.555	3
20.555	3
20.555	3
20.555	3
20.555	3
20.555	3
20.555	3
20.555	3
20.555	3
20.555	3
20.555	3
20.555	4
20.555	3
20.555	3
20.555	3
20.555	3
20.555	3
20.555	3
20.555	3
20.555	3
20.555	3
20.555	3
20.555	3
20.555	3
20.555	3
20.555	3
20.555	3
20.555	3
20.555	3
20.555	3
20.555	3
20.555	5
20.555	3
20.555	3
20.555	3
20.555	3
20.555	3
20.555	3
20.555	3
20.555	3
20.555	3
20.555	3
20.555	3
20.555	3
20.555	3
20.555	2
20.555	3
20.555	3
20.555	3
20.555	3
20.555	3
20.555	3
20.555	3
20.555	3
20.555	3
20.555	3
20.555	2
20.555	3
20.555	3
20.555	3
20.555	3
20.555	3
20.555	3
20.555	3
20.555	3
20.555	4
20.555	3
20.555	3
20.555	3
20.555	3
20.555	3
20.555	3
20.555	3
20.555	3
20.555	4
20.555	3
20.555	3
20.555	3
20.555	3
20.555	3
20.555	3
20.555	3
20.555	3
20.555	5
20.555	3
20.555	3
20.555	3
20.555	3
20.555	3
20.555	3
20.555	3
20.555	2
20.555	3
20.555	3
20.555	3
20.555	3
20.555	3
20.555	2
20.555	3
20.555	3
20.579	4
20.579	2
20.579	4
20.579	3
20.579	3
20.579	4
20.579	3
20.579	4
20.579	3
20.579	3
20.579	3
20.579	3
20.579	3
20.579	3
20.579	3
20.579	3
20.579	2
20.579	3
20.579	2
20.579	3
20.579	3
20.579	3
20.579	3
20.579	3
20.579	3
20.579	2
20.579	3
20.579	3
20.579	3
20.579	3
20.579	3
20.579	3
20.579	3
20.579	3
20.579	3
20.579	3
20.579	3
20.579	3
20.579	3
20.579	4
20.579	3
20.579	3
20.579	3
20.579	3
20.579	3
20.579	3
20.579	3
20.579	3
20.579	3
20.579	3
20.579	3
20.579	3
20.579	3
20.579	3
20.579	3
20.579	3
20.579	3
20.579	3
20.579	3
20.579	5
20.579	3
20.579	3
20.579	3
20.579	3
20.579	3
20.579	3
20.579	3
20.579	3
20.579	3
20.579	3
20.579	3
20.579	3
20.579	3
20.579	2
20.579	3
20.579	3
20.579	3
20.579	3
20.579	3
20.579	3
20.579	3
20.579	3
20.579	3
20.579	3
20.579	2
20.579	3
20.579	3
20.579	3
20.579	3
20.579	3
20.579	3
20.579	3
20.579	3
20.579	4
20.579	3
20.579	3
20.579	3
20.579	3
20.579	3
20.579	3
20.579	3
20.579	3
20.579	4
20.579	3
20.579	3
20.579	3
20.579	3
20.579	3
20.579	3
20.579	3
20.579	3
20.579	5
20.579	3
20.579	3
20.579	3
20.579	3
20.579	3
20.579	3
20.579	3
20.579	2
20.579	3
20.579	3
20.579	3
20.579	3
20.579	3
20.579	3
20.579	3
20.579	3
20.585	4
20.585	2
20.585	4
20.585	3
20.585	3
20.585	4
20.585	3
20.585	4
20.585	3
20.585	3
20.585	3
20.585	3
20.585	3
20.585	3
20.585	3
20.585	3
20.585	2
20.585	3
20.585	2
20.585	3
20.585	3
20.585	3
20.585	3
20.585	3
20.585	3
20.585	3
20.585	3
20.585	3
20.585	3
20.585	3
20.585	3
20.585	3
20.585	3
20.585	3
20.585	3
20.585	3
20.585	3
20.585	3
20.585	3
20.585	4
20.585	3
20.585	3
20.585	3
20.585	3
20.585	3
20.585	3
20.585	3
20.585	3
20.585	3
20.585	3
20.585	3
20.585	3
20.585	3
20.585	3
20.585	3
20.585	3
20.585	3
20.585	3
20.585	3
20.585	5
20.585	3
20.585	3
20.585	3
20.585	3
20.585	3
20.585	3
20.585	3
20.585	3
20.585	3
20.585	3
20.585	3
20.585	3
20.585	3
20.585	2
20.585	3
20.585	3
20.585	3
20.585	3
20.585	3
20.585	3
20.585	3
20.585	3
20.585	3
20.585	3
20.585	2
20.585	3
20.585	3
20.585	3
20.585	3
20.585	3
20.585	3
20.585	3
20.585	3
20.585	4
20.585	3
20.585	3
20.585	3
20.585	3
20.585	3
20.585	3
20.585	3
20.585	3
20.585	4
20.585	3
20.585	3
20.585	3
20.585	3
20.585	3
20.585	3
20.585	3
20.585	3
20.585	5
20.585	3
20.585	3
20.585	3
20.585	3
20.585	3
20.585	3
20.585	3
20.585	2
20.585	3
20.585	3
20.585	3
20.585	3
20.585	3
20.585	3
20.585	3
20.585	3
20.609	4
20.609	2
20.609	4
20.609	3
20.609	3
20.609	4
20.609	3
20.609	4
20.609	3
20.609	3
20.609	3
20.609	3
20.609	3
20.609	3
20.609	3
20.609	3
20.609	2
20.609	3
20.609	2
20.609	3
20.609	3
20.609	3
20.609	3
20.609	3
20.609	3
20.609	3
20.609	3
20.609	3
20.609	3
20.609	3
20.609	3
20.609	3
20.609	3
20.609	3
20.609	3
20.609	3
20.609	3
20.609	3
20.609	3
20.609	4
20.609	3
20.609	3
20.609	3
20.609	3
20.609	3
20.609	3
20.609	3
20.609	3
20.609	3
20.609	3
20.609	3
20.609	3
20.609	3
20.609	3
20.609	3
20.609	3
20.609	3
20.609	3
20.609	3
20.609	5
20.609	3
20.609	3
20.609	3
20.609	3
20.609	3
20.609	3
20.609	3
20.609	3
20.609	3
20.609	3
20.609	3
20.609	3
20.609	3
20.609	2
20.609	3
20.609	3
20.609	3
20.609	3
20.609	3
20.609	3
20.609	3
20.609	3
20.609	3
20.609	3
20.609	2
20.609	3
20.609	3
20.609	3
20.609	3
20.609	3
20.609	3
20.609	3
20.609	3
20.609	4
20.609	3
20.609	3
20.609	3
20.609	3
20.609	3
20.609	3
20.609	3
20.609	3
20.609	4
20.609	3
20.609	3
20.609	3
20.609	3
20.609	3
20.609	3
20.609	3
20.609	3
20.609	5
20.609	3
20.609	3
20.609	3
20.609	3
20.609	3
20.609	3
20.609	3
20.609	2
20.609	3
20.609	3
20.609	4
20.609	3
20.609	3
20.609	3
20.609	3
20.609	3
20.619	4
20.619	2
20.619	4
20.619	3
20.619	3
20.619	4
20.619	3
20.619	4
20.619	3
20.619	3
20.619	3
20.619	3
20.619	3
20.619	3
20.619	3
20.619	3
20.619	2
20.619	3
20.619	2
20.619	3
20.619	3
20.619	3
20.619	3
20.619	3
20.619	3
20.619	3
20.619	3
20.619	3
20.619	3
20.619	3
20.619	3
20.619	3
20.619	3
20.619	3
20.619	3
20.619	3
20.619	3
20.619	3
20.619	3
20.619	4
20.619	3
20.619	3
20.619	3
20.619	3
20.619	3
20.619	3
20.619	3
20.619	3
20.619	3
20.619	3
20.619	3
20.619	3
20.619	3
20.619	3
20.619	3
20.619	3
20.619	3
20.619	3
20.619	3
20.619	5
20.619	3
20.619	3
20.619	3
20.619	3
20.619	3
20.619	3
20.619	3
20.619	3
20.619	3
20.619	3
20.619	3
20.619	3
20.619	3
20.619	2
20.619	3
20.619	3
20.619	3
20.619	3
20.619	3
20.619	3
20.619	3
20.619	3
20.619	3
20.619	3
20.619	2
20.619	3
20.619	3
20.619	3
20.619	3
20.619	3
20.619	3
20.619	3
20.619	3
20.619	5
20.619	3
20.619	3
20.619	3
20.619	3
20.619	3
20.619	3
20.619	3
20.619	3
20.619	4
20.619	3
20.619	3
20.619	3
20.619	3
20.619	3
20.619	3
20.619	3
20.619	3
20.619	5
20.619	3
20.619	3
20.619	3
20.619	3
20.619	3
20.619	3
20.619	3
20.619	2
20.619	3
20.619	3
20.619	4
20.619	3
20.619	3
20.619	3
20.619	3
20.619	3
20.737	4
20.737	2
20.737	4
20.737	3
20.737	3
20.737	4
20.737	3
20.737	4
20.737	3
20.737	3
20.737	3
20.737	3
20.737	3
20.737	3
20.737	3
20.737	3
20.737	2
20.737	3
20.737	2
20.737	3
20.737	3
20.737	3
20.737	3
20.737	3
20.737	3
20.737	3
20.737	3
20.737	3
20.737	3
20.737	3
20.737	3
20.737	3
20.737	3
20.737	3
20.737	3
20.737	3
20.737	3
20.737	3
20.737	3
20.737	4
20.737	3
20.737	3
20.737	3
20.737	3
20.737	3
20.737	3
20.737	3
20.737	3
20.737	3
20.737	3
20.737	3
20.737	3
20.737	3
20.737	3
20.737	3
20.737	3
20.737	3
20.737	3
20.737	3
20.737	5
20.737	3
20.737	3
20.737	3
20.737	3
20.737	3
20.737	3
20.737	3
20.737	3
20.737	3
20.737	3
20.737	3
20.737	3
20.737	3
20.737	2
20.737	3
20.737	3
20.737	3
20.737	3
20.737	3
20.737	3
20.737	3
20.737	3
20.737	3
20.737	3
20.737	2
20.737	3
20.737	3
20.737	3
20.737	3
20.737	3
20.737	3
20.737	3
20.737	3
20.737	5
20.737	3
20.737	3
20.737	3
20.737	3
20.737	3
20.737	3
20.737	3
20.737	3
20.737	4
20.737	3
20.737	3
20.737	3
20.737	3
20.737	3
20.737	3
20.737	3
20.737	3
20.737	5
20.737	3
20.737	3
20.737	3
20.737	3
20.737	3
20.737	3
20.737	3
20.737	3
20.737	3
20.737	3
20.737	4
20.737	3
20.737	3
20.737	3
20.737	3
20.737	3
20.82	4
20.82	3
20.82	4
20.82	3
20.82	3
20.82	4
20.82	3
20.82	4
20.82	3
20.82	3
20.82	3
20.82	3
20.82	3
20.82	3
20.82	3
20.82	3
20.82	2
20.82	3
20.82	2
20.82	3
20.82	3
20.82	3
20.82	3
20.82	3
20.82	3
20.82	3
20.82	3
20.82	3
20.82	3
20.82	3
20.82	3
20.82	3
20.82	3
20.82	3
20.82	3
20.82	3
20.82	3
20.82	3
20.82	3
20.82	4
20.82	3
20.82	3
20.82	3
20.82	3
20.82	3
20.82	3
20.82	3
20.82	3
20.82	3
20.82	3
20.82	3
20.82	3
20.82	3
20.82	3
20.82	3
20.82	3
20.82	3
20.82	3
20.82	3
20.82	5
20.82	3
20.82	3
20.82	3
20.82	3
20.82	3
20.82	3
20.82	3
20.82	3
20.82	3
20.82	3
20.82	3
20.82	3
20.82	3
20.82	2
20.82	3
20.82	3
20.82	3
20.82	3
20.82	3
20.82	3
20.82	3
20.82	3
20.82	3
20.82	3
20.82	2
20.82	3
20.82	3
20.82	3
20.82	3
20.82	3
20.82	3
20.82	3
20.82	3
20.82	5
20.82	3
20.82	3
20.82	3
20.82	3
20.82	3
20.82	3
20.82	3
20.82	3
20.82	4
20.82	3
20.82	3
20.82	3
20.82	3
20.82	3
20.82	3
20.82	3
20.82	3
20.82	5
20.82	3
20.82	3
20.82	3
20.82	3
20.82	3
20.82	3
20.82	3
20.82	3
20.82	3
20.82	3
20.82	4
20.82	3
20.82	3
20.82	3
20.82	3
20.82	3
20.915	4
20.915	3
20.915	4
20.915	3
20.915	3
20.915	4
20.915	3
20.915	4
20.915	3
20.915	3
20.915	3
20.915	3
20.915	3
20.915	3
20.915	3
20.915	3
20.915	2
20.915	3
20.915	2
20.915	3
20.915	3
20.915	3
20.915	3
20.915	3
20.915	3
20.915	3
20.915	3
20.915	3
20.915	3
20.915	3
20.915	3
20.915	3
20.915	4
20.915	3
20.915	3
20.915	3
20.915	3
20.915	3
20.915	3
20.915	4
20.915	3
20.915	3
20.915	3
20.915	3
20.915	3
20.915	3
20.915	3
20.915	3
20.915	3
20.915	3
20.915	3
20.915	3
20.915	3
20.915	3
20.915	3
20.915	3
20.915	3
20.915	3
20.915	3
20.915	5
20.915	3
20.915	3
20.915	3
20.915	3
20.915	3
20.915	3
20.915	3
20.915	3
20.915	3
20.915	3
20.915	3
20.915	3
20.915	3
20.915	2
20.915	3
20.915	3
20.915	3
20.915	3
20.915	3
20.915	3
20.915	3
20.915	3
20.915	3
20.915	3
20.915	2
20.915	3
20.915	3
20.915	3
20.915	3
20.915	3
20.915	3
20.915	3
20.915	3
20.915	5
20.915	3
20.915	3
20.915	3
20.915	3
20.915	3
20.915	3
20.915	3
20.915	3
20.915	4
20.915	3
20.915	3
20.915	3
20.915	3
20.915	3
20.915	3
20.915	3
20.915	3
20.915	5
20.915	3
20.915	3
20.915	3
20.915	3
20.915	3
20.915	3
20.915	3
20.915	3
20.915	3
20.915	3
20.915	4
20.915	3
20.915	3
20.915	3
20.915	3
20.915	3
21.171	4
21.171	3
21.171	4
21.171	3
21.171	3
21.171	4
21.171	3
21.171	4
21.171	3
21.171	3
21.171	3
21.171	3
21.171	3
21.171	3
21.171	3
21.171	3
21.171	2
21.171	3
21.171	2
21.171	3
21.171	3
21.171	3
21.171	3
21.171	3
21.171	3
21.171	3
21.171	3
21.171	3
21.171	3
21.171	3
21.171	3
21.171	3
21.171	4
21.171	3
21.171	3
21.171	3
21.171	3
21.171	3
21.171	3
21.171	4
21.171	3
21.171	3
21.171	3
21.171	3
21.171	3
21.171	3
21.171	3
21.171	3
21.171	3
21.171	3
21.171	3
21.171	3
21.171	3
21.171	3
21.171	3
21.171	3
21.171	3
21.171	3
21.171	3
21.171	5
21.171	3
21.171	3
21.171	3
21.171	3
21.171	3
21.171	3
21.171	3
21.171	3
21.171	3
21.171	3
21.171	3
21.171	3
21.171	3
21.171	2
21.171	3
21.171	3
21.171	3
21.171	3
21.171	3
21.171	3
21.171	3
21.171	3
21.171	3
21.171	3
21.171	3
21.171	3
21.171	3
21.171	3
21.171	3
21.171	3
21.171	3
21.171	3
21.171	3
21.171	5
21.171	3
21.171	3
21.171	3
21.171	3
21.171	3
21.171	3
21.171	3
21.171	3
21.171	4
21.171	3
21.171	3
21.171	3
21.171	3
21.171	3
21.171	3
21.171	3
21.171	3
21.171	5
21.171	3
21.171	3
21.171	3
21.171	3
21.171	3
21.171	3
21.171	3
21.171	3
21.171	3
21.171	3
21.171	4
21.171	3
21.171	3
21.171	3
21.171	3
21.171	3
21.559	4
21.559	3
21.559	4
21.559	3
21.559	3
21.559	4
21.559	3
21.559	4
21.559	3
21.559	3
21.559	3
21.559	3
21.559	3
21.559	3
21.559	3
21.559	3
21.559	2
21.559	3
21.559	2
21.559	3
21.559	3
21.559	3
21.559	3
21.559	3
21.559	3
21.559	3
21.559	3
21.559	3
21.559	3
21.559	3
21.559	3
21.559	3
21.559	4
21.559	3
21.559	3
21.559	3
21.559	3
21.559	3
21.559	3
21.559	4
21.559	3
21.559	3
21.559	3
21.559	3
21.559	3
21.559	3
21.559	3
21.559	3
21.559	3
21.559	3
21.559	3
21.559	3
21.559	3
21.559	3
21.559	3
21.559	3
21.559	3
21.559	3
21.559	3
21.559	5
21.559	3
21.559	3
21.559	3
21.559	3
21.559	3
21.559	3
21.559	3
21.559	3
21.559	3
21.559	3
21.559	3
21.559	3
21.559	3
21.559	3
21.559	3
21.559	3
21.559	3
21.559	3
21.559	3
21.559	3
21.559	3
21.559	3
21.559	3
21.559	3
21.559	3
21.559	3
21.559	3
21.559	3
21.559	3
21.559	3
21.559	3
21.559	3
21.559	3
21.559	5
21.559	3
21.559	3
21.559	3
21.559	3
21.559	3
21.559	3
21.559	3
21.559	3
21.559	4
21.559	3
21.559	3
21.559	3
21.559	3
21.559	3
21.559	3
21.559	3
21.559	3
21.559	5
21.559	3
21.559	3
21.559	3
21.559	3
21.559	3
21.559	3
21.559	3
21.559	3
21.559	3
21.559	3
21.559	4
21.559	3
21.559	3
21.559	3
21.559	3
21.559	3
21.664	4
21.664	3
21.664	4
21.664	3
21.664	3
21.664	4
21.664	3
21.664	4
21.664	3
21.664	3
21.664	3
21.664	3
21.664	3
21.664	3
21.664	3
21.664	3
21.664	2
21.664	3
21.664	2
21.664	3
21.664	3
21.664	3
21.664	3
21.664	3
21.664	3
21.664	3
21.664	3
21.664	3
21.664	3
21.664	3
21.664	3
21.664	3
21.664	4
21.664	3
21.664	3
21.664	3
21.664	3
21.664	3
21.664	3
21.664	4
21.664	3
21.664	3
21.664	3
21.664	3
21.664	3
21.664	3
21.664	3
21.664	3
21.664	3
21.664	3
21.664	3
21.664	3
21.664	3
21.664	3
21.664	3
21.664	3
21.664	3
21.664	3
21.664	3
21.664	5
21.664	3
21.664	3
21.664	3
21.664	3
21.664	3
21.664	3
21.664	3
21.664	3
21.664	3
21.664	3
21.664	3
21.664	3
21.664	3
21.664	3
21.664	3
21.664	3
21.664	3
21.664	3
21.664	3
21.664	3
21.664	3
21.664	3
21.664	3
21.664	3
21.664	3
21.664	3
21.664	3
21.664	3
21.664	3
21.664	3
21.664	3
21.664	3
21.664	3
21.664	4
21.664	3
21.664	3
21.664	3
21.664	3
21.664	3
21.664	3
21.664	3
21.664	3
21.664	4
21.664	3
21.664	3
21.664	3
21.664	3
21.664	3
21.664	3
21.664	3
21.664	3
21.664	5
21.664	3
21.664	3
21.664	3
21.664	3
21.664	3
21.664	3
21.664	3
21.664	3
21.664	3
21.664	3
21.664	4
21.664	3
21.664	3
21.664	3
21.664	3
21.664	3
21.687	4
21.687	3
21.687	4
21.687	3
21.687	3
21.687	4
21.687	3
21.687	4
21.687	3
21.687	3
21.687	3
21.687	3
21.687	3
21.687	3
21.687	3
21.687	3
21.687	2
21.687	3
21.687	2
21.687	3
21.687	3
21.687	3
21.687	3
21.687	3
21.687	3
21.687	3
21.687	3
21.687	3
21.687	3
21.687	3
21.687	3
21.687	3
21.687	4
21.687	3
21.687	3
21.687	3
21.687	3
21.687	3
21.687	3
21.687	4
21.687	3
21.687	3
21.687	3
21.687	3
21.687	3
21.687	3
21.687	3
21.687	3
21.687	3
21.687	3
21.687	3
21.687	3
21.687	3
21.687	3
21.687	3
21.687	3
21.687	3
21.687	3
21.687	3
21.687	5
21.687	3
21.687	3
21.687	3
21.687	3
21.687	3
21.687	3
21.687	3
21.687	3
21.687	3
21.687	3
21.687	3
21.687	3
21.687	3
21.687	3
21.687	3
21.687	3
21.687	3
21.687	3
21.687	3
21.687	3
21.687	3
21.687	3
21.687	3
21.687	3
21.687	3
21.687	3
21.687	3
21.687	3
21.687	3
21.687	3
21.687	3
21.687	3
21.687	3
21.687	4
21.687	3
21.687	3
21.687	3
21.687	3
21.687	3
21.687	3
21.687	3
21.687	3
21.687	4
21.687	3
21.687	3
21.687	3
21.687	3
21.687	3
21.687	3
21.687	3
21.687	3
21.687	4
21.687	3
21.687	3
21.687	3
21.687	3
21.687	3
21.687	3
21.687	3
21.687	3
21.687	3
21.687	3
21.687	4
21.687	3
21.687	3
21.687	3
21.687	3
21.687	3
21.79	4
21.79	3
21.79	4
21.79	3
21.79	3
21.79	4
21.79	3
21.79	4
21.79	3
21.79	3
21.79	3
21.79	3
21.79	3
21.79	3
21.79	3
21.79	3
21.79	2
21.79	3
21.79	2
21.79	3
21.79	3
21.79	3
21.79	3
21.79	3
21.79	3
21.79	3
21.79	3
21.79	3
21.79	3
21.79	3
21.79	3
21.79	3
21.79	4
21.79	3
21.79	3
21.79	3
21.79	3
21.79	3
21.79	3
21.79	4
21.79	3
21.79	3
21.79	3
21.79	3
21.79	3
21.79	3
21.79	3
21.79	3
21.79	3
21.79	3
21.79	3
21.79	3
21.79	3
21.79	3
21.79	3
21.79	3
21.79	3
21.79	3
21.79	3
21.79	5
21.79	3
21.79	3
21.79	3
21.79	3
21.79	3
21.79	3
21.79	3
21.79	3
21.79	3
21.79	3
21.79	3
21.79	3
21.79	3
21.79	3
21.79	3
21.79	3
21.79	3
21.79	3
21.79	3
21.79	3
21.79	3
21.79	3
21.79	3
21.79	3
21.79	3
21.79	3
21.79	3
21.79	3
21.79	3
21.79	3
21.79	3
21.79	3
21.79	3
21.79	3
21.79	3
21.79	3
21.79	3
21.79	3
21.79	3
21.79	3
21.79	3
21.79	3
21.79	4
21.79	3
21.79	3
21.79	3
21.79	3
21.79	3
21.79	3
21.79	3
21.79	3
21.79	4
21.79	3
21.79	3
21.79	3
21.79	3
21.79	3
21.79	3
21.79	3
21.79	3
21.79	3
21.79	3
21.79	4
21.79	3
21.79	3
21.79	3
21.79	3
21.79	3
22.334	4
22.334	3
22.334	4
22.334	3
22.334	3
22.334	4
22.334	3
22.334	4
22.334	3
22.334	3
22.334	3
22.334	3
22.334	3
22.334	3
22.334	3
22.334	3
22.334	2
22.334	3
22.334	3
22.334	3
22.334	3
22.334	3
22.334	3
22.334	3
22.334	3
22.334	3
22.334	3
22.334	3
22.334	3
22.334	3
22.334	3
22.334	3
22.334	4
22.334	3
22.334	3
22.334	3
22.334	3
22.334	3
22.334	3
22.334	4
22.334	3
22.334	3
22.334	3
22.334	3
22.334	3
22.334	3
22.334	3
22.334	3
22.334	3
22.334	3
22.334	3
22.334	3
22.334	3
22.334	3
22.334	3
22.334	3
22.334	3
22.334	3
22.334	3
22.334	5
22.334	3
22.334	3
22.334	3
22.334	3
22.334	3
22.334	3
22.334	3
22.334	3
22.334	3
22.334	3
22.334	3
22.334	3
22.334	3
22.334	3
22.334	3
22.334	3
22.334	3
22.334	3
22.334	3
22.334	3
22.334	3
22.334	3
22.334	3
22.334	3
22.334	3
22.334	3
22.334	3
22.334	3
22.334	3
22.334	3
22.334	3
22.334	3
22.334	3
22.334	3
22.334	3
22.334	3
22.334	3
22.334	3
22.334	3
22.334	3
22.334	3
22.334	3
22.334	4
22.334	3
22.334	3
22.334	3
22.334	3
22.334	3
22.334	3
22.334	3
22.334	3
22.334	4
22.334	3
22.334	3
22.334	3
22.334	3
22.334	3
22.334	3
22.334	3
22.334	3
22.334	3
22.334	3
22.334	4
22.334	3
22.334	3
22.334	3
22.334	3
22.334	3
22.391	4
22.391	3
22.391	4
22.391	3
22.391	3
22.391	4
22.391	3
22.391	4
22.391	3
22.391	3
22.391	3
22.391	3
22.391	3
22.391	3
22.391	3
22.391	3
22.391	3
22.391	3
22.391	3
22.391	3
22.391	3
22.391	3
22.391	3
22.391	3
22.391	3
22.391	3
22.391	3
22.391	3
22.391	3
22.391	3
22.391	3
22.391	3
22.391	4
22.391	3
22.391	3
22.391	3
22.391	3
22.391	3
22.391	3
22.391	4
22.391	3
22.391	3
22.391	3
22.391	3
22.391	3
22.391	3
22.391	3
22.391	3
22.391	3
22.391	3
22.391	3
22.391	3
22.391	3
22.391	3
22.391	3
22.391	3
22.391	3
22.391	3
22.391	3
22.391	5
22.391	3
22.391	3
22.391	3
22.391	3
22.391	3
22.391	3
22.391	3
22.391	3
22.391	3
22.391	3
22.391	3
22.391	3
22.391	3
22.391	3
22.391	3
22.391	3
22.391	3
22.391	3
22.391	3
22.391	3
22.391	3
22.391	3
22.391	3
22.391	3
22.391	3
22.391	3
22.391	3
22.391	3
22.391	3
22.391	3
22.391	3
22.391	3
22.391	3
22.391	3
22.391	3
22.391	3
22.391	3
22.391	3
22.391	3
22.391	3
22.391	3
22.391	3
22.391	4
22.391	3
22.391	3
22.391	3
22.391	3
22.391	3
22.391	3
22.391	3
22.391	3
22.391	4
22.391	3
22.391	3
22.391	3
22.391	3
22.391	3
22.391	3
22.391	3
22.391	3
22.391	3
22.391	3
22.391	4
22.391	3
22.391	3
22.391	3
22.391	3
22.391	3
22.502	4
22.502	3
22.502	4
22.502	3
22.502	3
22.502	4
22.502	3
22.502	4
22.502	3
22.502	3
22.502	3
22.502	3
22.502	3
22.502	3
22.502	3
22.502	3
22.502	4
22.502	3
22.502	3
22.502	3
22.502	3
22.502	3
22.502	3
22.502	3
22.502	3
22.502	3
22.502	3
22.502	3
22.502	3
22.502	3
22.502	3
22.502	3
22.502	4
22.502	3
22.502	3
22.502	3
22.502	3
22.502	3
22.502	3
22.502	4
22.502	3
22.502	3
22.502	3
22.502	3
22.502	3
22.502	3
22.502	3
22.502	3
22.502	3
22.502	3
22.502	3
22.502	3
22.502	3
22.502	3
22.502	3
22.502	3
22.502	3
22.502	3
22.502	3
22.502	5
22.502	3
22.502	3
22.502	3
22.502	3
22.502	3
22.502	3
22.502	3
22.502	3
22.502	3
22.502	3
22.502	3
22.502	3
22.502	3
22.502	3
22.502	3
22.502	3
22.502	3
22.502	3
22.502	3
22.502	3
22.502	3
22.502	3
22.502	3
22.502	3
22.502	3
22.502	3
22.502	3
22.502	3
22.502	3
22.502	3
22.502	3
22.502	3
22.502	3
22.502	3
22.502	3
22.502	3
22.502	3
22.502	3
22.502	3
22.502	3
22.502	3
22.502	3
22.502	4
22.502	3
22.502	3
22.502	3
22.502	3
22.502	3
22.502	3
22.502	3
22.502	3
22.502	4
22.502	3
22.502	3
22.502	3
22.502	3
22.502	3
22.502	3
22.502	3
22.502	3
22.502	3
22.502	3
22.502	4
22.502	3
22.502	3
22.502	3
22.502	3
22.502	3
22.571	4
22.571	3
22.571	4
22.571	3
22.571	3
22.571	4
22.571	3
22.571	4
22.571	3
22.571	3
22.571	3
22.571	3
22.571	3
22.571	3
22.571	3
22.571	3
22.571	4
22.571	3
22.571	3
22.571	3
22.571	3
22.571	3
22.571	3
22.571	3
22.571	3
22.571	3
22.571	3
22.571	3
22.571	3
22.571	3
22.571	3
22.571	3
22.571	4
22.571	3
22.571	3
22.571	3
22.571	3
22.571	3
22.571	3
22.571	3
22.571	3
22.571	3
22.571	3
22.571	3
22.571	3
22.571	3
22.571	3
22.571	3
22.571	3
22.571	3
22.571	3
22.571	3
22.571	3
22.571	3
22.571	3
22.571	3
22.571	3
22.571	3
22.571	3
22.571	5
22.571	3
22.571	3
22.571	3
22.571	3
22.571	3
22.571	3
22.571	3
22.571	3
22.571	3
22.571	3
22.571	3
22.571	3
22.571	3
22.571	3
22.571	3
22.571	3
22.571	3
22.571	3
22.571	3
22.571	3
22.571	3
22.571	3
22.571	3
22.571	3
22.571	3
22.571	3
22.571	3
22.571	3
22.571	3
22.571	3
22.571	3
22.571	3
22.571	3
22.571	3
22.571	3
22.571	3
22.571	3
22.571	3
22.571	3
22.571	3
22.571	3
22.571	3
22.571	4
22.571	3
22.571	3
22.571	3
22.571	3
22.571	3
22.571	3
22.571	3
22.571	3
22.571	4
22.571	3
22.571	3
22.571	3
22.571	3
22.571	3
22.571	3
22.571	3
22.571	3
22.571	3
22.571	3
22.571	4
22.571	3
22.571	3
22.571	3
22.571	3
22.571	3
22.633	4
22.633	3
22.633	4
22.633	3
22.633	3
22.633	4
22.633	3
22.633	4
22.633	3
22.633	3
22.633	3
22.633	3
22.633	3
22.633	3
22.633	3
22.633	3
22.633	4
22.633	3
22.633	4
22.633	3
22.633	3
22.633	3
22.633	3
22.633	3
22.633	3
22.633	3
22.633	3
22.633	3
22.633	3
22.633	3
22.633	3
22.633	3
22.633	4
22.633	3
22.633	3
22.633	3
22.633	3
22.633	3
22.633	3
22.633	3
22.633	3
22.633	3
22.633	3
22.633	3
22.633	3
22.633	3
22.633	3
22.633	3
22.633	3
22.633	3
22.633	3
22.633	3
22.633	3
22.633	3
22.633	3
22.633	3
22.633	3
22.633	3
22.633	3
22.633	5
22.633	3
22.633	3
22.633	3
22.633	3
22.633	3
22.633	3
22.633	3
22.633	3
22.633	3
22.633	3
22.633	3
22.633	3
22.633	3
22.633	3
22.633	3
22.633	3
22.633	3
22.633	3
22.633	3
22.633	3
22.633	3
22.633	3
22.633	3
22.633	3
22.633	3
22.633	3
22.633	3
22.633	3
22.633	3
22.633	3
22.633	3
22.633	3
22.633	3
22.633	3
22.633	3
22.633	3
22.633	3
22.633	3
22.633	3
22.633	3
22.633	3
22.633	3
22.633	4
22.633	3
22.633	3
22.633	3
22.633	3
22.633	3
22.633	3
22.633	3
22.633	3
22.633	4
22.633	3
22.633	3
22.633	3
22.633	3
22.633	3
22.633	3
22.633	3
22.633	3
22.633	3
22.633	3
22.633	4
22.633	3
22.633	3
22.633	3
22.633	3
22.633	3
22.86	4
22.86	3
22.86	4
22.86	3
22.86	3
22.86	4
22.86	3
22.86	4
22.86	3
22.86	3
22.86	3
22.86	3
22.86	3
22.86	3
22.86	3
22.86	3
22.86	4
22.86	3
22.86	4
22.86	3
22.86	3
22.86	3
22.86	3
22.86	3
22.86	3
22.86	3
22.86	3
22.86	3
22.86	3
22.86	3
22.86	3
22.86	3
22.86	3
22.86	3
22.86	3
22.86	3
22.86	3
22.86	3
22.86	3
22.86	3
22.86	3
22.86	3
22.86	3
22.86	3
22.86	3
22.86	3
22.86	3
22.86	3
22.86	3
22.86	3
22.86	3
22.86	3
22.86	3
22.86	3
22.86	3
22.86	3
22.86	3
22.86	3
22.86	3
22.86	5
22.86	3
22.86	3
22.86	3
22.86	3
22.86	3
22.86	3
22.86	3
22.86	3
22.86	3
22.86	3
22.86	3
22.86	3
22.86	3
22.86	3
22.86	3
22.86	3
22.86	3
22.86	3
22.86	3
22.86	3
22.86	3
22.86	3
22.86	3
22.86	3
22.86	3
22.86	3
22.86	3
22.86	3
22.86	3
22.86	3
22.86	3
22.86	3
22.86	3
22.86	3
22.86	3
22.86	3
22.86	3
22.86	3
22.86	3
22.86	3
22.86	3
22.86	3
22.86	4
22.86	3
22.86	3
22.86	3
22.86	3
22.86	3
22.86	3
22.86	3
22.86	3
22.86	4
22.86	3
22.86	3
22.86	3
22.86	3
22.86	3
22.86	3
22.86	3
22.86	3
22.86	3
22.86	3
22.86	4
22.86	3
22.86	3
22.86	3
22.86	3
22.86	3
22.862	4
22.862	3
22.862	4
22.862	3
22.862	3
22.862	4
22.862	3
22.862	4
22.862	3
22.862	3
22.862	3
22.862	3
22.862	3
22.862	3
22.862	3
22.862	3
22.862	5
22.862	3
22.862	4
22.862	3
22.862	3
22.862	3
22.862	3
22.862	3
22.862	3
22.862	3
22.862	3
22.862	3
22.862	3
22.862	3
22.862	3
22.862	3
22.862	3
22.862	3
22.862	3
22.862	3
22.862	3
22.862	3
22.862	3
22.862	3
22.862	3
22.862	3
22.862	3
22.862	3
22.862	3
22.862	3
22.862	3
22.862	3
22.862	3
22.862	3
22.862	3
22.862	3
22.862	3
22.862	3
22.862	3
22.862	3
22.862	3
22.862	3
22.862	3
22.862	5
22.862	3
22.862	3
22.862	3
22.862	3
22.862	3
22.862	3
22.862	3
22.862	3
22.862	3
22.862	3
22.862	3
22.862	3
22.862	3
22.862	3
22.862	3
22.862	3
22.862	3
22.862	3
22.862	3
22.862	3
22.862	3
22.862	3
22.862	3
22.862	3
22.862	3
22.862	3
22.862	3
22.862	3
22.862	3
22.862	3
22.862	3
22.862	3
22.862	3
22.862	3
22.862	3
22.862	3
22.862	3
22.862	3
22.862	3
22.862	3
22.862	3
22.862	3
22.862	4
22.862	3
22.862	3
22.862	3
22.862	3
22.862	3
22.862	3
22.862	3
22.862	3
22.862	4
22.862	3
22.862	3
22.862	3
22.862	3
22.862	3
22.862	3
22.862	3
22.862	3
22.862	3
22.862	3
22.862	4
22.862	3
22.862	3
22.862	3
22.862	3
22.862	3
22.943	4
22.943	3
22.943	3
22.943	3
22.943	3
22.943	4
22.943	3
22.943	4
22.943	3
22.943	3
22.943	3
22.943	3
22.943	3
22.943	3
22.943	3
22.943	3
22.943	5
22.943	3
22.943	4
22.943	3
22.943	3
22.943	3
22.943	3
22.943	3
22.943	3
22.943	3
22.943	3
22.943	3
22.943	3
22.943	3
22.943	3
22.943	3
22.943	3
22.943	3
22.943	3
22.943	3
22.943	3
22.943	3
22.943	3
22.943	3
22.943	3
22.943	3
22.943	3
22.943	3
22.943	3
22.943	3
22.943	3
22.943	3
22.943	3
22.943	3
22.943	3
22.943	3
22.943	3
22.943	3
22.943	3
22.943	3
22.943	3
22.943	3
22.943	3
22.943	5
22.943	3
22.943	3
22.943	3
22.943	3
22.943	3
22.943	3
22.943	3
22.943	3
22.943	3
22.943	3
22.943	3
22.943	3
22.943	3
22.943	3
22.943	3
22.943	3
22.943	3
22.943	3
22.943	3
22.943	3
22.943	3
22.943	3
22.943	3
22.943	3
22.943	3
22.943	3
22.943	3
22.943	3
22.943	3
22.943	3
22.943	3
22.943	3
22.943	3
22.943	3
22.943	3
22.943	3
22.943	3
22.943	3
22.943	3
22.943	3
22.943	3
22.943	3
22.943	4
22.943	3
22.943	3
22.943	3
22.943	3
22.943	3
22.943	3
22.943	3
22.943	3
22.943	4
22.943	3
22.943	3
22.943	3
22.943	3
22.943	3
22.943	3
22.943	3
22.943	3
22.943	3
22.943	3
22.943	4
22.943	3
22.943	3
22.943	3
22.943	3
22.943	3
23.131	4
23.131	3
23.131	3
23.131	3
23.131	3
23.131	3
23.131	3
23.131	4
23.131	3
23.131	3
23.131	3
23.131	3
23.131	3
23.131	3
23.131	3
23.131	3
23.131	5
23.131	3
23.131	4
23.131	3
23.131	3
23.131	3
23.131	3
23.131	3
23.131	3
23.131	3
23.131	3
23.131	3
23.131	3
23.131	3
23.131	3
23.131	3
23.131	3
23.131	3
23.131	3
23.131	3
23.131	3
23.131	3
23.131	3
23.131	3
23.131	3
23.131	3
23.131	3
23.131	3
23.131	3
23.131	3
23.131	3
23.131	3
23.131	3
23.131	3
23.131	3
23.131	3
23.131	3
23.131	3
23.131	3
23.131	3
23.131	3
23.131	3
23.131	3
23.131	5
23.131	3
23.131	3
23.131	3
23.131	3
23.131	3
23.131	3
23.131	3
23.131	3
23.131	3
23.131	3
23.131	3
23.131	3
23.131	3
23.131	3
23.131	3
23.131	3
23.131	3
23.131	3
23.131	3
23.131	3
23.131	3
23.131	3
23.131	3
23.131	3
23.131	3
23.131	3
23.131	3
23.131	3
23.131	3
23.131	3
23.131	3
23.131	3
23.131	3
23.131	3
23.131	3
23.131	3
23.131	3
23.131	3
23.131	3
23.131	3
23.131	3
23.131	3
23.131	4
23.131	3
23.131	3
23.131	3
23.131	3
23.131	3
23.131	3
23.131	3
23.131	3
23.131	4
23.131	3
23.131	3
23.131	3
23.131	3
23.131	3
23.131	3
23.131	3
23.131	3
23.131	3
23.131	3
23.131	4
23.131	3
23.131	3
23.131	3
23.131	3
23.131	3
23.264	4
23.264	3
23.264	3
23.264	3
23.264	3
23.264	3
23.264	3
23.264	4
23.264	3
23.264	3
23.264	3
23.264	3
23.264	3
23.264	3
23.264	3
23.264	3
23.264	5
23.264	3
23.264	4
23.264	3
23.264	3
23.264	3
23.264	3
23.264	3
23.264	3
23.264	3
23.264	3
23.264	3
23.264	3
23.264	3
23.264	3
23.264	3
23.264	3
23.264	3
23.264	3
23.264	3
23.264	3
23.264	3
23.264	3
23.264	3
23.264	3
23.264	3
23.264	3
23.264	3
23.264	3
23.264	3
23.264	3
23.264	3
23.264	3
23.264	3
23.264	3
23.264	3
23.264	3
23.264	3
23.264	3
23.264	3
23.264	3
23.264	3
23.264	3
23.264	5
23.264	3
23.264	3
23.264	3
23.264	3
23.264	3
23.264	3
23.264	3
23.264	3
23.264	3
23.264	3
23.264	3
23.264	3
23.264	3
23.264	3
23.264	3
23.264	3
23.264	3
23.264	3
23.264	3
23.264	3
23.264	3
23.264	3
23.264	3
23.264	3
23.264	3
23.264	3
23.264	3
23.264	3
23.264	3
23.264	3
23.264	3
23.264	3
23.264	3
23.264	3
23.264	3
23.264	3
23.264	3
23.264	3
23.264	3
23.264	3
23.264	3
23.264	3
23.264	3
23.264	3
23.264	3
23.264	3
23.264	3
23.264	3
23.264	3
23.264	3
23.264	3
23.264	4
23.264	3
23.264	3
23.264	3
23.264	3
23.264	3
23.264	3
23.264	3
23.264	3
23.264	3
23.264	3
23.264	4
23.264	3
23.264	3
23.264	3
23.264	3
23.264	3
23.277	4
23.277	3
23.277	3
23.277	3
23.277	3
23.277	3
23.277	3
23.277	3
23.277	3
23.277	3
23.277	3
23.277	3
23.277	3
23.277	3
23.277	3
23.277	3
23.277	5
23.277	3
23.277	4
23.277	3
23.277	3
23.277	3
23.277	3
23.277	3
23.277	3
23.277	3
23.277	3
23.277	3
23.277	3
23.277	3
23.277	3
23.277	3
23.277	3
23.277	3
23.277	3
23.277	3
23.277	3
23.277	3
23.277	3
23.277	3
23.277	3
23.277	3
23.277	3
23.277	3
23.277	3
23.277	3
23.277	3
23.277	3
23.277	3
23.277	3
23.277	3
23.277	3
23.277	3
23.277	3
23.277	3
23.277	3
23.277	3
23.277	3
23.277	3
23.277	5
23.277	3
23.277	3
23.277	3
23.277	3
23.277	3
23.277	3
23.277	3
23.277	3
23.277	3
23.277	3
23.277	3
23.277	3
23.277	3
23.277	3
23.277	3
23.277	3
23.277	3
23.277	3
23.277	3
23.277	3
23.277	3
23.277	3
23.277	3
23.277	3
23.277	3
23.277	3
23.277	3
23.277	3
23.277	3
23.277	3
23.277	3
23.277	3
23.277	3
23.277	3
23.277	3
23.277	3
23.277	3
23.277	3
23.277	3
23.277	3
23.277	3
23.277	3
23.277	3
23.277	3
23.277	3
23.277	3
23.277	3
23.277	3
23.277	3
23.277	3
23.277	3
23.277	4
23.277	3
23.277	3
23.277	3
23.277	3
23.277	3
23.277	3
23.277	3
23.277	3
23.277	3
23.277	3
23.277	4
23.277	3
23.277	3
23.277	3
23.277	3
23.277	3
24.465	4
24.465	3
24.465	3
24.465	3
24.465	3
24.465	3
24.465	3
24.465	3
24.465	3
24.465	3
24.465	3
24.465	3
24.465	3
24.465	3
24.465	3
24.465	3
24.465	4
24.465	3
24.465	4
24.465	3
24.465	3
24.465	3
24.465	3
24.465	3
24.465	3
24.465	3
24.465	3
24.465	3
24.465	3
24.465	3
24.465	3
24.465	3
24.465	3
24.465	3
24.465	3
24.465	3
24.465	3
24.465	3
24.465	3
24.465	3
24.465	3
24.465	3
24.465	3
24.465	3
24.465	3
24.465	3
24.465	3
24.465	3
24.465	3
24.465	3
24.465	3
24.465	3
24.465	3
24.465	3
24.465	3
24.465	3
24.465	3
24.465	3
24.465	3
24.465	5
24.465	3
24.465	3
24.465	3
24.465	3
24.465	3
24.465	3
24.465	3
24.465	3
24.465	3
24.465	3
24.465	3
24.465	3
24.465	3
24.465	3
24.465	3
24.465	3
24.465	3
24.465	3
24.465	3
24.465	3
24.465	3
24.465	3
24.465	3
24.465	3
24.465	3
24.465	3
24.465	3
24.465	3
24.465	3
24.465	3
24.465	3
24.465	3
24.465	3
24.465	3
24.465	3
24.465	3
24.465	3
24.465	3
24.465	3
24.465	3
24.465	3
24.465	3
24.465	3
24.465	3
24.465	3
24.465	3
24.465	3
24.465	3
24.465	3
24.465	3
24.465	3
24.465	4
24.465	3
24.465	3
24.465	3
24.465	3
24.465	3
24.465	3
24.465	3
24.465	3
24.465	3
24.465	3
24.465	4
24.465	3
24.465	3
24.465	3
24.465	3
24.465	3
24.785	4
24.785	3
24.785	3
24.785	3
24.785	3
24.785	3
24.785	3
24.785	3
24.785	3
24.785	3
24.785	3
24.785	3
24.785	3
24.785	3
24.785	3
24.785	3
24.785	3
24.785	3
24.785	4
24.785	3
24.785	3
24.785	3
24.785	3
24.785	3
24.785	3
24.785	3
24.785	3
24.785	3
24.785	3
24.785	3
24.785	3
24.785	3
24.785	3
24.785	3
24.785	3
24.785	3
24.785	3
24.785	3
24.785	3
24.785	3
24.785	3
24.785	3
24.785	3
24.785	3
24.785	3
24.785	3
24.785	3
24.785	3
24.785	3
24.785	3
24.785	3
24.785	3
24.785	3
24.785	3
24.785	3
24.785	3
24.785	3
24.785	3
24.785	3
24.785	5
24.785	3
24.785	3
24.785	3
24.785	3
24.785	3
24.785	3
24.785	3
24.785	3
24.785	3
24.785	3
24.785	3
24.785	3
24.785	3
24.785	3
24.785	3
24.785	3
24.785	3
24.785	3
24.785	3
24.785	3
24.785	3
24.785	3
24.785	3
24.785	3
24.785	3
24.785	3
24.785	3
24.785	3
24.785	3
24.785	3
24.785	3
24.785	3
24.785	3
24.785	3
24.785	3
24.785	3
24.785	3
24.785	3
24.785	3
24.785	3
24.785	3
24.785	3
24.785	3
24.785	3
24.785	3
24.785	3
24.785	3
24.785	3
24.785	3
24.785	3
24.785	3
24.785	4
24.785	3
24.785	3
24.785	3
24.785	3
24.785	3
24.785	3
24.785	3
24.785	3
24.785	3
24.785	3
24.785	4
24.785	3
24.785	3
24.785	3
24.785	3
24.785	3
25.211	4
25.211	3
25.211	3
25.211	3
25.211	3
25.211	3
25.211	3
25.211	3
25.211	3
25.211	3
25.211	3
25.211	3
25.211	3
25.211	3
25.211	3
25.211	3
25.211	3
25.211	3
25.211	4
25.211	3
25.211	3
25.211	3
25.211	3
25.211	3
25.211	3
25.211	3
25.211	3
25.211	3
25.211	3
25.211	3
25.211	3
25.211	3
25.211	3
25.211	3
25.211	3
25.211	3
25.211	3
25.211	3
25.211	3
25.211	3
25.211	3
25.211	3
25.211	3
25.211	3
25.211	3
25.211	3
25.211	3
25.211	3
25.211	3
25.211	3
25.211	3
25.211	3
25.211	3
25.211	3
25.211	3
25.211	3
25.211	3
25.211	3
25.211	3
25.211	5
25.211	3
25.211	3
25.211	3
25.211	3
25.211	3
25.211	3
25.211	3
25.211	3
25.211	3
25.211	3
25.211	3
25.211	3
25.211	3
25.211	3
25.211	3
25.211	3
25.211	3
25.211	3
25.211	3
25.211	3
25.211	3
25.211	3
25.211	3
25.211	3
25.211	3
25.211	3
25.211	3
25.211	3
25.211	3
25.211	3
25.211	3
25.211	3
25.211	3
25.211	3
25.211	3
25.211	3
25.211	3
25.211	3
25.211	3
25.211	3
25.211	3
25.211	3
25.211	3
25.211	3
25.211	3
25.211	3
25.211	3
25.211	3
25.211	3
25.211	3
25.211	3
25.211	3
25.211	3
25.211	3
25.211	3
25.211	3
25.211	3
25.211	3
25.211	3
25.211	3
25.211	3
25.211	3
25.211	4
25.211	3
25.211	3
25.211	3
25.211	3
25.211	3
26.887	4
26.887	3
26.887	3
26.887	3
26.887	3
26.887	3
26.887	3
26.887	3
26.887	3
26.887	3
26.887	3
26.887	3
26.887	3
26.887	3
26.887	3
26.887	3
26.887	3
26.887	3
26.887	3
26.887	3
26.887	3
26.887	3
26.887	3
26.887	3
26.887	3
26.887	3
26.887	3
26.887	3
26.887	3
26.887	3
26.887	3
26.887	3
26.887	3
26.887	3
26.887	3
26.887	3
26.887	3
26.887	3
26.887	3
26.887	3
26.887	3
26.887	3
26.887	3
26.887	3
26.887	3
26.887	3
26.887	3
26.887	3
26.887	3
26.887	3
26.887	3
26.887	3
26.887	3
26.887	3
26.887	3
26.887	3
26.887	3
26.887	3
26.887	3
26.887	5
26.887	3
26.887	3
26.887	3
26.887	3
26.887	3
26.887	3
26.887	3
26.887	3
26.887	3
26.887	3
26.887	3
26.887	3
26.887	3
26.887	3
26.887	3
26.887	3
26.887	3
26.887	3
26.887	3
26.887	3
26.887	3
26.887	3
26.887	3
26.887	3
26.887	3
26.887	3
26.887	3
26.887	3
26.887	3
26.887	3
26.887	3
26.887	3
26.887	3
26.887	3
26.887	3
26.887	3
26.887	3
26.887	3
26.887	3
26.887	3
26.887	3
26.887	3
26.887	3
26.887	3
26.887	3
26.887	3
26.887	3
26.887	3
26.887	3
26.887	3
26.887	3
26.887	3
26.887	3
26.887	3
26.887	3
26.887	3
26.887	3
26.887	3
26.887	3
26.887	3
26.887	3
26.887	3
26.887	4
26.887	3
26.887	3
26.887	3
26.887	3
26.887	3
27.686	4
27.686	3
27.686	3
27.686	3
27.686	3
27.686	3
27.686	3
27.686	3
27.686	3
27.686	3
27.686	3
27.686	3
27.686	3
27.686	3
27.686	3
27.686	3
27.686	3
27.686	3
27.686	3
27.686	3
27.686	3
27.686	3
27.686	3
27.686	3
27.686	3
27.686	3
27.686	3
27.686	3
27.686	3
27.686	3
27.686	3
27.686	3
27.686	3
27.686	3
27.686	3
27.686	3
27.686	3
27.686	3
27.686	3
27.686	3
27.686	3
27.686	3
27.686	3
27.686	3
27.686	3
27.686	3
27.686	3
27.686	3
27.686	3
27.686	3
27.686	3
27.686	3
27.686	3
27.686	3
27.686	3
27.686	3
27.686	3
27.686	3
27.686	3
27.686	5
27.686	3
27.686	3
27.686	3
27.686	3
27.686	3
27.686	3
27.686	3
27.686	3
27.686	3
27.686	3
27.686	3
27.686	3
27.686	3
27.686	3
27.686	3
27.686	3
27.686	3
27.686	3
27.686	3
27.686	3
27.686	3
27.686	3
27.686	3
27.686	3
27.686	3
27.686	3
27.686	3
27.686	3
27.686	3
27.686	3
27.686	3
27.686	3
27.686	3
27.686	3
27.686	3
27.686	3
27.686	3
27.686	3
27.686	3
27.686	3
27.686	3
27.686	3
27.686	3
27.686	3
27.686	3
27.686	3
27.686	3
27.686	3
27.686	3
27.686	3
27.686	3
27.686	3
27.686	3
27.686	3
27.686	3
27.686	3
27.686	3
27.686	3
27.686	3
27.686	3
27.686	3
27.686	3
27.686	3
27.686	3
27.686	3
27.686	3
27.686	3
27.686	3
28.142	3
28.142	3
28.142	3
28.142	3
28.142	3
28.142	3
28.142	3
28.142	3
28.142	3
28.142	3
28.142	3
28.142	3
28.142	3
28.142	3
28.142	3
28.142	3
28.142	3
28.142	3
28.142	3
28.142	3
28.142	3
28.142	3
28.142	3
28.142	3
28.142	3
28.142	3
28.142	3
28.142	3
28.142	3
28.142	3
28.142	3
28.142	3
28.142	3
28.142	3
28.142	3
28.142	3
28.142	3
28.142	3
28.142	3
28.142	3
28.142	3
28.142	3
28.142	3
28.142	3
28.142	3
28.142	3
28.142	3
28.142	3
28.142	3
28.142	3
28.142	3
28.142	3
28.142	3
28.142	3
28.142	3
28.142	3
28.142	3
28.142	3
28.142	3
28.142	5
28.142	3
28.142	3
28.142	3
28.142	3
28.142	3
28.142	3
28.142	3
28.142	3
28.142	3
28.142	3
28.142	3
28.142	3
28.142	3
28.142	3
28.142	3
28.142	3
28.142	3
28.142	3
28.142	3
28.142	3
28.142	3
28.142	3
28.142	3
28.142	3
28.142	3
28.142	3
28.142	3
28.142	3
28.142	3
28.142	3
28.142	3
28.142	3
28.142	3
28.142	3
28.142	3
28.142	3
28.142	3
28.142	3
28.142	3
28.142	3
28.142	3
28.142	3
28.142	3
28.142	3
28.142	3
28.142	3
28.142	3
28.142	3
28.142	3
28.142	3
28.142	3
28.142	3
28.142	3
28.142	3
28.142	3
28.142	3
28.142	3
28.142	3
28.142	3
28.142	3
28.142	3
28.142	3
28.142	3
28.142	3
28.142	3
28.142	3
28.142	3
28.142	3
28.557	3
28.557	3
28.557	3
28.557	3
28.557	3
28.557	3
28.557	3
28.557	3
28.557	3
28.557	3
28.557	3
28.557	3
28.557	3
28.557	3
28.557	3
28.557	3
28.557	3
28.557	3
28.557	3
28.557	3
28.557	3
28.557	3
28.557	3
28.557	3
28.557	3
28.557	3
28.557	3
28.557	3
28.557	3
28.557	3
28.557	3
28.557	3
28.557	3
28.557	3
28.557	3
28.557	3
28.557	3
28.557	3
28.557	3
28.557	3
28.557	3
28.557	3
28.557	3
28.557	3
28.557	3
28.557	3
28.557	3
28.557	3
28.557	3
28.557	3
28.557	3
28.557	3
28.557	3
28.557	3
28.557	3
28.557	3
28.557	3
28.557	3
28.557	3
28.557	4
28.557	3
28.557	3
28.557	3
28.557	3
28.557	3
28.557	3
28.557	3
28.557	3
28.557	3
28.557	3
28.557	3
28.557	3
28.557	3
28.557	3
28.557	3
28.557	3
28.557	3
28.557	3
28.557	3
28.557	3
28.557	3
28.557	3
28.557	3
28.557	3
28.557	3
28.557	3
28.557	3
28.557	3
28.557	3
28.557	3
28.557	3
28.557	3
28.557	3
28.557	3
28.557	3
28.557	3
28.557	3
28.557	3
28.557	3
28.557	3
28.557	3
28.557	3
28.557	3
28.557	3
28.557	3
28.557	3
28.557	3
28.557	3
28.557	3
28.557	3
28.557	3
28.557	3
28.557	3
28.557	3
28.557	3
28.557	3
28.557	3
28.557	3
28.557	3
28.557	3
28.557	3
28.557	3
28.557	3
28.557	3
28.557	3
28.557	3
28.557	3
28.557	3
29.026	3
29.026	3
29.026	3
29.026	3
29.026	3
29.026	3
29.026	3
29.026	3
29.026	3
29.026	3
29.026	3
29.026	3
29.026	3
29.026	3
29.026	3
29.026	3
29.026	3
29.026	3
29.026	3
29.026	3
29.026	3
29.026	3
29.026	3
29.026	3
29.026	3
29.026	3
29.026	3
29.026	3
29.026	3
29.026	3
29.026	3
29.026	3
29.026	3
29.026	3
29.026	3
29.026	3
29.026	3
29.026	3
29.026	3
29.026	3
29.026	3
29.026	3
29.026	3
29.026	3
29.026	3
29.026	3
29.026	3
29.026	3
29.026	3
29.026	3
29.026	3
29.026	3
29.026	3
29.026	3
29.026	3
29.026	3
29.026	3
29.026	3
29.026	3
29.026	3
29.026	3
29.026	3
29.026	3
29.026	3
29.026	3
29.026	3
29.026	3
29.026	3
29.026	3
29.026	3
29.026	3
29.026	3
29.026	3
29.026	3
29.026	3
29.026	3
29.026	3
29.026	3
29.026	3
29.026	3
29.026	3
29.026	3
29.026	3
29.026	3
29.026	3
29.026	3
29.026	3
29.026	3
29.026	3
29.026	3
29.026	3
29.026	3
29.026	3
29.026	3
29.026	3
29.026	3
29.026	3
29.026	3
29.026	3
29.026	3
29.026	3
29.026	3
29.026	3
29.026	3
29.026	3
29.026	3
29.026	3
29.026	3
29.026	3
29.026	3
29.026	3
29.026	3
29.026	3
29.026	3
29.026	3
29.026	3
29.026	3
29.026	3
29.026	3
29.026	3
29.026	3
29.026	3
29.026	3
29.026	3
29.026	3
29.026	3
29.026	3
29.026	3
