0.001	1
0.002	1
0.003	1
0.004	1
0.005	1
0.006	1
0.007	1
0.008	1
0.009	1
0.01	1
0.011	1
0.012	1
0.013	1
0.014	1
0.015	1
0.016	1
0.017	1
0.018	1
0.019	1.0048780487804878
0.02	1.0186915887850467
0.021	1
0.022	1.0098039215686274
0.023	1
0.024	1
0.025	1
0.026	1
0.027	1.004739336492891
0.028	1.0108108108108107
0.029	1
0.03	1.0055248618784531
0.031	1.0122699386503067
0.032	1
0.033	1.0193548387096774
0.034	1
0.035	1.006578947368421
0.036	1.0192307692307692
0.037	1.0129032258064516
0.038	1.0215827338129497
0.039	1.0208333333333333
0.04	1
0.041	1
0.042	1
0.043	1.0284090909090908
0.044	1.005952380952381
0.045	1
0.046	1
0.047	1.0182926829268293
0.048	1.0066666666666666
0.049	1.0238095238095237
0.05	1.010989010989011
0.051	1
0.052	1.0157894736842106
0.053	1
0.054	1.0115606936416186
0.055	1.005586592178771
0.056	1.0363636363636364
0.057	1.0125
0.058	1.0432098765432098
0.059	1.0194805194805194
0.06	1.0324675324675325
0.061	1.0218978102189782
0.062	1.019736842105263
0.063	1.0130718954248366
0.064	1.0174418604651163
0.065	1.0621468926553672
0.066	1.013793103448276
0.067	1.035928143712575
0.068	1.0392156862745099
0.069	1.037037037037037
0.07	1.1
0.071	1.096551724137931
0.072	1.048780487804878
0.073	1.0807453416149069
0.074	1.0350877192982457
0.075	1.0188679245283019
0.076	1.0584415584415585
0.077	1.0291970802919708
0.078	1.06
0.079	1.0616438356164384
0.08	1.0935251798561152
0.081	1.078125
0.082	1.0687022900763359
0.083	1.0735294117647058
0.084	1.0427350427350428
0.085	1.1056910569105691
0.086	1.1076923076923078
0.087	1.087248322147651
0.088	1.1481481481481481
0.089	1.107843137254902
0.09	1.0769230769230769
0.091	1.1226415094339623
0.092	1.1578947368421053
0.093	1.1217391304347826
0.094	1.1290322580645162
0.095	1.139344262295082
0.096	1.1229508196721312
0.097	1.1090909090909091
0.098	1.096774193548387
0.099	1.0740740740740742
0.1	1.1417797888386123
0.11	1.1844532279314888
0.12	1.2175925925925926
0.13	1.1843317972350231
0.14	1.1949860724233983
0.15	1.2034883720930232
0.16	1.3106960950764006
0.17	1.3804809052333804
0.18	1.3719512195121952
0.19	1.3058252427184467
0.2	1.194831013916501
0.21	1.1422222222222222
0.22	1.16
0.23	1.1756487025948104
0.24	1.2133995037220844
0.25	1.2484848484848485
0.26	1.2395833333333333
0.27	1.2727272727272727
0.28	1.1945137157107233
0.29	1.2170731707317073
0.3	1.2572815533980584
0.31	1.2811735941320292
0.32	1.2669584245076586
0.33	1.2526539278131634
0.34	1.314516129032258
0.35	1.307875894988067
0.36	1.339667458432304
0.37	1.3292978208232447
0.38	1.3385093167701863
0.39	1.3171875
0.4	1.3510204081632653
0.41	1.3785529715762275
0.42	1.401883830455259
0.43	1.4014925373134328
0.44	1.3890909090909092
0.45	1.4006568144499179
0.46	1.4315424610051992
0.47	1.5013297872340425
0.48	1.5388059701492538
0.49	1.5216783216783216
0.5	1.5955678670360112
0.51	1.5511363636363635
0.52	1.6179310344827587
0.53	1.6671469740634006
0.54	1.6656050955414012
0.55	1.664835164835165
0.56	1.6939546599496222
0.57	1.7774798927613942
0.58	1.7709580838323353
0.59	1.8066465256797584
0.6	1.8762057877813505
0.61	1.8661971830985915
0.62	1.8336134453781512
0.63	1.8513986013986015
0.64	1.8653846153846154
0.65	1.9293394777265744
0.66	1.926040061633282
0.67	1.9612676056338028
0.68	1.984974958263773
0.69	1.9683453237410071
0.7	1.8594436310395315
0.71	1.902377972465582
0.72	1.883248730964467
0.73	1.8480565371024735
0.74	1.91625
0.75	2.120956399437412
0.76	1.9652061855670102
0.77	1.9691629955947136
0.78	2.1223203026481716
0.79	2.1548463356973997
0.8	2.0881971465629054
0.81	2.103671706263499
0.82	2.194297782470961
0.83	2.2315668202764978
0.84	2.1629542790152403
0.85	2.2702078521939955
0.86	2.388888888888889
0.87	2.3926940639269407
0.88	2.482853223593964
0.89	2.555886736214605
0.9	2.514367816091954
0.91	2.430939226519337
0.92	2.4766355140186915
0.93	2.5347313237221494
0.94	2.5241830065359476
0.95	2.514032496307238
0.96	2.5765895953757227
0.97	2.662957074721781
0.98	2.705592105263158
0.99	2.624125874125874
1.0	2.663127413127413
1.1	2.676423936553713
1.2	2.951277683134583
1.3	3.020342783917988
1.4	3.260773885934348
1.5	3.292322365283739
1.6	3.2640018591680224
1.7	3.2544897065265004
1.8	3.3520958083832335
1.9	3.4601941747572815
2.0	3.342956852791878
2.1	3.355185384202042
2.2	3.4050789718179004
2.3	3.2831077104178927
2.4	3.2475766308619334
2.5	3.1962732919254657
2.6	3.1686247408431236
2.7	3.0970654627539504
2.8	3.1403508771929824
2.9	3.0637898686679175
3.0	3.05578231292517
3.1	3.0326936744847193
3.2	2.977064220183486
3.3	2.986822840409956
3.4	3.051965356429047
3.5	2.977198697068404
3.6	3.021276595744681
3.7	2.964788732394366
3.8	2.969477911646586
3.9	2.954152249134948
4.0	2.9660818713450294
4.1	2.9520408163265306
4.2	2.9398572884811416
4.3	2.9794238683127574
4.4	2.978523489932886
4.5	2.9467275494672753
4.6	2.9671532846715327
4.7	3.006644518272425
4.8	2.9706422018348624
4.9	2.9227166276346606
5.0	2.9614643545279384
5.1	2.9671457905544147
5.2	2.9348837209302325
5.3	2.975143403441683
5.4	2.952813067150635
5.5	2.978048780487805
5.6	2.9648562300319488
5.7	2.967391304347826
5.8	2.936662606577345
5.9	3.030349013657056
6.0	3.002688172043011
6.1	2.990566037735849
6.2	3.0043196544276456
6.3	3.0142857142857142
6.4	3.016949152542373
6.5	3.0625
6.6	2.9851851851851854
6.7	3.0689655172413794
6.8	2.973684210526316
6.9	2.9773371104815864
7.0	3.0023201856148494
7.1	2.9746835443037973
7.2	2.9800285306704706
7.3	2.9952153110047846
7.4	2.9901960784313726
7.5	3
7.6	2.954887218045113
7.7	2.9904306220095696
7.8	2.9581589958158996
7.9	2.964
8.0	2.972151898734177
8.1	2.9888475836431225
8.2	3
8.3	3.008
8.4	2.987577639751553
8.5	2.9918032786885247
8.6	2.975
8.7	3
8.8	3.1
9.0	2.984251968503937
9.1	2.970873786407767
9.2	2.996124031007752
9.3	2.9794520547945207
9.4	3.006802721088435
9.5	2.984375
9.6	3
9.8	3
9.9	2.992
10.0	2.9927710843373494
11.0	3
12.0	3.0052083333333335
15.0	3
80.0	2.8020833333333335
100.0	2.921543525969276
110.0	2.985726643598616
120.0	3.001736111111111
