0.001	1
0.002	1
0.003	1
0.004	1
0.005	1
0.006	1
0.007	1
0.008	1
0.009	1
0.01	1.0006983240223464
0.02	1.0052505966587113
0.03	1.0031631269769543
0.04	1.0195360195360195
0.05	1.0220820189274449
0.06	1.029398462234283
0.07	1.034832451499118
0.08	1.0413492927094667
0.09	1.049485546300833
0.1	1.0953766233766233
0.2	1.269042316258352
0.3	1.4746083663281115
0.4	1.3499038725624828
0.5	1.365459610027855
0.6	1.3690147906743544
0.7	1.401520232506148
0.8	1.4846153846153847
0.9	1.5554260985352863
1.0	1.9388365290867728
2.0	2.538044058236146
3.0	2.965955299934413
4.0	2.6952286317582552
5.0	2.6151412776412775
6.0	2.5878024557602024
7.0	2.6457096047511777
8.0	2.729160427273635
9.0	2.798150473798379
10.0	2.8890718254784935
20.0	2.9763922518159807
30.0	2.998046875
